system:index,B,BLUE,Cu,EC,Fe,GREEN,K,Mn,N,NIR,OC,P,RED,S,SWIR1,SWIR2,TWI,Zn,aspect,clay05,clay515,date,district,elevation,end_date,pH,precipitation,sand05,sand515,silt05,silt515,slope,start_date,temp,village,.geo
0_0,0.59,0.077517144,1.23,0.78,18.3,0.100572854,20,18.29,185,0.24982715,0.56,12.4,0.12497571,18,0.32335,0.25611144,-0.432061037403837,1.78,47.662544,210,225,"4/5/24, 12:00 AM",DUMKA,177,2024-12-31,5.15,3.5624192,430,415,360,360,5.4916387,2024-01-01,30.215470588235288,Hirodih,"{""geodesic"":false,""type"":""Point"",""coordinates"":[87.50394859503427,24.338729729113286]}"
1_0,0.63,0.064555265,2.13,0.61,35.3,0.08642105,42.6,6.42,229,0.27165788,0.66,18.2,0.0942421,12,0.26644212,0.17505527,2.054614918275167,0.98,-0.0,211,214,"4/1/24, 12:00 AM",DUMKA,120,2024-12-31,5.28,3.447776,419,428,370,358,0.0,2024-01-01,30.29800000000001,Belaikandar,"{""geodesic"":false,""type"":""Point"",""coordinates"":[87.49128234952819,24.299383519668854]}"
2_0,0.6,0.060680557,4,0.8,69.8,0.079955555,152,28.1,165,0.2506861,0.95,13.56,0.07685,10,0.21393056,0.1493,-1.8173372011693067,1.64,227.64337,241,249,"3/25/24, 12:00 AM",DUMKA,71,2024-12-31,5.05,3.583333,393,395,366,356,2.7511315,2024-01-01,30.39018181818182,Jhunki,"{""geodesic"":false,""type"":""Point"",""coordinates"":[87.62387368546423,24.253299945593522]}"
3_0,0.74,0.066530555,1.98,0.82,46.55,0.09096389,159,16.2,189,0.3323389,0.38,19.24,0.076075,14,0.2396111,0.14644444,-2.3622338970976893,0.67,167.62733,242,249,"3/18/24, 12:00 AM",DUMKA,68,2024-12-31,5.02,3.583333,393,395,366,355,4.7369003,2024-01-01,30.398411764705884,Jhunki,"{""geodesic"":false,""type"":""Point"",""coordinates"":[87.62764660965753,24.254916913104935]}"
4_0,0.65,0.07582932,4.58,0.49,67.45,0.10917744,118.49,3.32,208,0.2877466,0.35,21.24,0.13799098,21.47,0.30845714,0.23134586,-1.1260709931696538,0.39,132.32155,232,246,"6/25/24, 12:00 AM",DUMKA,245,2024-12-31,6.11,3.4005349,391,380,378,374,1.3772839,2024-01-01,30.236444444444444,Baghmari,"{""geodesic"":false,""type"":""Point"",""coordinates"":[86.97924263758006,24.409067815859846]}"
5_0,0.41,0.07352857,4.88,0.95,8.012,0.10346286,114.51,14.5,371,0.26728,0.59,10.32,0.11606571,14.65,0.2925057,0.23063429,-0.43376621411399185,0.99,47.694233,228,240,"6/24/24, 12:00 AM",DUMKA,228,2024-12-31,5.52,3.2468905,390,382,381,378,2.7538095,2024-01-01,30.278500000000008,Gadi Kamardiha,"{""geodesic"":false,""type"":""Point"",""coordinates"":[86.94286086857322,24.478866913435933]}"
6_0,1.08,0.057947222,2.12,0.53,45.23,0.08021667,119.57,20.34,263,0.2502722,0.52,18.76,0.07636944,13.46,0.20950277,0.12975833,-0.12950210482830196,0.81,270.0,207,212,"7/20/24, 12:00 AM",DUMKA,133,2024-12-31,5.63,3.603517,389,394,404,393,1.017667,2024-01-01,30.253729729729734,Bandarpani,"{""geodesic"":false,""type"":""Point"",""coordinates"":[87.43064606785012,24.315283700197767]}"
7_0,0.75,0.09284,5.23,0.27,103.18,0.12588857,113.29,31.4,265,0.2511514,0.56,6.34,0.15606,7.47,0.30833715,0.25216,2.053287495006944,0.54,-0.0,229,238,"6/24/24, 12:00 AM",DUMKA,240,2024-12-31,5.63,3.2468905,390,384,380,377,0.0,2024-01-01,30.288514285714285,Sankarpur,"{""geodesic"":false,""type"":""Point"",""coordinates"":[86.93989642813563,24.469704097537914]}"
8_0,0.94,0.087349296,5.38,0.54,31.8,0.10352817,13.25,24.76,149,0.2900345,0.77,15,0.097333804,17,0.2105852,0.13824508,-1.8185355511272472,0.264,47.665733,229,242,"3/29/24, 12:00 AM",DUMKA,142,2024-12-31,5.15,3.6050391,374,369,397,389,2.752308,2024-01-01,30.21274285714286,Murli Chak,"{""geodesic"":false,""type"":""Point"",""coordinates"":[87.18136357650695,24.352743447545553]}"
9_0,0.34,0.07956986,2.56,0.43,35.33,0.09310137,129.12,7.42,246,0.24240547,0.38,9.62,0.09176301,7.47,0.21467534,0.15468767,-1.4224308692633063,0.85,180.0,186,205,"7/19/24, 12:00 AM",DUMKA,158,2024-12-31,5.73,3.405328,385,386,428,409,1.8543341,2024-01-01,30.214235294117643,Kurumpahari,"{""geodesic"":false,""type"":""Point"",""coordinates"":[87.34440780057464,24.253569440178758]}"
10_0,0.36,0.064172976,2.45,0.78,38.34,0.09462162,115.31,22.32,376,0.25866216,0.83,15.08,0.117254056,9.47,0.27846485,0.21100271,-0.7315664345343054,0.8,180.0,228,238,"5/29/24, 12:00 AM",DUMKA,232,2024-12-31,5.83,3.330229,383,379,389,383,0.92740995,2024-01-01,30.251199999999997,Raksa,"{""geodesic"":false,""type"":""Point"",""coordinates"":[86.94043541730609,24.546510054330135]}"
11_0,0.56,0.10744,4.21,0.76,57.53,0.13133857,118.47,19.63,227,0.2846468,0.65,13.06,0.16652837,22.78,0.31179646,0.23096879,2.8637344581041466,0.85,227.66248,228,248,"5/16/24, 12:00 AM",DUMKA,162,2024-12-31,5.59,3.5169094,379,372,394,379,1.3768625,2024-01-01,30.246941176470592,Tapsi,"{""geodesic"":false,""type"":""Point"",""coordinates"":[87.14498180750012,24.338460234528053]}"
12_0,1.35,0.09568489,3.48,0.8,93.26,0.12789497,99.68,8.05,225,0.3001151,0.55,8.26,0.14539137,21.47,0.32446545,0.23805468,0.33205110719626685,0.85,294.45157,238,249,"5/29/24, 12:00 AM",DUMKA,207,2024-12-31,4.81,3.184141,387,382,374,369,2.2395868,2024-01-01,30.293777777777784,Saraiya,"{""geodesic"":false,""type"":""Point"",""coordinates"":[87.01616339575737,24.575884964120842]}"
13_0,0.71,0.125537,5.5,0.59,49.27,0.14682192,142,9.8,218,0.3343315,0.34,16,0.1567726,15,0.3325055,0.24213699,-1.4388901202674815,1.71,349.6404,178,193,"5/7/24, 12:00 AM",DUMKA,159,2024-12-31,5.32,3.405328,400,400,422,406,5.638889,2024-01-01,30.212294117647055,Dhabna,"{""geodesic"":false,""type"":""Point"",""coordinates"":[87.34279083306323,24.256264386031116]}"
14_0,0.82,0.06275,2.15,0.46,35.81,0.09143611,98.63,17.12,281,0.23995556,0.75,9.28,0.09453055,18.48,0.22920278,0.15624444,1.4782076876184962,1.08,90.0,218,228,"6/15/24, 12:00 AM",DUMKA,250,2024-12-31,5.46,3.3341472,413,405,369,367,4.067799,2024-01-01,30.22308571428571,Raja Semaria,"{""geodesic"":false,""type"":""Point"",""coordinates"":[86.92076231258388,24.425506985559235]}"
15_0,0.81,0.053561863,3.65,0.89,64.89,0.07173051,128.12,35.2,385,0.23290677,0.51,19.15,0.06597712,12.49,0.20210339,0.1300678,4.225723615599451,2.91,47.678707,222,240,"6/10/24, 12:00 AM",DUMKA,231,2024-12-31,5.02,3.4005349,393,379,385,382,2.7529912,2024-01-01,30.234400000000004,Barmasa,"{""geodesic"":false,""type"":""Point"",""coordinates"":[86.96927133792633,24.41014579420079]}"
16_0,0.48,0.053561863,6.11,0.51,58.62,0.07173051,107.89,26.3,368,0.23290677,0.43,17.41,0.06597712,11.57,0.20210339,0.1300678,4.225723615599451,1.08,47.678707,222,240,"6/8/24, 12:00 AM",DUMKA,231,2024-12-31,5.77,3.4005349,393,379,385,382,2.7529912,2024-01-01,30.234400000000004,Bhalki,"{""geodesic"":false,""type"":""Point"",""coordinates"":[86.96927133792633,24.41014579420079]}"
17_0,0.75,0.05040254,3.25,0.39,96.34,0.07012288,113.29,14.2,245,0.24121949,0.53,11.28,0.059537288,16.67,0.1971034,0.122564405,5.22081278856965,0.54,270.0,222,240,"6/8/24, 12:00 AM",DUMKA,231,2024-12-31,5.17,3.4005349,393,379,385,382,1.0184313,2024-01-01,30.234400000000004,Bhalki,"{""geodesic"":false,""type"":""Point"",""coordinates"":[86.96954083251157,24.41014579420079]}"
18_0,0.52,0.062384374,3.56,0.44,40.42,0.095075,119,11.73,235,0.30892187,0.71,9.31,0.10021875,13.46,0.2918594,0.1926875,2.003318599552026,1.18,286.88348,215,231,"5/25/24, 12:00 AM",DUMKA,248,2024-12-31,5.83,3.3341472,414,402,371,368,3.1902475,2024-01-01,30.28741176470588,Amba,"{""geodesic"":false,""type"":""Point"",""coordinates"":[86.9345065364309,24.422003555951168]}"
19_0,0.78,0.12554246,6.03,0.43,29.67,0.1442178,150.06,10.85,258,0.28192192,0.48,8.15,0.1513726,8.96,0.33120137,0.2491589,-2.652527617090302,0.53,208.74077,185,202,"7/5/24, 12:00 AM",DUMKA,159,2024-12-31,5.08,3.405328,377,376,439,422,6.3210797,2024-01-01,30.212294117647055,Sagarbhanga,"{""geodesic"":false,""type"":""Point"",""coordinates"":[87.34279083306323,24.2546474185197]}"
20_0,0.81,0.074607246,4.02,0.53,47.55,0.118218705,100.11,17.26,334,0.27458203,0.37,12.23,0.13027914,16.45,0.31463885,0.22751726,5.256240450560178,0.7,245.50851,229,243,"5/22/24, 12:00 AM",DUMKA,145,2024-12-31,4.52,3.5413055,375,370,396,386,2.2361643,2024-01-01,30.26494736842105,Karanpura,"{""geodesic"":false,""type"":""Point"",""coordinates"":[87.36192494861497,24.34304164247706]}"
21_0,0.47,0.074607246,6.47,0.65,18.31,0.118218705,149.36,17.25,398,0.27458203,0.59,23.01,0.13027914,12.66,0.31463885,0.22751726,5.256240450560178,0.76,245.50851,229,243,"5/22/24, 12:00 AM",DUMKA,145,2024-12-31,6.05,3.5413055,375,370,396,386,2.2361643,2024-01-01,30.26494736842105,Karanpura,"{""geodesic"":false,""type"":""Point"",""coordinates"":[87.36192494861497,24.34304164247706]}"
22_0,0.53,0.083775185,6.42,0.27,28.36,0.1298087,118.47,25.33,266,0.2865145,0.81,11.49,0.13820942,13.87,0.30562463,0.21574855,1.6850305064741813,0.45,114.488075,216,231,"5/17/24, 12:00 AM",DUMKA,170,2024-12-31,4.85,3.58974,390,381,394,388,2.2364566,2024-01-01,30.226555555555553,Thanpur,"{""geodesic"":false,""type"":""Point"",""coordinates"":[87.11398993019799,24.362984241784513]}"
23_0,0.36,0.08580286,1.4,0.24,51.27,0.11462285,48.63,9.32,184,0.25594285,0.72,18.59,0.13091429,14,0.2848857,0.20983428,1.6606474555557462,1.45,90.0,217,232,"4/30/24, 12:00 AM",DUMKA,257,2024-12-31,4.67,3.3341472,421,410,362,358,1.0184873,2024-01-01,30.27477777777777,Karma,"{""geodesic"":false,""type"":""Point"",""coordinates"":[86.91429444253822,24.41715265341692]}"
24_0,0.54,0.07541387,2.15,0.46,35.81,0.11837536,98.63,17.12,281,0.28988117,0.75,9.28,0.12551667,14.65,0.2970413,0.20746087,0.5628936258904266,0.35,90.0,216,231,"5/19/24, 12:00 AM",DUMKA,175,2024-12-31,5.46,3.58974,390,381,394,388,4.065794,2024-01-01,30.226555555555553,Bagjhopa,"{""geodesic"":false,""type"":""Point"",""coordinates"":[87.11210346810134,24.362984241784513]}"
25_0,0.73,0.09536857,1.33,0.42,25.6,0.11391429,205.184,30.16,279.1,0.22588429,0.45,13.02,0.13962142,10.42,0.26232,0.21847858,2.0528759710885254,1.25,-0.0,223,246,"5/8/24, 12:00 AM",DUMKA,198,2024-12-31,5.21,3.4890735,391,382,386,372,0.0,2024-01-01,30.248666666666665,Bandarjora,"{""geodesic"":false,""type"":""Point"",""coordinates"":[87.13986141038063,24.522794530829376]}"
26_0,0.45,0.07403383,0.96,0.45,28.12,0.103539705,205.26,26.35,279.12,0.28343087,0.45,14.75,0.13524118,13.05,0.35496765,0.26609707,0.2358255231511872,0.45,208.78087,228,247,"5/10/24, 12:00 AM",DUMKA,184,2024-12-31,5.35,3.5832176,371,362,401,391,2.115468,2024-01-01,30.25344444444444,Purnia,"{""geodesic"":false,""type"":""Point"",""coordinates"":[87.1034796413738,24.46485319500367]}"
27_0,0.42,0.057510447,0.78,0.54,26.54,0.08031791,172.42,24.12,260.14,0.2614164,0.41,10.98,0.07970597,12.42,0.26049253,0.16853732,-1.303716046965858,0.75,235.67606,243,262,"5/10/24, 12:00 AM",DUMKA,167,2024-12-31,4.88,3.626652,358,353,399,385,4.922443,2024-01-01,30.226399999999998,Purnia,"{""geodesic"":false,""type"":""Point"",""coordinates"":[87.11857133814699,24.445449584866687]}"
28_0,0.65,0.05475942,2.03,0.41,28.4,0.075573914,182.784,26.58,272.83,0.28573042,0.47,11.74,0.065831885,12.42,0.2045826,0.12101884,-2.2260616466829175,0.94,132.29594,223,246,"5/8/24, 12:00 AM",DUMKA,197,2024-12-31,5.24,3.4890735,391,382,386,372,4.1275225,2024-01-01,30.248666666666665,Bandarjora,"{""geodesic"":false,""type"":""Point"",""coordinates"":[87.14013090496586,24.522255541658907]}"
29_0,0.55,0.06853283,0.89,0.46,30.22,0.096537314,205.408,25.21,179.63,0.26252836,0.42,17.42,0.1286582,13.02,0.31781492,0.24056567,-1.5562233178799636,1.27,151.21326,225,243,"5/8/24, 12:00 AM",DUMKA,197,2024-12-31,4.95,3.6808677,378,371,397,385,2.115587,2024-01-01,30.278399999999998,Dhobni,"{""geodesic"":false,""type"":""Point"",""coordinates"":[87.30101917235167,24.495306083135322]}"
30_0,0.19,0.09468493,1.22,0.43,32.5,0.11169041,159.66,20.26,294.18,0.2552411,0.41,12.12,0.11541781,13.22,0.25942466,0.17648493,-2.079125106931059,0.36,58.731815,237,243,"5/7/24, 12:00 AM",DUMKA,102,2024-12-31,4.8,3.5241098,411,417,352,341,7.110942,2024-01-01,30.305542857142864,Bhagabandh,"{""geodesic"":false,""type"":""Point"",""coordinates"":[87.54006086945587,24.373494530608713]}"
31_0,0.57,0.07407879,6.59,0.37,47.85,0.09252576,128.12,15.66,274,0.27535304,0.68,10.59,0.088807575,12.49,0.25559393,0.1707591,-1.5394377167408442,0.47,257.15503,201,224,"7/23/24, 12:00 AM",DUMKA,250,2024-12-31,5.46,3.6687794,413,396,386,380,4.1646376,2024-01-01,30.29461111111111,Khutojori,"{""geodesic"":false,""type"":""Point"",""coordinates"":[86.98193758343241,24.205599404006776]}"
32_0,0.41,0.10747647,5.09,0.59,50.56,0.12857647,165.01,16.9674,368,0.26381764,0.42,17.23,0.15374412,11.57,0.30114853,0.24171911,-1.1236846645493077,0.47,227.63385,195,212,"7/18/24, 12:00 AM",DUMKA,258,2024-12-31,5.81,3.6687794,435,422,370,366,2.7506309,2024-01-01,30.310666666666677,Dhawadangal,"{""geodesic"":false,""type"":""Point"",""coordinates"":[86.97600870255722,24.210719801126256]}"
33_0,0.52,0.1073403,4.88,0.56,36.95012,0.13180597,114.51,14.5,371,0.2864955,0.37,10.32,0.1625373,14.48,0.33839852,0.24619702,-0.43049717290295036,1.35,227.63304,203,226,"7/22/24, 12:00 AM",DUMKA,247,2024-12-31,5.79,3.6687794,420,402,377,372,1.3760871,2024-01-01,30.280722222222224,Dhawadangal,"{""geodesic"":false,""type"":""Point"",""coordinates"":[86.98059011050624,24.20721637151819]}"
34_0,0.65,0.06313485,5.65,0.93,51.56999999999999,0.08815606,96.87,15.48,212,0.28039697,0.48,11.36,0.08690455,9.34,0.25418788,0.16857879,2.0553387023552294,2.91,-0.0,201,224,"7/23/24, 12:00 AM",DUMKA,251,2024-12-31,5.51,3.6687794,413,396,386,380,0.0,2024-01-01,30.29461111111111,Khutojori,"{""geodesic"":false,""type"":""Point"",""coordinates"":[86.98220707801765,24.205599404006776]}"
35_0,0.29,0.050811943,3.82,0.89,65,0.07224328,235,16.39,189,0.28588507,0.63,16.3,0.06771045,10,0.21985821,0.13547762,2.05306059810199,1.06,-0.0,213,231,"3/30/24, 12:00 AM",DUMKA,209,2024-12-31,5.14,3.6432247,364,357,423,412,0.0,2024-01-01,30.28229411764705,Jawari,"{""geodesic"":false,""type"":""Point"",""coordinates"":[87.27595617592473,24.49907900732862]}"
36_0,0.25,0.07514861,1.52,0.67,31.5,0.10326806,30.02,10.7,185,0.28885415,0.65,16.8,0.11068889,16,0.29139444,0.19740556,0.27568246944631114,1.05,270.0,196,197,"4/5/24, 12:00 AM",DUMKA,133,2024-12-31,5.07,3.603517,400,405,403,398,1.0178031,2024-01-01,30.21935135135135,Kalhajhor,"{""geodesic"":false,""type"":""Point"",""coordinates"":[87.4387309054072,24.33226185906763]}"
37_0,0.42,0.06935,9.14,0.25,45.66,0.09237348,128.12,27.68,225,0.24833712,0.59,8.26,0.10467197,22.78,0.23702425,0.18278258,-0.7206120404295454,1.75,132.32149,228,243,"6/26/24, 12:00 AM",DUMKA,246,2024-12-31,5.79,3.4005349,388,377,384,380,2.7529814,2024-01-01,30.236444444444444,Narainpur,"{""geodesic"":false,""type"":""Point"",""coordinates"":[86.97816465923911,24.409337310445082]}"
38_0,0.65,0.06843056,2.44,0.45,40.66,0.10126667,126.33,0.218,276,0.2599778,0.81,8.38,0.135875,12.49,0.3234639,0.2484111,-1.612343449642385,1.53,294.46976,231,243,"6/26/24, 12:00 AM",DUMKA,230,2024-12-31,5.14,3.3529615,391,380,379,377,2.2380252,2024-01-01,30.283777777777775,Dhandih,"{""geodesic"":false,""type"":""Point"",""coordinates"":[86.95202368447124,24.46997359212315]}"
39_0,0.95,0.06566111,0.4,0.7,24.04,0.08523889,37.5,6.698,172,0.28424445,0.74,15.62,0.074827775,25,0.21677223,0.13564445,-1.6091600697611588,1.22,245.49228,240,244,"4/7/24, 12:00 AM",DUMKA,68,2024-12-31,5.12,3.8513324,379,382,381,374,2.234776,2024-01-01,30.4110303030303,Jhunki,"{""geodesic"":false,""type"":""Point"",""coordinates"":[87.62953307175418,24.247910053888805]}"
40_0,0.5,0.05052857,2.15,0.46,35.81,0.07566571,98.63,17.12,281,0.24566571,0.75,9.28,0.08385429,22.78,0.23771429,0.17096858,-2.4968414127459058,0.19,290.00427,231,245,"6/21/24, 12:00 AM",DUMKA,243,2024-12-31,5.46,3.2468905,389,379,380,376,5.4063935,2024-01-01,30.278500000000008,Gadi Kamardiha,"{""geodesic"":false,""type"":""Point"",""coordinates"":[86.94420834149939,24.47590247299834]}"
41_0,0.45,0.07997071,5.89,0.87,38.26,0.09450429,101.2,13.2,354,0.29617873,0.61,12.39,0.10736099,7.48,0.2697929,0.17132127,-1.3289035238110578,0.34,203.70235,231,251,"5/17/24, 12:00 AM",DUMKA,165,2024-12-31,5.51,3.5169094,384,379,385,370,5.0515504,2024-01-01,30.2252,Babukedaili,"{""geodesic"":false,""type"":""Point"",""coordinates"":[87.14282585081823,24.338999223698522]}"
42_0,0.26,0.08716757,2.15,0.96,35.81,0.10350946,98.63,17.12,281,0.25798514,0.67,9.28,0.10762568,7.48,0.25965,0.18040541,-1.8907682155415602,0.48,339.91507,184,194,"7/13/24, 12:00 AM",DUMKA,161,2024-12-31,5.13,3.5459766,420,423,395,383,2.9600112,2024-01-01,30.222833333333337,Dhabna,"{""geodesic"":false,""type"":""Point"",""coordinates"":[87.35896050817738,24.270008609878143]}"
43_0,0.49,0.08510743,2.35,0.59,38.45,0.1127777,122.34,13.36,254,0.2699243,0.47,8.21,0.11935338,13.87,0.27878514,0.20205203,-1.1280208006214292,0.49,312.2852,242,254,"5/29/24, 12:00 AM",DUMKA,197,2024-12-31,4.95,3.184141,373,366,385,380,1.3782438,2024-01-01,30.290222222222226,Kordiha,"{""geodesic"":false,""type"":""Point"",""coordinates"":[87.0261346954111,24.56941709407518]}"
44_0,0.19,0.07169722,2.12,0.53,45.23,0.10138611,119.57,20.34,263,0.25331944,0.52,18.72,0.120288886,15.47,0.2994889,0.21825,-2.514254073789907,0.62,312.28647,242,262,"5/29/24, 12:00 AM",DUMKA,213,2024-12-31,5.63,3.3526697,388,378,370,360,5.4969773,2024-01-01,30.22874285714286,Parasdah,"{""geodesic"":false,""type"":""Point"",""coordinates"":[86.98571050762573,24.564027202370465]}"
45_0,0.81,0.06335313,5.35,0.41,93.26,0.086096875,145.34,10.15,384,0.21732813,0.59,16.96,0.09839375,21.47,0.23765,0.17910938,-2.0438467865171437,1.18,323.78882,221,236,"6/19/24, 12:00 AM",DUMKA,258,2024-12-31,5.09,3.3341472,406,394,372,370,3.444429,2024-01-01,30.28741176470588,Tetaria,"{""geodesic"":false,""type"":""Point"",""coordinates"":[86.93639299852755,24.423890018047818]}"
46_0,0.72,0.07247063,5.09,0.59,50.56,0.104325175,165.01,2.74,368,0.27092376,0.42,17.23,0.12396993,15.47,0.30784824,0.22658461,-0.13094739870900352,0.36,270.0,216,232,"6/15/24, 12:00 AM",DUMKA,234,2024-12-31,5.81,3.4005349,404,390,380,377,4.06721,2024-01-01,30.26283333333334,Tilauna,"{""geodesic"":false,""type"":""Point"",""coordinates"":[86.98678848596666,24.407181353763196]}"
48_0,0.56,0.066175,5.09,0.63,50.56,0.09527778,165.01,2.74,368,0.23970556,0.67,17.23,0.10006389,15.45,0.25833055,0.17796111,-1.1373098327578086,2.11,77.17652,218,228,"5/27/24, 12:00 AM",DUMKA,250,2024-12-31,4.95,3.3341472,413,405,369,367,4.171479,2024-01-01,30.22308571428571,Raja Semaria,"{""geodesic"":false,""type"":""Point"",""coordinates"":[86.92076231258388,24.425237490974]}"
49_0,0.45,0.08273572,3.23,0.62,27,0.11480284,118.47,4.34,268,0.23823687,0.55,15.35,0.11500567,8.46,0.2597766,0.19465674,-0.12982773564914016,1.18,90.0,233,247,"5/25/24, 12:00 AM",DUMKA,150,2024-12-31,5.71,3.4132357,387,386,379,366,1.0178343,2024-01-01,30.279257142857148,Amba,"{""geodesic"":false,""type"":""Point"",""coordinates"":[87.34548577891559,24.336034783260928]}"
50_0,0.45,0.08315786,5.34,0.37,35.38,0.11030357,140.56,20.34,280,0.26760715,0.58,8.58,0.11602357,15.67,0.27683356,0.19313,1.5119478042585994,0.65,216.20175,232,248,"5/19/24, 12:00 AM",DUMKA,154,2024-12-31,5.53,3.6050391,351,347,417,405,3.4440148,2024-01-01,30.183257142857137,Ghanshyampur,"{""geodesic"":false,""type"":""Point"",""coordinates"":[87.18513650070025,24.38023189523961]}"
51_0,0.54,0.08478849,4.03,0.43,90.91,0.10998274,140.56,22.66,243,0.2937367,0.38,8.32,0.118043885,13.46,0.3345331,0.2358928,-0.16803479516847808,0.52,331.25082,205,231,"5/17/24, 12:00 AM",DUMKA,176,2024-12-31,5.73,3.5056844,392,386,403,383,2.114826,2024-01-01,30.245722222222216,Hardipatti,"{""geodesic"":false,""type"":""Point"",""coordinates"":[87.066019894026,24.298844530498382]}"
52_0,1.35,0.06118108,5.96,0.45,64.12,0.08812973,101.26,16.97,232,0.24451081,0.23,8.72,0.09585405,14.48,0.26112163,0.18533513,2.5265350728734144,0.65,-0.0,238,252,"5/29/24, 12:00 AM",DUMKA,224,2024-12-31,5.38,3.330229,380,377,382,371,1.8543341,2024-01-01,30.26165714285714,Saljorabandri,"{""geodesic"":false,""type"":""Point"",""coordinates"":[86.94690328735176,24.545701570574426]}"
53_0,0.253,0.082105406,3.48,0.48,93.26,0.113845274,99.68,8.05,225,0.25789258,0.57,8.26,0.12522094,8.89,0.27365404,0.20424594,4.538354794493909,0.52,132.28539,242,254,"5/29/24, 12:00 AM",DUMKA,193,2024-12-31,5.61,3.184141,373,366,385,380,1.3782388,2024-01-01,30.290222222222226,Kordiha,"{""geodesic"":false,""type"":""Point"",""coordinates"":[87.0261346954111,24.568608610319473]}"
54_0,0.13,0.066427775,2.45,0.63,38.34,0.0976,115.31,22.32,376,0.2629389,0.48,15.08,0.112569444,22.78,0.3027861,0.21579167,3.9983976542973063,0.75,-0.0,238,256,"5/29/24, 12:00 AM",DUMKA,205,2024-12-31,5.71,3.3526697,386,375,376,369,0.0,2024-01-01,30.24216666666667,Matihara,"{""geodesic"":false,""type"":""Point"",""coordinates"":[86.96064751119879,24.573190018268484]}"
55_0,0.38,0.1013331,4.5,0.98,59.36,0.1177813,64.51,26.31,164,0.2686338,0.25,20.64,0.1340518,13,0.27524388,0.20932302,-2.2241542091300572,1.52,132.33145,215,231,"4/12/24, 12:00 AM",DUMKA,178,2024-12-31,5.06,3.58974,376,372,409,397,4.124723,2024-01-01,30.226555555555553,Semra,"{""geodesic"":false,""type"":""Point"",""coordinates"":[87.11345094102751,24.365140198466403]}"
57_0,0.65,0.07793941,3.86,0.49,49.45,0.12163188,107.89,10.95,243,0.25914276,0.65,8.32,0.12789059,9.47,0.2897442,0.20571305,2.170324712193814,0.78,47.66805,216,231,"5/17/24, 12:00 AM",DUMKA,169,2024-12-31,5.53,3.58974,390,381,394,388,1.3770094,2024-01-01,30.226555555555553,Siktiya,"{""geodesic"":false,""type"":""Point"",""coordinates"":[87.11425942478323,24.362984241784513]}"
58_0,0.62,0.088262856,1.3,0.36,58.25,0.1304695,95.34,5.26,155,0.2783064,0.62,19.03,0.14203689,18,0.301961,0.21861774,1.1769810643817196,2.63,132.3305,212,237,"4/30/24, 12:00 AM",DUMKA,169,2024-12-31,4.37,3.58974,366,356,422,406,1.3770474,2024-01-01,30.25055555555555,Katania,"{""geodesic"":false,""type"":""Point"",""coordinates"":[87.11587639229464,24.369452111830174]}"
59_0,0.46,0.07001286,1.29,0.46,30.24,0.09870572,160.16,26.31,269.33,0.27446714,0.47,10.52,0.112192854,13.22,0.24889,0.17472428,-2.1540786423896914,1.53,344.63504,208,233,"5/8/24, 12:00 AM",DUMKA,212,2024-12-31,4.81,3.6155806,406,395,386,372,3.8417144,2024-01-01,30.23738888888889,Bauria,"{""geodesic"":false,""type"":""Point"",""coordinates"":[87.1689668255861,24.52333351999985]}"
60_0,0.35,0.082643665,2.36,0.52,26.4,0.10652817,223.52,32.08,305.22,0.2523493,0.41,10.98,0.12439718,9.56,0.25832114,0.18964225,-2.195972121011132,1.42,337.60242,224,243,"5/8/24, 12:00 AM",DUMKA,188,2024-12-31,4.97,3.4890735,388,376,388,381,7.9734683,2024-01-01,30.223351351351347,Gamharia,"{""geodesic"":false,""type"":""Point"",""coordinates"":[87.14066989413634,24.504738393618574]}"
61_0,0.36,0.0611375,1.55,0.56,25.28,0.08527656,216.608,26.35,269.7,0.2702875,0.43,10.45,0.09655625,10.48,0.29294375,0.2023,-0.43392015353168234,0.57,132.30305,224,239,"5/8/24, 12:00 AM",DUMKA,208,2024-12-31,5.36,3.6432247,372,368,405,393,1.377772,2024-01-01,30.25205714285714,Kandhara,"{""geodesic"":false,""type"":""Point"",""coordinates"":[87.29428180772078,24.49072467518631]}"
62_0,0.81,0.06313485,2.78,0.93,63.27,0.08815606,106.77,19.63482,358,0.28039697,0.69,13.37,0.08690455,8.67,0.25418788,0.16857879,2.0553387023552294,2.2,-0.0,201,224,"7/23/24, 12:00 AM",DUMKA,251,2024-12-31,4.72,3.6687794,413,396,386,380,0.0,2024-01-01,30.29461111111111,Khutojori,"{""geodesic"":false,""type"":""Point"",""coordinates"":[86.98220707801765,24.205599404006776]}"
63_0,0.56,0.07337333,1.59,0.62,23.5,0.08740593,31.1,7.31,212,0.22308889,0.67,21.3,0.09382074,17,0.23958741,0.18248518,-1.1258255523105631,0.91,47.673878,204,209,"3/31/24, 12:00 AM",DUMKA,202,2024-12-31,5.48,3.5455499,415,410,380,382,5.492824,2024-01-01,30.23217647058823,Bamerjhanti,"{""geodesic"":false,""type"":""Point"",""coordinates"":[87.38025058041102,24.388855721967158]}"
64_0,0.8,0.06705294,2.1,0.4,70.6,0.08449412,158,18.5,255,0.21757206,0.58,14.28,0.10144779,10,0.25613457,0.1973978,-0.7289431276460069,0.45,-0.0,197,215,"3/27/24, 12:00 AM",DUMKA,189,2024-12-31,5.9,3.5859947,385,376,417,408,0.92740995,2024-01-01,30.218647058823528,Behrapahari,"{""geodesic"":false,""type"":""Point"",""coordinates"":[87.08057260162875,24.209372328200075]}"
65_0,0.39,0.069277145,3.65,0.78,64.89,0.13068591,128.12,25.61,385,0.32829437,0.83,19.15,0.11127747,8.67,0.24638732,0.16532113,-0.9787825806485626,0.65,238.70609,203,215,"7/18/24, 12:00 AM",DUMKA,179,2024-12-31,5.83,3.4836266,422,423,374,362,3.5665855,2024-01-01,30.18037837837838,Saharghati,"{""geodesic"":false,""type"":""Point"",""coordinates"":[87.35437910022837,24.245215108036444]}"
66_0,0.13,0.08349257,3.48,0.48,93.26,0.112196624,99.68,8.05,225,0.2695493,0.57,8.26,0.119416215,18.67,0.27704662,0.20102027,-1.4248927101556312,0.48,180.0,242,254,"5/29/24, 12:00 AM",DUMKA,196,2024-12-31,5.61,3.184141,373,366,385,380,1.8543341,2024-01-01,30.290222222222226,Matihani,"{""geodesic"":false,""type"":""Point"",""coordinates"":[87.0261346954111,24.569147599489945]}"
67_0,0.48,0.06998042,4.88,0.56,8.012,0.099318884,114.51,14.5,371,0.31017414,0.37,10.32,0.10588182,18.65,0.31198952,0.20956713,0.9295340671877946,0.13,151.23021,216,232,"6/14/24, 12:00 AM",DUMKA,234,2024-12-31,5.79,3.4005349,404,390,380,377,2.1152434,2024-01-01,30.26283333333334,Tilauna,"{""geodesic"":false,""type"":""Point"",""coordinates"":[86.98571050762573,24.40691185917796]}"
68_0,0.56,0.10268643,5.78,0.65,59.83,0.12549928,100.11,11.26,262,0.30291417,0.38,6.31,0.17481348,9.47,0.3466915,0.26367235,-1.9657542291775076,0.45,286.89392,229,240,"5/18/24, 12:00 AM",DUMKA,175,2024-12-31,5.61,3.5169094,374,372,397,388,3.1883395,2024-01-01,30.246941176470592,Phulopani,"{""geodesic"":false,""type"":""Point"",""coordinates"":[87.14713776418199,24.33926871828376]}"
69_0,0.68,0.07148944,7.54,0.47,54.74,0.09180634,134.07,24.45,278,0.25772464,0.49,18.28,0.09325634,13.46,0.26501268,0.18038099,1.215519033412195,0.23,180.0,232,252,"5/18/24, 12:00 AM",DUMKA,166,2024-12-31,5.58,3.6050391,344,336,424,411,1.8543341,2024-01-01,30.198457142857148,Katariya,"{""geodesic"":false,""type"":""Point"",""coordinates"":[87.16734985807469,24.393976119086638]}"
70_0,0.39,0.07676715,4.92,0.45,90.24,0.10097,112.14,25.3,239,0.2697614,0.69,17.47,0.11775286,12.49,0.31734428,0.22511142,-0.8701487449656392,0.34,253.1312,219,237,"5/18/24, 12:00 AM",DUMKA,188,2024-12-31,5.5,3.4890735,387,373,394,389,3.1929388,2024-01-01,30.29634285714286,Majhdiha,"{""geodesic"":false,""type"":""Point"",""coordinates"":[87.11614588687988,24.53815572218782]}"
71_0,0.35,0.05855,2.44,0.47,40.66,0.086640626,126.33,2.18,276,0.24530312,0.81,8.38,0.09463438,9.47,0.24995938,0.17093125,3.3965615525680883,0.19,-0.0,215,231,"5/17/24, 12:00 AM",DUMKA,248,2024-12-31,5.14,3.3341472,414,402,371,368,0.92740995,2024-01-01,30.28741176470588,Amba,"{""geodesic"":false,""type"":""Point"",""coordinates"":[86.9345065364309,24.422273050536404]}"
72_0,0.39,0.057567626,4.03,0.43,90.91,0.08393022,140.56,22.66,243,0.29234603,0.38,8.32,0.08497698,11.57,0.25411296,0.16484532,-2.077626361372837,0.65,238.70953,202,218,"5/17/24, 12:00 AM",DUMKA,213,2024-12-31,5.73,3.5056844,399,388,399,394,3.5669372,2024-01-01,30.214628571428577,Dhanadih,"{""geodesic"":false,""type"":""Point"",""coordinates"":[87.06709787236694,24.26246276149154]}"
73_0,0.46,0.07319058,3.48,0.72,93.26,0.10464348,99.68,8.05,225,0.27766377,0.47,8.26,0.11861739,8.46,0.29034057,0.20958406,-2.235634581965155,0.47,77.174644,224,237,"6/8/24, 12:00 AM",DUMKA,231,2024-12-31,5.72,3.4005349,392,383,384,380,4.1708794,2024-01-01,30.26283333333334,Dumriakalan,"{""geodesic"":false,""type"":""Point"",""coordinates"":[86.9811290996767,24.40610337542225]}"
75_0,0.41,0.07181667,5.78,0.59,59.83,0.101623915,100.11,11.26,262,0.28998116,0.47,6.31,0.12486159,14.48,0.33613986,0.24241957,-1.819177853287869,1.69,132.3223,224,237,"5/29/24, 12:00 AM",DUMKA,233,2024-12-31,4.95,3.4005349,392,383,384,380,2.7529383,2024-01-01,30.26283333333334,Balathar,"{""geodesic"":false,""type"":""Point"",""coordinates"":[86.98085960509147,24.405833880837015]}"
76_0,0.49,0.073674284,4.88,0.95,36.95,0.09207143,114.51,14.5,371,0.23681715,0.59,10.32,0.101534285,13.46,0.28981143,0.23925143,-1.611662379187354,0.48,245.5221,221,234,"5/21/24, 12:00 AM",DUMKA,264,2024-12-31,5.52,3.3341472,416,405,363,361,2.2373273,2024-01-01,30.249085714285716,Balijor,"{""geodesic"":false,""type"":""Point"",""coordinates"":[86.91968433424293,24.42254254512164]}"
77_0,0.39,0.06319197,2.68,0.61,38.62,0.07878029,100.11,9.26,361,0.28704783,0.61,18.51,0.08817319,11.57,0.21105725,0.12782392,-0.03697491501007166,0.32,-0.0,218,236,"5/19/24, 12:00 AM",DUMKA,174,2024-12-31,5.59,3.58974,392,381,391,383,0.92740995,2024-01-01,30.226555555555553,Babukedaili,"{""geodesic"":false,""type"":""Point"",""coordinates"":[87.11345094102751,24.361636768858336]}"
78_0,0.56,0.10134028,1.5,0.72,80.07,0.11690695,63.29,5.36,184,0.20454028,0.39,12.3,0.13890694,14,0.27971527,0.2419764,-0.8213923014752512,0.87,270.0,185,194,"4/30/24, 12:00 AM",DUMKA,153,2024-12-31,4.44,3.6011982,366,365,449,441,1.0170199,2024-01-01,30.21707692307692,Beharabank,"{""geodesic"":false,""type"":""Point"",""coordinates"":[87.28970039977176,24.23443532462701]}"
79_0,0.25,0.06812222,1.26,0.52,25.44,0.09210555,194.208,28.1,288.51,0.28405833,0.47,15.42,0.09957917,10.24,0.24639028,0.17962083,-0.43434798564146815,0.75,47.70501,218,237,"5/8/24, 12:00 AM",DUMKA,207,2024-12-31,5.14,3.6155806,423,416,359,347,1.3779851,2024-01-01,30.23233333333334,Bauria,"{""geodesic"":false,""type"":""Point"",""coordinates"":[87.1651939013928,24.526297960437443]}"
80_0,0.36,0.06479286,2.11,0.41,25.3,0.08463143,181.552,24.36,257.48,0.24519,0.41,12.02,0.08154286,11.05,0.19127572,0.13311857,-1.8298925974725335,1.35,180.0,230,246,"5/8/24, 12:00 AM",DUMKA,177,2024-12-31,5.48,3.4890735,371,363,399,391,2.7802885,2024-01-01,30.228216216216207,Khasia,"{""geodesic"":false,""type"":""Point"",""coordinates"":[87.12773415404502,24.509858790738058]}"
81_0,0.52,0.08964571,0.89,0.46,25.6,0.11526857,207.872,24.15,248.51,0.27352285,0.43,12.02,0.14278285,12.74,0.30031714,0.23864286,0.36739709405137233,0.86,180.0,224,243,"5/8/24, 12:00 AM",DUMKA,176,2024-12-31,5.22,3.4890735,368,362,408,395,0.92740995,2024-01-01,30.223351351351347,Kamarbandha,"{""geodesic"":false,""type"":""Point"",""coordinates"":[87.13231556199402,24.50069597484004]}"
82_0,0.63,0.06999701,1.34,0.56,29.3,0.09657164,213.45,22.35,272.41,0.25047612,0.49,10.47,0.13030747,10.48,0.3096821,0.22981343,-1.4243187084243223,1.69,-0.0,225,243,"5/7/24, 12:00 AM",DUMKA,197,2024-12-31,5.32,3.6808677,378,371,397,385,1.8543341,2024-01-01,30.278399999999998,Susania,"{""geodesic"":false,""type"":""Point"",""coordinates"":[87.30101917235167,24.495575577720555]}"
83_0,0.65,0.08897945,4.68,0.16,45.41,0.11046439,96.87,1.006,232,0.26892054,0.21,8.72,0.12241918,15.67,0.27414247,0.19206986,-1.459672898893075,0.46,15.347543,237,243,"5/13/24, 12:00 AM",DUMKA,102,2024-12-31,5.8,3.5241098,411,417,352,341,3.8413947,2024-01-01,30.305542857142864,Dumaria Bahiyar,"{""geodesic"":false,""type"":""Point"",""coordinates"":[87.54033036404111,24.373225036023477]}"
84_0,0.49,0.07356567,1.53,0.42,20.4,0.103368655,172.25,19.16,297.48,0.2686985,0.45,16.42,0.13858508,14.77,0.32646567,0.24865372,-2.6268984647714233,0.89,221.31946,223,242,"5/7/24, 12:00 AM",DUMKA,194,2024-12-31,5.42,3.6808677,381,375,396,384,6.1509714,2024-01-01,30.278399999999998,Susania,"{""geodesic"":false,""type"":""Point"",""coordinates"":[87.3004801831812,24.495036588550086]}"
85_0,0.54,0.06601212,2.11,0.52,32.5,0.094231814,205.32,28.41,291.27,0.28221062,0.41,12.55,0.10812576,12.45,0.28010455,0.19421212,-1.8927136359487249,0.59,339.8824,228,245,"5/7/24, 12:00 AM",DUMKA,197,2024-12-31,5.16,3.6432247,374,370,397,386,2.960628,2024-01-01,30.278399999999998,Bara Simalpahari,"{""geodesic"":false,""type"":""Point"",""coordinates"":[87.29859372108454,24.49341962103867]}"
86_0,0.7,0.08208611,2.16,0.34,20.3,0.105325,16.3,5.21,188,0.26874444,0.53,11.3,0.12177778,17,0.2887361,0.20399444,1.5256625849525716,1.37,294.49988,225,224,"4/6/24, 12:00 AM",DUMKA,99,2024-12-31,5.32,3.447776,408,416,367,360,2.235447,2024-01-01,30.29800000000001,Belaikandar,"{""geodesic"":false,""type"":""Point"",""coordinates"":[87.48723993074965,24.293993627964134]}"
87_0,0.35,0.08312245,7.22,1.01,55.26,0.10554694,15.96,21.8,185,0.27445716,0.47,11.49,0.11126327,14,0.2912449,0.19852653,-1.6099916811612789,1.05,65.50221,202,209,"3/28/24, 12:00 AM",DUMKA,136,2024-12-31,4.08,3.5413055,382,382,416,409,2.235625,2024-01-01,30.23611111111111,Majdiha,"{""geodesic"":false,""type"":""Point"",""coordinates"":[87.39453379342851,24.306120884299748]}"
88_0,0.75,0.07774203,4.07,0.23,61.33,0.10395652,76.12,20.66,230,0.28513622,0.26,16.15,0.11229855,15.67,0.26782173,0.19292754,-0.845567946744353,1.69,102.84957,227,245,"7/23/24, 12:00 AM",DUMKA,230,2024-12-31,5.72,3.5200946,423,412,349,343,4.163178,2024-01-01,30.28605882352941,Kapsio,"{""geodesic"":false,""type"":""Point"",""coordinates"":[86.94825076027793,24.1584378515905]}"
89_0,0.54,0.079071835,5.71,0.72,60.54,0.095147885,153.2,9.85,276,0.26772818,0.47,8.38,0.092592955,13.67,0.23758169,0.15128168,-0.3567006790133337,0.62,65.49587,188,204,"7/18/24, 12:00 AM",DUMKA,155,2024-12-31,5.72,3.5459766,433,432,379,364,4.463384,2024-01-01,30.205833333333334,Dhabna,"{""geodesic"":false,""type"":""Point"",""coordinates"":[87.36327242154115,24.268930631537202]}"
90_0,1.18,0.06118108,2.56,0.55,35.33,0.08812973,129.12,7.42,246,0.24451081,0.48,8.612,0.09585405,18.65,0.26112163,0.18533513,2.5265350728734144,0.85,-0.0,238,252,"5/29/24, 12:00 AM",DUMKA,224,2024-12-31,5.69,3.330229,380,377,382,371,1.8543341,2024-01-01,30.26165714285714,Barhait,"{""geodesic"":false,""type"":""Point"",""coordinates"":[86.94690328735176,24.545701570574426]}"
91_0,0.47,0.06959444,6.59,0.37,47.85,0.09837222,128.12,15.66,274,0.23835833,0.68,10.59,0.12807222,12.49,0.2912222,0.21377222,-2.4523979984639035,0.57,259.69122,234,251,"5/29/24, 12:00 AM",DUMKA,211,2024-12-31,5.46,3.3526697,395,384,371,365,5.1688166,2024-01-01,30.24216666666667,Baija,"{""geodesic"":false,""type"":""Point"",""coordinates"":[86.95956953285784,24.57130355617183]}"
92_0,0.78,0.074607246,5.78,0.62,59.83,0.118218705,120.14,11.26,379,0.27458203,0.55,10.24,0.13027914,9.34,0.31463885,0.22751726,5.256240450560178,0.75,245.50851,229,243,"5/22/24, 12:00 AM",DUMKA,145,2024-12-31,5.71,3.5413055,375,370,396,386,2.2361643,2024-01-01,30.26494736842105,Karanpura,"{""geodesic"":false,""type"":""Point"",""coordinates"":[87.36192494861497,24.34304164247706]}"
93_0,0.58,0.116297185,5.4,0.42,80.21,0.1342169,125.53,1.13,213,0.20206197,0.39,16.98,0.14727043,8,0.23329858,0.19986902,-1.6123912689361493,1.12,245.53076,231,248,"4/30/24, 12:00 AM",DUMKA,163,2024-12-31,5.31,3.5832176,371,369,397,383,2.2380702,2024-01-01,30.263470588235304,Majhdiha,"{""geodesic"":false,""type"":""Point"",""coordinates"":[87.13150707823831,24.472938032560744]}"
94_0,0.56,0.06723333,2.35,0.49,45.62,0.09511389,101.26,7.24,248,0.25650278,0.62,13.08,0.10281666,11.57,0.247425,0.17492223,0.8088019042279817,0.48,-0.0,232,247,"5/28/24, 12:00 AM",DUMKA,224,2024-12-31,4.93,3.2510781,386,379,382,374,2.7802885,2024-01-01,30.249371428571436,Mohila,"{""geodesic"":false,""type"":""Point"",""coordinates"":[86.94852025486317,24.555942364813387]}"
95_0,0.14,0.07822558,4.12,0.98,82.16,0.108055815,126.3,19.27,389,0.30402443,0.85,14.51,0.12472093,14.65,0.27956396,0.19967471,-1.9692593630382542,0.78,73.13546,224,239,"5/28/24, 12:00 AM",DUMKA,224,2024-12-31,5.02,3.3526697,396,389,380,372,3.1937208,2024-01-01,30.273714285714284,Babupur,"{""geodesic"":false,""type"":""Point"",""coordinates"":[86.99999372064322,24.571573050757067]}"
97_0,0.27,0.084888734,1.28,0.43,30.1,0.107904226,204.176,32.15,279.1,0.2381,0.43,12.55,0.12926902,14.77125,0.25217605,0.1895324,-1.8463544054667247,0.58,349.62048,216,233,"5/10/24, 12:00 AM",DUMKA,189,2024-12-31,5.16,3.4890735,393,383,391,384,5.6392455,2024-01-01,30.240499999999997,Tharikhasia,"{""geodesic"":false,""type"":""Point"",""coordinates"":[87.14093938872158,24.504738393618574]}"
98_0,0.63,0.05475942,1.23,0.52,25.3,0.075573914,183.12,26.33,272.15,0.28573042,0.41,10.56,0.065831885,10.48,0.2045826,0.12101884,-2.2260616466829175,1.24,132.29594,223,246,"5/8/24, 12:00 AM",DUMKA,197,2024-12-31,5.21,3.4890735,391,382,386,372,4.1275225,2024-01-01,30.248666666666665,Bandarjora,"{""geodesic"":false,""type"":""Point"",""coordinates"":[87.14013090496586,24.522255541658907]}"
99_0,0.63,0.06962286,1.58,0.46,33.2,0.09050571,168.49,21.56,272.41,0.25559714,0.41,18.74,0.096125714,10.24,0.24940144,0.18244857,-1.61278631631157,1.25,65.53548,224,243,"5/8/24, 12:00 AM",DUMKA,179,2024-12-31,5.24,3.4890735,368,362,408,395,2.238475,2024-01-01,30.223351351351347,Khasia,"{""geodesic"":false,""type"":""Point"",""coordinates"":[87.13177657282355,24.500426480254802]}"
100_0,0.42,0.06999143,1.58,0.58,30.26,0.091825716,215.376,25.52,258.12,0.24365,0.45,13.84,0.100842856,10.24,0.24474715,0.18053,-2.0446587901455078,0.65,36.227814,224,243,"5/9/24, 12:00 AM",DUMKA,178,2024-12-31,5.13,3.4890735,368,362,408,395,3.4451592,2024-01-01,30.223351351351347,Suhoduho,"{""geodesic"":false,""type"":""Point"",""coordinates"":[87.1320460674088,24.500426480254802]}"
101_0,0.45,0.11724776,4.01,0.98,29.67,0.14568208,150.06,32.8,388,0.3168791,0.68,16.68,0.16923583,8.97,0.35817015,0.26450297,-1.6452365895746353,1.35,180.0,196,214,"7/16/24, 12:00 AM",DUMKA,252,2024-12-31,5.63,3.6687794,434,420,370,367,4.6273675,2024-01-01,30.310666666666677,Dhawadangal,"{""geodesic"":false,""type"":""Point"",""coordinates"":[86.97843415382435,24.209372328200075]}"
102_0,0.19,0.07859,1.43,0.52,25.32,0.09743286,174.944,28.14,211.22,0.24841714,0.47,12.55,0.105652854,10.23,0.25072572,0.18051857,-2.2118762620980426,0.49,270.0,224,243,"5/9/24, 12:00 AM",DUMKA,183,2024-12-31,5.11,3.4890735,368,362,408,395,4.070241,2024-01-01,30.223351351351347,Parma,"{""geodesic"":false,""type"":""Point"",""coordinates"":[87.1328545511645,24.501504458595743]}"
103_0,0.48,0.06999143,1.66,0.52,23.9,0.091825716,185.808,20.69,198.51,0.24365,0.41,16.23,0.100842856,10.44,0.24474715,0.18053,-2.0446587901455078,0.86,36.227814,224,243,"5/9/24, 12:00 AM",DUMKA,178,2024-12-31,5.16,3.4890735,368,362,408,395,3.4451592,2024-01-01,30.223351351351347,Bindasarai,"{""geodesic"":false,""type"":""Point"",""coordinates"":[87.1320460674088,24.500426480254802]}"
104_0,0.46,0.10747647,3.65,0.49,46.55,0.12857647,96.87,21.01,238,0.26381764,0.69,26.01,0.15374412,22.78,0.30114853,0.24171911,-1.1236846645493077,1.79,227.63385,195,212,"7/16/24, 12:00 AM",DUMKA,258,2024-12-31,5.52,3.6687794,435,422,370,366,2.7506309,2024-01-01,30.310666666666677,Dhawadangal,"{""geodesic"":false,""type"":""Point"",""coordinates"":[86.97600870255722,24.210719801126256]}"
105_0,0.75,0.1073403,5.89,0.87,38.26,0.13180597,101.26,13.2,354,0.2864955,0.61,12.39,0.1625373,16.67,0.33839852,0.24619702,-0.43049717290295036,1.18,227.63304,203,226,"7/24/24, 12:00 AM",DUMKA,247,2024-12-31,5.51,3.6687794,420,402,377,372,1.3760871,2024-01-01,30.280722222222224,Khutojori,"{""geodesic"":false,""type"":""Point"",""coordinates"":[86.98059011050624,24.20721637151819]}"
106_0,0.41,0.09222,4.01,0.98,29.67,0.12080143,150.06,32.8,388,0.28350857,0.68,16.68,0.14065714,8.97,0.32058713,0.23837,-0.024584346646976403,1.79,132.37515,210,219,"7/23/24, 12:00 AM",DUMKA,164,2024-12-31,5.63,3.46991,386,383,405,398,1.3758713,2024-01-01,30.216628571428576,Jhilua,"{""geodesic"":false,""type"":""Point"",""coordinates"":[87.16977530934182,24.170565107926112]}"
107_0,0.25,0.07235695,8.82,0.53,43.44,0.084381945,28.9,20.1,122,0.26034027,0.91,21,0.076998614,16,0.2005875,0.12681527,-2.207502696562457,1.442,90.0,229,240,"3/28/24, 12:00 AM",DUMKA,135,2024-12-31,4.89,3.497992,405,406,365,355,4.06131,2024-01-01,30.149550000000012,Mahadebraydih,"{""geodesic"":false,""type"":""Point"",""coordinates"":[87.21505039966144,24.222577562876634]}"
108_0,0.54,0.07682973,1.32,0.86,30.3,0.09606757,12.3,8.04,183,0.24897838,0.26,13.4,0.11432973,17,0.2838,0.23276487,-1.124810831890623,2.32,132.34508,212,222,"3/30/24, 12:00 AM",DUMKA,135,2024-12-31,5.6,3.603517,402,408,386,370,1.3766632,2024-01-01,30.296400000000006,Pandanpahari,"{""geodesic"":false,""type"":""Point"",""coordinates"":[87.4387309054072,24.30477341137357]}"
109_0,0.47,0.078027144,4.01,0.75,21.2,0.10433286,15,12.3,217,0.2630143,0.48,14.4,0.11163143,14,0.24417,0.16631572,3.237260192623159,0.34,270.0,201,216,"3/31/24, 12:00 AM",DUMKA,141,2024-12-31,5.36,3.6352136,430,429,368,355,4.065216,2024-01-01,30.179941176470592,Joram,"{""geodesic"":false,""type"":""Point"",""coordinates"":[87.48939588743154,24.34492810457371]}"
110_0,0.57,0.07470853,5.34,0.37,35.38,0.10017372,140.56,3.354,280,0.2764983,0.58,8.58,0.10527406,7.48,0.265528,0.18217508,2.4850018137680703,2.34,132.32399,217,233,"6/24/24, 12:00 AM",DUMKA,205,2024-12-31,5.53,3.5921476,413,402,370,366,1.3772193,2024-01-01,30.2712,Kherwa,"{""geodesic"":false,""type"":""Point"",""coordinates"":[87.0547011214461,24.398288032450413]}"
111_0,0.45,0.08107361,2.87,0.46,74.09,0.1008875,118.47,3.436,267,0.2748736,0.98,11.54,0.103618056,7.48,0.28944582,0.19620417,-0.31111805017968513,0.45,90.0,184,194,"6/20/24, 12:00 AM",DUMKA,157,2024-12-31,4.88,3.5459766,420,423,395,383,3.0493577,2024-01-01,30.222833333333337,Dhobarna,"{""geodesic"":false,""type"":""Point"",""coordinates"":[87.3597689919331,24.27027810446338]}"
112_0,0.34,0.08716757,1.64,0.42,26.1,0.10350946,145.34,12.36,232,0.25798514,0.59,8.72,0.10762568,17.48,0.25965,0.18040541,-1.8907682155415602,0.46,339.91507,184,194,"7/18/24, 12:00 AM",DUMKA,161,2024-12-31,5.39,3.5459766,420,423,395,383,2.9600112,2024-01-01,30.222833333333337,Baliram,"{""geodesic"":false,""type"":""Point"",""coordinates"":[87.35896050817738,24.270008609878143]}"
113_0,1.18,0.075354055,2.56,0.42,87.89,0.10205946,115.31,15.65,247,0.2298027,0.85,18.56,0.120164864,13.46,0.28590542,0.20901081,-1.9688192788247307,0.75,106.86824,245,255,"5/22/24, 12:00 AM",DUMKA,225,2024-12-31,4.87,3.4973216,386,383,369,362,3.193042,2024-01-01,30.252742857142852,Parasdah,"{""geodesic"":false,""type"":""Point"",""coordinates"":[86.95417964115312,24.542467635551596]}"
115_0,0.19,0.10902377,2.78,0.48,63.27,0.13406993,106.77,19.63,358,0.28726155,0.39,13.37,0.13087063,18.65,0.26672238,0.19006574,-2.0786404951970883,0.75,238.7245,223,236,"5/21/24, 12:00 AM",DUMKA,151,2024-12-31,4.69,3.5740879,389,386,388,378,3.5684676,2024-01-01,30.1264705882353,Ranidinda Urf Madanpur,"{""geodesic"":false,""type"":""Point"",""coordinates"":[87.21127747546814,24.337112761601873]}"
116_0,0.35,0.08107361,3.39,0.58,9.88,0.1008875,139.14,2.202,239,0.2748736,0.69,9.94,0.103618056,14.48,0.28944582,0.19620417,-0.31111805017968513,2.11,90.0,184,194,"6/19/24, 12:00 AM",DUMKA,157,2024-12-31,5.73,3.5459766,420,423,395,383,3.0493577,2024-01-01,30.222833333333337,Baghiya Kusumdih,"{""geodesic"":false,""type"":""Point"",""coordinates"":[87.3597689919331,24.27027810446338]}"
117_0,0.58,0.08254789,0.98,0.53,25.6,0.1096,129.936,32.14,269.53,0.27646902,0.42,14.25,0.1523155,14.42,0.33808872,0.25800422,-0.8258837064420539,1.29,90.0,206,221,"5/8/24, 12:00 AM",DUMKA,204,2024-12-31,5.33,3.6155806,415,411,379,368,2.0380108,2024-01-01,30.304882352941178,Bauria,"{""geodesic"":false,""type"":""Point"",""coordinates"":[87.1538751288129,24.521177563317963]}"
118_0,0.47,0.06542778,1.73,0.53,83.27,0.09585278,145.34,17.25,201,0.24711667,0.52,20.52,0.114469446,12.49,0.276025,0.19699444,0.8626348252384433,0.46,121.228485,234,251,"5/29/24, 12:00 AM",DUMKA,211,2024-12-31,5.63,3.3526697,395,384,371,365,3.5732825,2024-01-01,30.24216666666667,Cheharbhenk,"{""geodesic"":false,""type"":""Point"",""coordinates"":[86.95983902744308,24.57022557783089]}"
119_0,0.26,0.073674284,5.71,0.27,60.54,0.09207143,153.32,9.85,276,0.23681715,0.56,8.38,0.101534285,12.49,0.28981143,0.23925143,-1.611662379187354,0.41,245.5221,221,234,"5/21/24, 12:00 AM",DUMKA,264,2024-12-31,5.63,3.3341472,416,405,363,361,2.2373273,2024-01-01,30.249085714285716,Bamerjhanti,"{""geodesic"":false,""type"":""Point"",""coordinates"":[86.91968433424293,24.42254254512164]}"
120_0,0.65,0.05710625,6.42,1.14,28.36,0.08645,118.47,25.33,266,0.27334687,0.42,11.49,0.09755625,18.65,0.27966562,0.19420938,-2.0797845689313985,0.13,301.25845,215,231,"5/25/24, 12:00 AM",DUMKA,250,2024-12-31,5.17,3.3341472,414,402,371,368,3.5702107,2024-01-01,30.28741176470588,Tetaria,"{""geodesic"":false,""type"":""Point"",""coordinates"":[86.93477603101614,24.422003555951168]}"
121_0,0.14,0.079463765,2.78,0.71,63.27,0.10965652,106.77,19.63,358,0.25793624,0.53,13.37,0.12929131,21.47,0.2993942,0.22744638,-1.127509919473739,0.52,132.2948,230,252,"5/19/24, 12:00 AM",DUMKA,172,2024-12-31,5.63,3.4890735,384,375,386,373,1.3779901,2024-01-01,30.27268571428571,Machadih,"{""geodesic"":false,""type"":""Point"",""coordinates"":[87.11587639229464,24.52710644419315]}"
122_0,0.42,0.08985151,6.11,0.78,58.62,0.1218,107.89,26.3,368,0.27633637,0.83,17.41,0.15564546,8.97,0.3259788,0.2441303,-2.15326049054304,2.34,15.353654,226,241,"6/18/24, 12:00 AM",DUMKA,253,2024-12-31,5.83,3.3341472,403,390,371,369,3.8415067,2024-01-01,30.214166666666667,Amba,"{""geodesic"":false,""type"":""Point"",""coordinates"":[86.94205238481752,24.426045974729703]}"
123_0,0.58,0.07117412,4.33,0.39,87.92,0.09998811,101.22,13.66,248,0.30112028,0.47,10.38,0.11376713,12.49,0.32372516,0.22270629,4.538686742768337,1.13,-0.0,216,232,"6/15/24, 12:00 AM",DUMKA,233,2024-12-31,4.98,3.4005349,404,390,380,377,0.0,2024-01-01,30.26283333333334,Tilauna,"{""geodesic"":false,""type"":""Point"",""coordinates"":[86.98571050762573,24.406642364592724]}"
124_0,1.35,0.06445217,6.47,0.65,18.31,0.10256259,149.6,17.25,216,0.23013598,0.59,23.01,0.10377698,18.65,0.24799784,0.17814964,4.984566433810488,0.46,195.34378,232,246,"5/22/24, 12:00 AM",DUMKA,142,2024-12-31,6.05,3.5413055,374,370,394,383,3.8413258,2024-01-01,30.26857142857143,Astajora,"{""geodesic"":false,""type"":""Point"",""coordinates"":[87.36273343237069,24.340885685795175]}"
125_0,0.65,0.09149143,5.71,0.27,60.54,0.11734286,153.2,9.85,276,0.27502573,0.56,8.38,0.13305715,8.67,0.29644856,0.22132857,-1.555724920219755,2.11,208.77672,211,227,"5/21/24, 12:00 AM",DUMKA,255,2024-12-31,5.63,3.3341472,419,407,370,365,2.1153836,2024-01-01,30.236514285714286,Bhalua,"{""geodesic"":false,""type"":""Point"",""coordinates"":[86.9307336122376,24.443024133599565]}"
126_0,0.56,0.08315786,4.12,0.48,82.16,0.11030357,126.33,19.27,294,0.26760715,0.57,14.51,0.11602357,18.67,0.27683356,0.19313,1.5119478042585994,0.65,216.20175,232,248,"5/21/24, 12:00 AM",DUMKA,154,2024-12-31,5.46,3.6050391,351,347,417,405,3.4440148,2024-01-01,30.183257142857137,Bandha,"{""geodesic"":false,""type"":""Point"",""coordinates"":[87.18513650070025,24.38023189523961]}"
127_0,0.34,0.1013331,4.3,0.95,80.43,0.1177813,48.63,18.29,125,0.2686338,0.39,12.35,0.1340518,11,0.27524388,0.20932302,-2.2241542091300572,3.15,132.33145,215,231,"4/12/24, 12:00 AM",DUMKA,178,2024-12-31,5.04,3.58974,376,372,409,397,4.124723,2024-01-01,30.226555555555553,Agoia,"{""geodesic"":false,""type"":""Point"",""coordinates"":[87.11345094102751,24.365140198466403]}"
128_0,0.29,0.0803375,5.1,1.13,85.61,0.1327096,65.31,16.51,139,0.22953425,0.31,20.49,0.12566438,15,0.22098903,0.17275754,-1.8909020333494801,3.07,159.91287,207,225,"4/11/24, 12:00 AM",DUMKA,155,2024-12-31,5.01,3.494517,402,396,391,379,2.9600525,2024-01-01,30.215625,Dudhani,"{""geodesic"":false,""type"":""Point"",""coordinates"":[87.24199985818503,24.28510030665135]}"
129_0,0.46,0.07001286,0.76,0.52,33.2,0.09870572,207.536,26.39,272.15,0.27446714,0.41,13.628159999999998,0.112192854,10.44,0.24889,0.17472428,-2.1540786423896914,1.69,344.63504,208,233,"5/8/24, 12:00 AM",DUMKA,212,2024-12-31,5.88,3.6155806,406,395,386,372,3.8417144,2024-01-01,30.23738888888889,Bauria,"{""geodesic"":false,""type"":""Point"",""coordinates"":[87.1689668255861,24.52333351999985]}"
130_0,0.81,0.078768656,5.71,0.27,60.54,0.100368656,153.2,9.85,276,0.26101193,0.56,8.38,0.1081403,15.45,0.27489105,0.20111492,-0.9193937565493857,0.78,245.53256,219,242,"5/14/24, 12:00 AM",DUMKA,178,2024-12-31,5.63,3.5832176,364,355,417,403,2.2382255,2024-01-01,30.28965714285715,Kendkhapra,"{""geodesic"":false,""type"":""Point"",""coordinates"":[87.13258505657926,24.483717815970177]}"
131_0,0.23,0.06999143,1.22,0.49,30.16,0.091825716,183.12,23.45,266.56,0.24365,0.47,13.33,0.100842856,10.78,0.24474715,0.18053,-2.0446587901455078,0.56,36.227814,224,243,"5/9/24, 12:00 AM",DUMKA,178,2024-12-31,5.26,3.4890735,368,362,408,395,3.4451592,2024-01-01,30.223351351351347,Bindasarai,"{""geodesic"":false,""type"":""Point"",""coordinates"":[87.1320460674088,24.500426480254802]}"
132_0,0.44,0.06722,2.1,0.69,72.06,0.08918285,82.77,5.39,299,0.28729144,0.94,19.21,0.09362572,13,0.26160857,0.17838572,-1.9241823960962054,0.78,90.0,224,243,"4/21/24, 12:00 AM",DUMKA,177,2024-12-31,6.78,3.4890735,368,362,408,395,3.0549147,2024-01-01,30.223351351351347,Purnia,"{""geodesic"":false,""type"":""Point"",""coordinates"":[87.1320460674088,24.50069597484004]}"
133_0,0.42,0.07342958,1.26,0.58,21.25,0.096577466,181.776,26.35,282.14,0.2590648,0.43,12.64,0.10549859,13.32,0.24394226,0.17285493,-2.2258441586251907,0.69,312.29996,222,241,"5/9/24, 12:00 AM",DUMKA,191,2024-12-31,5.18,3.4890735,388,377,390,382,4.1272044,2024-01-01,30.240499999999997,Patgora,"{""geodesic"":false,""type"":""Point"",""coordinates"":[87.14066989413634,24.504468899033338]}"
134_0,0.34,0.07342958,1.36,0.56,32.5,0.096577466,197.45,25.44,205.41,0.2590648,0.49,11.78,0.10549859,14.22,0.24394226,0.17285493,-2.2258441586251907,1.05,312.29996,222,241,"5/8/24, 12:00 AM",DUMKA,191,2024-12-31,5.44,3.4890735,388,377,390,382,4.1272044,2024-01-01,30.240499999999997,Gamharia,"{""geodesic"":false,""type"":""Point"",""coordinates"":[87.14066989413634,24.504468899033338]}"
135_0,0.54,0.07133572,1.22,0.52,20.3,0.08945572,164.28,30.56,279.63,0.26976427,0.42,14.23,0.08684714,11.42,0.23418428,0.15873,-0.9822513769584504,0.96,58.7574,224,243,"5/8/24, 12:00 AM",DUMKA,177,2024-12-31,5.21,3.4890735,368,362,408,395,3.5718355,2024-01-01,30.223351351351347,Khasia,"{""geodesic"":false,""type"":""Point"",""coordinates"":[87.13231556199402,24.500426480254802]}"
136_0,0.65,0.06722,1.58,0.49,21.3,0.08918285,159.712,28.1,249.61,0.28729144,0.47,16.3,0.09362572,8.42,0.26160857,0.17838572,-1.9241823960962054,0.84,90.0,224,243,"5/9/24, 12:00 AM",DUMKA,177,2024-12-31,4.82,3.4890735,368,362,408,395,3.0549147,2024-01-01,30.223351351351347,Bindasarai,"{""geodesic"":false,""type"":""Point"",""coordinates"":[87.1320460674088,24.50069597484004]}"
137_0,0.69,0.09574894,0.94,0.6,30.2,0.1304338,31.78,9.65,126,0.2910317,0.43,17,0.124959156,10,0.27607465,0.18441972,-1.1253022069189025,1.4,312.33585,214,233,"3/28/24, 12:00 AM",DUMKA,147,2024-12-31,4.03,3.5740879,394,388,392,379,2.7522256,2024-01-01,30.143600000000003,Satrukha,"{""geodesic"":false,""type"":""Point"",""coordinates"":[87.21693686175809,24.34573658832942]}"
139_0,0.26,0.07620833,3.3,0.79,16.5,0.103525,250,30,168,0.26828888,0.38,15.39,0.12751944,12,0.3025861,0.230925,-1.6693613471651256,1.87,167.62416,255,253,"3/22/24, 12:00 AM",DUMKA,98,2024-12-31,4.69,3.552041,392,402,353,346,4.7369576,2024-01-01,30.34164705882353,Bara Dhania Pahari,"{""geodesic"":false,""type"":""Point"",""coordinates"":[87.54059985862635,24.288603736259418]}"
140_0,0.81,0.05052857,3.65,0.49,46.55,0.07566571,96.87,21.01,238,0.24566571,0.69,26.01,0.08385429,9.47,0.23771429,0.17096858,-2.4968414127459058,0.99,290.00427,231,245,"6/20/24, 12:00 AM",DUMKA,243,2024-12-31,5.52,3.2468905,389,379,380,376,5.4063935,2024-01-01,30.278500000000008,Majhiladih,"{""geodesic"":false,""type"":""Point"",""coordinates"":[86.94420834149939,24.47590247299834]}"
141_0,0.81,0.053216666,2.15,0.46,35.81,0.07415,98.63,17.12,281,0.2549389,0.75,9.28,0.06381389,8.97,0.17740278,0.10502222,-1.272244804329938,0.65,286.8969,207,212,"7/20/24, 12:00 AM",DUMKA,134,2024-12-31,5.46,3.603517,389,394,404,393,3.1877906,2024-01-01,30.254378378378384,Bandarpani,"{""geodesic"":false,""type"":""Point"",""coordinates"":[87.43091556243536,24.315283700197767]}"
142_0,0.36,0.097186014,3.65,0.59,64.89,0.117104895,128.12,25.61,385,0.2844797,0.42,19.15,0.11486923,13.87,0.2745035,0.19689651,-1.81834255293965,0.81,47.662106,218,231,"5/21/24, 12:00 AM",DUMKA,150,2024-12-31,5.33,3.5740879,389,386,393,383,2.752117,2024-01-01,30.1264705882353,Ranidinda Urf Madanpur,"{""geodesic"":false,""type"":""Point"",""coordinates"":[87.21073848629766,24.3365737724314]}"
143_0,0.65,0.06998042,2.45,0.42,38.34,0.099318884,115.31,37.6,376,0.31017414,0.56,15.08,0.10588182,13.46,0.31198952,0.20956713,0.9295340671877946,0.99,151.23021,216,232,"6/14/24, 12:00 AM",DUMKA,234,2024-12-31,5.04,3.4005349,404,390,380,377,2.1152434,2024-01-01,30.26283333333334,Tilauna,"{""geodesic"":false,""type"":""Point"",""coordinates"":[86.98571050762573,24.40691185917796]}"
144_0,0.35,0.06092778,3.48,0.48,93.26,0.09267778,99.68,8.05,225,0.28775555,0.57,8.26,0.10428333,8.46,0.25069165,0.1844,-1.61236733952901,1.69,294.46948,234,244,"6/24/24, 12:00 AM",DUMKA,238,2024-12-31,5.61,3.2468905,380,374,385,382,2.2380497,2024-01-01,30.28961111111111,Jangalpur,"{""geodesic"":false,""type"":""Point"",""coordinates"":[86.91833686131676,24.471590559634564]}"
145_0,0.49,0.09520278,6,0.82,26.17,0.12013889,76.34,5.83,215,0.24485278,0.25,10.24,0.14462222,15.49,0.29695278,0.24894166,-2.45038578942487,0.81,79.680824,210,228,"5/17/24, 12:00 AM",DUMKA,254,2024-12-31,5.58,3.3341472,409,396,380,376,5.163683,2024-01-01,30.228800000000007,Bhaluwa,"{""geodesic"":false,""type"":""Point"",""coordinates"":[86.93423704184568,24.441676660673384]}"
146_0,0.19,0.070671126,4.88,0.63,36.95,0.0855162,114.51,14.5,371,0.24266902,0.55,10.32,0.07021972,7.48,0.18477324,0.11331338,-1.1357098024628407,0.35,180.0,231,247,"5/19/24, 12:00 AM",DUMKA,158,2024-12-31,5.75,3.6050391,345,341,424,411,2.7802885,2024-01-01,30.183257142857137,Jamogori,"{""geodesic"":false,""type"":""Point"",""coordinates"":[87.1832500386036,24.377267454802016]}"
147_0,0.49,0.07727971,1.25,0.48,20.4,0.093897104,217.84,26.14,272.83,0.23712464,0.45,12.88,0.099155076,10.42,0.24509421,0.1795971,-2.08126764888086,1.62,121.236534,222,237,"5/10/24, 12:00 AM",DUMKA,206,2024-12-31,5.36,3.6915154,371,363,408,399,3.5724573,2024-01-01,30.29627027027027,Mathtola,"{""geodesic"":false,""type"":""Point"",""coordinates"":[87.3004801831812,24.530609873801218]}"
148_0,0.34,0.08510743,2.68,0.61,37.621,0.1127777,100.11,9.26,361,0.2699243,0.61,18.51,0.11935338,15.49,0.27878514,0.20205203,-1.1280208006214292,0.45,312.2852,242,254,"5/29/24, 12:00 AM",DUMKA,197,2024-12-31,5.59,3.184141,373,366,385,380,1.3782438,2024-01-01,30.290222222222226,Kordiha,"{""geodesic"":false,""type"":""Point"",""coordinates"":[87.0261346954111,24.56941709407518]}"
149_0,1.08,0.06766241,2.15,0.59,35.81,0.09565106,98.63,17.12,281,0.28430355,0.71,9.28,0.09745958,21.47,0.27491206,0.18061277,-0.5983728327803892,0.75,90.0,189,208,"5/17/24, 12:00 AM",DUMKA,222,2024-12-31,5.58,3.5332065,416,400,395,393,4.061928,2024-01-01,30.26994444444444,Chatra,"{""geodesic"":false,""type"":""Point"",""coordinates"":[87.02424823331445,24.241981173013617]}"
150_0,0.14,0.12659179,5.47,0.52,54.26,0.13885753,134.07,6.36,212,0.28874657,0.59,11.36,0.14848493,8.89,0.30273288,0.21519452,-1.384369892190524,0.81,121.29219,194,214,"7/9/24, 12:00 AM",DUMKA,168,2024-12-31,5.83,3.5459766,425,423,381,363,3.5667613,2024-01-01,30.21097142857143,Dhamna,"{""geodesic"":false,""type"":""Point"",""coordinates"":[87.35815202442167,24.253838934763994]}"
151_0,0.19,0.07057612,1.29,0.42,25.4,0.09844776,197.42,31.56,316.22,0.2788403,0.43,16.85,0.11579552,13.939999999999998,0.32095075,0.22457612,-1.9680905012621304,0.91,73.12564,225,243,"5/7/24, 12:00 AM",DUMKA,191,2024-12-31,5.38,3.6808677,378,371,397,385,3.1919196,2024-01-01,30.278399999999998,Susania,"{""geodesic"":false,""type"":""Point"",""coordinates"":[87.30021068859597,24.494228104794377]}"
152_0,0.46,0.06991176,0.85,0.52,35.26,0.089833826,215.6,32.65,285.44,0.22319706,0.42,13.628159999999998,0.102295585,13.32,0.25371617,0.20324117,-1.1271655634077455,0.86,132.3011,230,245,"5/7/24, 12:00 AM",DUMKA,192,2024-12-31,5.28,3.6808677,364,360,406,395,1.3778235,2024-01-01,30.278399999999998,Susania,"{""geodesic"":false,""type"":""Point"",""coordinates"":[87.3072175478121,24.499348501913857]}"
153_0,0.39,0.10336979,2.68,0.47,38.620000000000005,0.13371727,100.11,9.26,361,0.31863236,0.63,18.51,0.15941799,18.67,0.3997626,0.288018,2.0551969573257955,0.54,-0.0,184,209,"7/24/24, 12:00 AM",DUMKA,237,2024-12-31,5.42,3.5332065,433,414,383,377,0.0,2024-01-01,30.281085714285712,Khutojori,"{""geodesic"":false,""type"":""Point"",""coordinates"":[87.00322765566605,24.223925035802814]}"
154_0,0.36,0.06802174,0.96,0.52,29.6,0.09414203,204.512,31.65,237.41,0.28295508,0.47,15.986879999999998,0.105343476,12.74,0.26060146,0.18257971,-0.9199454248484845,0.98,114.46089,221,245,"5/8/24, 12:00 AM",DUMKA,194,2024-12-31,5.21,3.4890735,392,383,387,372,2.2387865,2024-01-01,30.248666666666665,Bandarjora,"{""geodesic"":false,""type"":""Point"",""coordinates"":[87.14013090496586,24.521716552488435]}"
155_0,0.46,0.08964571,0.89,0.54,23.8,0.11526857,148.512,25.23,192.33,0.27352285,0.45,18.45,0.14278285,12.02,0.30031714,0.23864286,0.36739709405137233,1.33,180.0,224,243,"5/8/24, 12:00 AM",DUMKA,176,2024-12-31,5.08,3.4890735,368,362,408,395,0.92740995,2024-01-01,30.223351351351347,Kamarbandha,"{""geodesic"":false,""type"":""Point"",""coordinates"":[87.13231556199402,24.50069597484004]}"
156_0,0.75,0.098462686,2.4511,0.14,61.77,0.117738806,150.06,26.62,258,0.20463881,0.81,10.34,0.14948657,18.67,0.2898567,0.2537,-0.8210381457592124,0.56,90.0,195,212,"7/23/24, 12:00 AM",DUMKA,258,2024-12-31,5.51,3.6687794,435,422,370,366,1.0168358,2024-01-01,30.310666666666677,Karmatanr,"{""geodesic"":false,""type"":""Point"",""coordinates"":[86.97627819714246,24.21125879029673]}"
157_0,0.65,0.09168657,3.1241,0.61,10.150000000000006,0.113043286,129.12,29.24,278,0.20962687,0.69,6.94,0.1228403,13.87,0.23788656,0.18482538,-2.0821963763954714,0.23,277.42337,195,212,"7/22/24, 12:00 AM",DUMKA,254,2024-12-31,5.38,3.6687794,435,422,370,366,7.1414905,2024-01-01,30.310666666666677,Dhawadangal,"{""geodesic"":false,""type"":""Point"",""coordinates"":[86.97546971338676,24.210180811955784]}"
158_0,0.48,0.10187778,2.59,0.51,28.45,0.123269446,214.4,25.2,192,0.28948057,0.26,11.32,0.13476944,9,0.3194111,0.23330556,-1.8907636081773376,1.87,159.91522,250,247,"3/22/24, 12:00 AM",DUMKA,98,2024-12-31,4.01,3.552041,406,419,344,334,2.9600084,2024-01-01,30.347647058823526,Masania,"{""geodesic"":false,""type"":""Point"",""coordinates"":[87.54598975033106,24.268930631537202]}"
159_0,0.78,0.08458732,2.68,0.96,38.620000000000005,0.103904225,100.11,9.26,361,0.27627888,0.67,18.51,0.09838169,15.47,0.22847041,0.15290281,-1.2250300080059213,0.45,270.0,212,230,"7/23/24, 12:00 AM",DUMKA,142,2024-12-31,5.13,3.670288,387,379,402,390,3.0456939,2024-01-01,30.249371428571436,Goasol,"{""geodesic"":false,""type"":""Point"",""coordinates"":[87.13554949701685,24.11666619087894]}"
160_0,0.52,0.07582932,5.23,0.71,103.18,0.10917744,140.17,31.4,242,0.2877466,0.29,13.34,0.13799098,8.97,0.30845714,0.23134586,-1.1260709931696538,0.19,132.32155,232,246,"6/25/24, 12:00 AM",DUMKA,245,2024-12-31,5.5,3.4005349,391,380,378,374,1.3772839,2024-01-01,30.236444444444444,Baghmari,"{""geodesic"":false,""type"":""Point"",""coordinates"":[86.97924263758006,24.409067815859846]}"
161_0,0.75,0.09865461,5.25,0.8,78.12,0.10672837,16.5,14.16,155,0.1964156,0.25,17,0.1189,16,0.24019007,0.20126241,-1.6103979860613369,0.95,65.506996,213,230,"3/29/24, 12:00 AM",DUMKA,162,2024-12-31,5.49,3.5740879,386,381,401,389,2.2360344,2024-01-01,30.124285714285712,Ranidinda Urf Madanpur,"{""geodesic"":false,""type"":""Point"",""coordinates"":[87.21990130219568,24.334148321164278]}"
162_0,0.39,0.08697432,3.39,0.43,9.88,0.11535676,139.14,16.96,239,0.26967636,0.61,9.94,0.12232365,9.34,0.27376553,0.20282905,-2.0817952964160447,0.45,301.22867,242,254,"5/29/24, 12:00 AM",DUMKA,195,2024-12-31,5.46,3.184141,373,366,385,380,3.5732653,2024-01-01,30.290222222222226,Kordaha,"{""geodesic"":false,""type"":""Point"",""coordinates"":[87.02586520082586,24.56941709407518]}"
163_0,0.39,0.075354055,4.03,0.43,90.91,0.10205946,140.56,22.66,243,0.2298027,0.38,8.32,0.120164864,11.57,0.28590542,0.20901081,-1.9688192788247307,0.65,106.86824,245,255,"5/22/24, 12:00 AM",DUMKA,225,2024-12-31,5.73,3.4973216,386,383,369,362,3.193042,2024-01-01,30.252742857142852,Dondiya,"{""geodesic"":false,""type"":""Point"",""coordinates"":[86.95417964115312,24.542467635551596]}"
164_0,0.52,0.08772121,6.88,0.49,45.62,0.11888182,101.26,7.24,248,0.26181817,0.62,13.08,0.15895152,9.34,0.32639393,0.25104243,-1.517535052630669,0.54,270.0,226,241,"6/19/24, 12:00 AM",DUMKA,253,2024-12-31,4.93,3.3341472,403,390,371,369,2.0364702,2024-01-01,30.214166666666667,Amba,"{""geodesic"":false,""type"":""Point"",""coordinates"":[86.94178289023228,24.42577648014447]}"
165_0,0.65,0.09149143,6.89,0.59,38.45,0.11734286,126.33,13.26,254,0.27502573,0.47,8.21,0.13305715,8.67,0.29644856,0.22132857,-1.555724920219755,2.77,208.77672,211,227,"5/20/24, 12:00 AM",DUMKA,255,2024-12-31,4.95,3.3341472,419,407,370,365,2.1153836,2024-01-01,30.236514285714286,Bhalua,"{""geodesic"":false,""type"":""Point"",""coordinates"":[86.9307336122376,24.443024133599565]}"
166_0,0.34,0.098966666,2.12,0.89,45.23,0.11610556,129.12,20.34,272,0.25070417,0.98,18.76,0.11681944,9.34,0.23788194,0.15954722,4.212390238415376,0.43,180.0,179,187,"7/1/24, 12:00 AM",DUMKA,135,2024-12-31,5.14,3.5489466,366,364,455,449,0.92740995,2024-01-01,30.168444444444447,Golpur,"{""geodesic"":false,""type"":""Point"",""coordinates"":[87.3193448041477,24.243328645939794]}"
167_0,0.47,0.07407465,1.64,0.58,26.1,0.08922606,145.34,12.36,232,0.19344155,0.26,8.72,0.08718592,15.49,0.18647183,0.12603028,-0.17481516917051315,0.48,286.8871,242,261,"5/19/24, 12:00 AM",DUMKA,165,2024-12-31,4.88,3.6050391,338,331,420,408,3.189587,2024-01-01,30.198457142857148,Kundadih,"{""geodesic"":false,""type"":""Point"",""coordinates"":[87.16734985807469,24.393437129916165]}"
168_0,0.39,0.097020864,5.65,0.16,51.57,0.12933813,96.87,15.48,212,0.2918144,0.21,11.36,0.14706546,13.46,0.3179813,0.23874821,-0.30423148883164863,0.65,331.1977,248,261,"5/29/24, 12:00 AM",DUMKA,206,2024-12-31,5.8,3.184141,392,384,360,354,4.22605,2024-01-01,30.275085714285705,Saraiya,"{""geodesic"":false,""type"":""Point"",""coordinates"":[87.01616339575737,24.57615445870608]}"
169_0,0.78,0.06404604,6.03,0.43,29.67,0.091069065,150.06,10.85,258,0.2821007,0.48,8.15,0.095007196,8.97,0.2907626,0.19742806,-0.9162257939194168,0.53,245.49474,202,218,"5/17/24, 12:00 AM",DUMKA,210,2024-12-31,5.08,3.5056844,399,388,399,394,2.234986,2024-01-01,30.214628571428577,Pachrukhi,"{""geodesic"":false,""type"":""Point"",""coordinates"":[87.06655888319648,24.262193266906305]}"
170_0,0.26,0.073674284,4.01,0.72,29.67,0.09207143,150.06,32.8,388,0.23681715,0.55,16.68,0.101534285,19.58,0.28981143,0.23925143,-1.611662379187354,0.85,245.5221,221,234,"5/21/24, 12:00 AM",DUMKA,264,2024-12-31,5.52,3.3341472,416,405,363,361,2.2373273,2024-01-01,30.249085714285716,Karanpura,"{""geodesic"":false,""type"":""Point"",""coordinates"":[86.91968433424293,24.42254254512164]}"
171_0,0.81,0.08273572,4.21,0.41,57.53,0.11480284,128.12,19.63,225,0.23823687,0.63,9.39,0.11500567,21.47,0.2597766,0.19465674,-0.12982773564914016,0.49,90.0,233,247,"5/22/24, 12:00 AM",DUMKA,150,2024-12-31,5.13,3.4132357,387,386,379,366,1.0178343,2024-01-01,30.279257142857148,Aluara,"{""geodesic"":false,""type"":""Point"",""coordinates"":[87.34548577891559,24.336034783260928]}"
172_0,0.48,0.07001286,2.16,0.58,27.5,0.09870572,193.312,28.36,288.51,0.27446714,0.47,14.3925,0.112192854,12.33,0.24889,0.17472428,-2.1540786423896914,0.98,344.63504,208,233,"5/8/24, 12:00 AM",DUMKA,212,2024-12-31,5.1,3.6155806,406,395,386,372,3.8417144,2024-01-01,30.23738888888889,Bauria,"{""geodesic"":false,""type"":""Point"",""coordinates"":[87.1689668255861,24.52333351999985]}"
173_0,0.58,0.08689394,1.59,0.42,33.2,0.109039396,147.168,26.3,275.41,0.2709197,0.41,13.62,0.111881815,12.42,0.2957803,0.21641667,-2.2116631956350075,1.48,90.0,225,246,"5/7/24, 12:00 AM",DUMKA,176,2024-12-31,4.97,3.5832176,365,357,410,396,4.069811,2024-01-01,30.27000000000001,Susania,"{""geodesic"":false,""type"":""Point"",""coordinates"":[87.12881213238596,24.488029729333952]}"
174_0,0.42,0.07133572,0.89,0.46,22.3,0.08945572,181.888,25.36,275.48,0.26976427,0.45,13.62,0.08684714,10.24,0.23418428,0.15873,-0.9822513769584504,0.62,58.7574,224,243,"5/9/24, 12:00 AM",DUMKA,177,2024-12-31,5.24,3.4890735,368,362,408,395,3.5718355,2024-01-01,30.223351351351347,Bindasarai,"{""geodesic"":false,""type"":""Point"",""coordinates"":[87.13231556199402,24.500426480254802]}"
175_0,0.38,0.06505672,1.84,0.56,25.3,0.092473134,205.42,20.22,194.15,0.26522836,0.45,12.64,0.11704478,13.02,0.29701194,0.21681792,-1.6126667632538607,0.65,65.534096,228,245,"5/9/24, 12:00 AM",DUMKA,200,2024-12-31,5.12,3.6432247,374,370,397,386,2.2383564,2024-01-01,30.278399999999998,Majhdiha,"{""geodesic"":false,""type"":""Point"",""coordinates"":[87.29832422649932,24.49261113728296]}"
176_0,0.65,0.07407879,2.78,0.71,63.27,0.09252576,106.77,19.63482,358,0.27535304,0.53,13.37,0.088807575,22.78,0.25559393,0.1707591,-1.5394377167408442,3.14,257.15503,201,224,"7/23/24, 12:00 AM",DUMKA,250,2024-12-31,5.63,3.6687794,413,396,386,380,4.1646376,2024-01-01,30.29461111111111,Khutojori,"{""geodesic"":false,""type"":""Point"",""coordinates"":[86.98193758343241,24.205599404006776]}"
177_0,0.41,0.08451631,3.8501,0.42,43.42,0.120839715,76.34,22.32,243,0.26560992,0.59,4.359999999999999,0.1677617,13.46,0.38625604,0.283422,-0.4307567471043708,0.23,227.6379,228,248,"7/18/24, 12:00 AM",DUMKA,196,2024-12-31,5.39,3.5859947,396,383,376,369,1.3762149,2024-01-01,30.230294117647055,Birajpur,"{""geodesic"":false,""type"":""Point"",""coordinates"":[87.07706917202067,24.22877593833706]}"
178_0,0.45,0.07765652,5.62,0.45,42.32,0.09680725,175.33,15.47,277,0.22275858,0.94,11.06,0.15985,18.65,0.27953428,0.24153572,-0.8216458949637953,0.75,90.0,194,206,"7/11/24, 12:00 AM",DUMKA,163,2024-12-31,5.47,3.5459766,452,451,354,343,1.0171486,2024-01-01,30.18441176470589,Kurumpahari,"{""geodesic"":false,""type"":""Point"",""coordinates"":[87.3635419161264,24.250604999741164]}"
179_0,0.54,0.067736484,5.1,0.78,75.65,0.0821946,112,16.1,165,0.21679595,0.29,15,0.0887473,10,0.24928649,0.19482297,-1.5539865633622638,0.88,208.74223,189,197,"5/6/24, 12:00 AM",DUMKA,159,2024-12-31,4.1,3.405328,392,389,419,414,2.114686,2024-01-01,30.19211428571429,Golpur,"{""geodesic"":false,""type"":""Point"",""coordinates"":[87.30937350449398,24.26246276149154]}"
180_0,0.48,0.07793941,8.11,0.14,61.77,0.12163188,150.06,26.62,258,0.25914276,0.81,10.34,0.12789059,18.67,0.2897442,0.20571305,2.170324712193814,2.17,47.66805,216,231,"5/17/24, 12:00 AM",DUMKA,169,2024-12-31,5.51,3.58974,390,381,394,388,1.3770094,2024-01-01,30.226555555555553,Siktiya,"{""geodesic"":false,""type"":""Point"",""coordinates"":[87.11425942478323,24.362984241784513]}"
181_0,0.19,0.070671126,3.48,0.72,93.26,0.0855162,99.68,8.05,225,0.24266902,0.47,8.26,0.07021972,21.47,0.18477324,0.11331338,-1.1357098024628407,0.57,180.0,231,247,"5/19/24, 12:00 AM",DUMKA,158,2024-12-31,5.72,3.6050391,345,341,424,411,2.7802885,2024-01-01,30.183257142857137,Jamogori,"{""geodesic"":false,""type"":""Point"",""coordinates"":[87.1832500386036,24.377267454802016]}"
182_0,0.39,0.08773551,4.12,0.98,82.16,0.111273915,126.33,19.27,389,0.27699202,0.85,14.51,0.11867971,15.47,0.28062102,0.19420145,-1.2053306503592989,0.42,65.51188,219,236,"5/19/24, 12:00 AM",DUMKA,167,2024-12-31,5.02,3.58974,379,375,402,390,4.4661107,2024-01-01,30.226555555555553,Dubrikedaili,"{""geodesic"":false,""type"":""Point"",""coordinates"":[87.11506790853893,24.362714747199277]}"
183_0,0.48,0.09284,5.71,0.27,60.54,0.12588857,153.2,9.85,276,0.2511514,0.56,8.38,0.15606,14.65,0.30833715,0.25216,2.053287495006944,1.69,-0.0,229,238,"6/20/24, 12:00 AM",DUMKA,240,2024-12-31,5.63,3.2468905,390,384,380,377,0.0,2024-01-01,30.288514285714285,Sankarpur,"{""geodesic"":false,""type"":""Point"",""coordinates"":[86.93989642813563,24.469704097537914]}"
184_0,0.13,0.09283243,2.68,0.96,38.62,0.1003,100.11,9.26,361,0.2561892,0.67,18.51,0.09065,13.87,0.21472026,0.14196756,-1.1242623958968228,0.65,227.64474,189,205,"7/19/24, 12:00 AM",DUMKA,175,2024-12-31,5.13,3.5459766,414,412,397,384,1.3763952,2024-01-01,30.205542857142856,Saharghati,"{""geodesic"":false,""type"":""Point"",""coordinates"":[87.35626556232502,24.259498321053947]}"
185_0,0.78,0.08985151,3.48,0.72,93.26,0.1218,99.68,8.05,225,0.27633637,0.47,8.26,0.15564546,21.47,0.3259788,0.2441303,-2.15326049054304,2.34,15.353654,226,241,"6/19/24, 12:00 AM",DUMKA,253,2024-12-31,5.72,3.3341472,403,390,371,369,3.8415067,2024-01-01,30.214166666666667,Amba,"{""geodesic"":false,""type"":""Point"",""coordinates"":[86.94205238481752,24.426045974729703]}"
187_0,0.23,0.074607246,2.56,0.45,35.33,0.118218705,120.26,7.42,406,0.27458203,0.39,5.44,0.13027914,18.65,0.31463885,0.22751726,5.256240450560178,0.42,245.50851,229,243,"5/22/24, 12:00 AM",DUMKA,145,2024-12-31,5.91,3.5413055,375,370,396,386,2.2361643,2024-01-01,30.26494736842105,Karanpura,"{""geodesic"":false,""type"":""Point"",""coordinates"":[87.36192494861497,24.34304164247706]}"
188_0,0.39,0.10268643,4.12,0.59,82.16,0.12549928,126.33,19.27,389,0.30291417,0.71,14.51,0.17481348,16.46,0.3466915,0.26367235,-1.9657542291775076,0.48,286.89392,229,240,"5/18/24, 12:00 AM",DUMKA,175,2024-12-31,5.58,3.5169094,374,372,397,388,3.1883395,2024-01-01,30.246941176470592,Katania,"{""geodesic"":false,""type"":""Point"",""coordinates"":[87.14713776418199,24.33926871828376]}"
189_0,0.5,0.09149143,4.12,0.98,82.16,0.11734286,126.33,4.158,389,0.27502573,0.85,14.51,0.13305715,12.49,0.29644856,0.22132857,-1.555724920219755,0.26,208.77672,211,227,"5/20/24, 12:00 AM",DUMKA,255,2024-12-31,5.02,3.3341472,419,407,370,365,2.1153836,2024-01-01,30.236514285714286,Bhalua,"{""geodesic"":false,""type"":""Point"",""coordinates"":[86.9307336122376,24.443024133599565]}"
190_0,0.23,0.08315786,4.58,0.31,67.45,0.11030357,128.12,20.34,348,0.26760715,0.63,11.38,0.11602357,8.67,0.27683356,0.19313,1.5119478042585994,0.32,216.20175,232,248,"5/19/24, 12:00 AM",DUMKA,154,2024-12-31,5.95,3.6050391,351,347,417,405,3.4440148,2024-01-01,30.183257142857137,Phulopani,"{""geodesic"":false,""type"":""Point"",""coordinates"":[87.18513650070025,24.38023189523961]}"
191_0,0.45,0.09469296,4.68,0.53,45.41,0.10938169,113.29,21.38,246,0.26491973,0.99,9.62,0.11667887,11.57,0.25873804,0.18184225,-0.7291531041423517,0.68,-0.0,185,194,"6/29/24, 12:00 AM",DUMKA,149,2024-12-31,5.44,3.6011982,366,365,449,441,0.92740995,2024-01-01,30.21707692307692,Beharabank,"{""geodesic"":false,""type"":""Point"",""coordinates"":[87.29239534562413,24.236052292138428]}"
192_0,0.54,0.088262856,3.4,0.27,61.25,0.1304695,48.63,0.85,143,0.2783064,0.72,12.36,0.14203689,14,0.301961,0.21861774,1.1769810643817196,0.65,132.3305,212,237,"4/30/24, 12:00 AM",DUMKA,169,2024-12-31,4.48,3.58974,366,356,422,406,1.3770474,2024-01-01,30.25055555555555,Kairabani,"{""geodesic"":false,""type"":""Point"",""coordinates"":[87.11587639229464,24.369452111830174]}"
193_0,0.58,0.1013331,6.1,0.75,59.28,0.1177813,63.29,24.76,165,0.2686338,0.37,28.35,0.1340518,10,0.27524388,0.20932302,-2.2241542091300572,1.66,132.33145,215,231,"4/11/24, 12:00 AM",DUMKA,178,2024-12-31,5.05,3.58974,376,372,409,397,4.124723,2024-01-01,30.226555555555553,Amra,"{""geodesic"":false,""type"":""Point"",""coordinates"":[87.11345094102751,24.365140198466403]}"
194_0,0.4,0.059665278,1.33,0.42,21.45,0.07743889,213.696,23.56,269.53,0.24284306,0.42,14.77125,0.06656667,10.42,0.19014166,0.11643333,-1.8300162666431354,1.39,180.0,218,237,"5/8/24, 12:00 AM",DUMKA,210,2024-12-31,5.28,3.6155806,423,416,359,347,2.7802885,2024-01-01,30.23233333333334,Dhobni,"{""geodesic"":false,""type"":""Point"",""coordinates"":[87.16465491222233,24.52575897126697]}"
195_0,0.25,0.08528451,0.88,0.52,25.03,0.10553662,204.176,18.69,285.41,0.22855915,0.47,13.08,0.118904226,9.42,0.25149295,0.20697747,-1.820416239771022,1.48,227.70071,226,246,"5/8/24, 12:00 AM",DUMKA,175,2024-12-31,4.86,3.4890735,374,365,400,389,2.7541518,2024-01-01,30.219243243243238,Khasia,"{""geodesic"":false,""type"":""Point"",""coordinates"":[87.12530870277789,24.507433339470932]}"
196_0,0.38,0.06891791,1.47,0.42,28.1,0.09803881,148.78,26.33,288.51,0.2629209,0.44,13.84,0.12989104,11.42,0.3247194,0.24802239,-1.5562233178799636,1.68,208.78674,225,243,"5/7/24, 12:00 AM",DUMKA,197,2024-12-31,4.81,3.6808677,378,371,397,385,2.115587,2024-01-01,30.278399999999998,Susania,"{""geodesic"":false,""type"":""Point"",""coordinates"":[87.30074967776643,24.495306083135322]}"
197_0,0.57,0.05978182,0.96,0.43,25.3,0.08418485,226.128,40.6,189.33,0.26632273,0.42,16.77312,0.08008333,10.47,0.21326515,0.13111363,-2.3766104669171297,1.67,39.494102,226,244,"5/10/24, 12:00 AM",DUMKA,199,2024-12-31,4.91,3.6432247,368,363,406,393,4.7963476,2024-01-01,30.277828571428568,Taljharni,"{""geodesic"":false,""type"":""Point"",""coordinates"":[87.2967072589879,24.492880631868196]}"
198_0,0.32,0.10747647,2.56,0.55,35.3327,0.12857647,129.12,7.42,246,0.26381764,0.48,9.62,0.15374412,9.47,0.30114853,0.24171911,-1.1236846645493077,1.13,227.63385,195,212,"7/22/24, 12:00 AM",DUMKA,258,2024-12-31,5.69,3.6687794,435,422,370,366,2.7506309,2024-01-01,30.310666666666677,Dhawadangal,"{""geodesic"":false,""type"":""Point"",""coordinates"":[86.97600870255722,24.210719801126256]}"
199_0,0.41,0.09468493,1.48,0.42,35.22,0.11169041,194.78,23.16,215.32,0.2552411,0.42,14.77,0.11541781,12.04,0.25942466,0.17648493,-2.079125106931059,0.52,58.731815,237,243,"5/7/24, 12:00 AM",DUMKA,102,2024-12-31,5.31,3.5241098,411,417,352,341,7.110942,2024-01-01,30.305542857142864,Bhagabandh,"{""geodesic"":false,""type"":""Point"",""coordinates"":[87.54006086945587,24.373494530608713]}"
200_0,0.46,0.07097761,4.12,0.49,82.16,0.100807466,126.33,19.27158,389,0.2519791,0.67,14.510000000000002,0.11512388,7.47,0.26280597,0.18922389,-2.2222825993789224,0.99,47.633728,198,212,"7/24/24, 12:00 AM",DUMKA,250,2024-12-31,4.98,3.6687794,433,421,369,368,4.121983,2024-01-01,30.296,Khutojori,"{""geodesic"":false,""type"":""Point"",""coordinates"":[86.98544101304049,24.210180811955784]}"
201_0,0.84,0.08899784,2.53,0.49,27.02,0.13779715,23.4,23.28,193,0.31024644,0.38,16,0.14042571,13,0.31773785,0.21908358,-2.1486357044896804,2.316,327.90375,239,249,"3/30/24, 12:00 AM",DUMKA,136,2024-12-31,4.24,3.5740879,398,395,363,356,7.6185756,2024-01-01,30.165314285714288,Satrukha,"{""geodesic"":false,""type"":""Point"",""coordinates"":[87.2072350566896,24.346545072085128]}"
202_0,0.25,0.06564444,1.67,0.61,36.9,0.08761667,16.3,15.5,199,0.29692638,0.56,14.2,0.083222225,18,0.24950834,0.1627,-1.8015953832153047,0.38,249.97495,201,209,"4/5/24, 12:00 AM",DUMKA,141,2024-12-31,5.41,3.603517,396,397,403,394,5.401042,2024-01-01,30.26178378378378,Kalhajhor,"{""geodesic"":false,""type"":""Point"",""coordinates"":[87.4395393891629,24.33333983740857]}"
203_0,0.48,0.060663234,5.12,0.89,64.26,0.086541176,119.57,19.08,258,0.25325587,0.49,9.39,0.096113235,12.49,0.24457647,0.17624559,-0.8201957704735111,0.46,270.0,222,239,"7/23/24, 12:00 AM",DUMKA,228,2024-12-31,5.31,3.5200946,417,407,362,355,1.0164043,2024-01-01,30.284176470588243,Kapsio,"{""geodesic"":false,""type"":""Point"",""coordinates"":[86.94932873861887,24.157359873249558]}"
204_0,0.45,0.05927297,5.34,0.42,35.38,0.084886484,140.56,20.34,280,0.25348377,0.85,8.58,0.091513515,18.67,0.2444,0.17150271,1.5740446404212172,0.42,39.50598,239,248,"5/22/24, 12:00 AM",DUMKA,225,2024-12-31,4.87,3.330229,384,381,377,370,4.7971635,2024-01-01,30.26165714285714,Bhaturia,"{""geodesic"":false,""type"":""Point"",""coordinates"":[86.94663379276652,24.545701570574426]}"
205_0,0.56,0.06723333,3.65,0.89,64.89,0.09511389,128.12,25.61,385,0.25650278,0.51,19.15,0.10281666,8.67,0.247425,0.17492223,0.8088019042279817,0.48,-0.0,232,247,"5/28/24, 12:00 AM",DUMKA,224,2024-12-31,5.02,3.2510781,386,379,382,374,2.7802885,2024-01-01,30.249371428571436,Mohila,"{""geodesic"":false,""type"":""Point"",""coordinates"":[86.94852025486317,24.555942364813387]}"
206_0,0.36,0.075354055,5.69,0.43,40.5,0.10205946,92.78,20.76,267,0.2298027,0.47,8.58,0.120164864,8.97,0.28590542,0.20901081,-1.9688192788247307,0.76,106.86824,245,255,"5/22/24, 12:00 AM",DUMKA,225,2024-12-31,5.69,3.4973216,386,383,369,362,3.193042,2024-01-01,30.252742857142852,Parasdah,"{""geodesic"":false,""type"":""Point"",""coordinates"":[86.95417964115312,24.542467635551596]}"
207_0,0.57,0.08193125,2.45,0.63,38.34,0.1047375,115.31,37.6,376,0.22244687,0.48,15.08,0.12344375,8.46,0.2580656,0.21099375,-1.1262851059810859,1.87,47.68241,226,240,"6/19/24, 12:00 AM",DUMKA,254,2024-12-31,5.71,3.3341472,404,392,370,368,1.3773884,2024-01-01,30.222057142857135,Tetaria,"{""geodesic"":false,""type"":""Point"",""coordinates"":[86.93504552560138,24.426584963900176]}"
208_0,0.34,0.07927297,5.3,0.56,93.47,0.09243784,157,23.3,145,0.25322568,0.8,25,0.07984865,14,0.18003649,0.10755811,-2.3024955056615917,1.402,114.50555,191,200,"5/7/24, 12:00 AM",DUMKA,153,2024-12-31,6.1,3.405328,378,373,432,428,4.463143,2024-01-01,30.19211428571429,Dhamna,"{""geodesic"":false,""type"":""Point"",""coordinates"":[87.30883451532351,24.260576299394888]}"
209_0,0.45,0.09149143,2.15,0.59,35.81,0.11734286,98.63,17.12,281,0.27502573,0.71,9.28,0.13305715,15.49,0.29644856,0.22132857,-1.555724920219755,0.49,208.77672,211,227,"5/21/24, 12:00 AM",DUMKA,255,2024-12-31,5.58,3.3341472,419,407,370,365,2.1153836,2024-01-01,30.236514285714286,Bhalua,"{""geodesic"":false,""type"":""Point"",""coordinates"":[86.9307336122376,24.443024133599565]}"
210_0,0.57,0.116297185,5.24,0.42,57.82,0.1342169,104.78,6.36,276,0.20206197,0.49,8.56,0.14727043,7.47,0.23329858,0.19986902,-1.6123912689361493,0.34,245.53076,231,248,"5/15/24, 12:00 AM",DUMKA,163,2024-12-31,5.31,3.5832176,371,369,397,383,2.2380702,2024-01-01,30.263470588235304,Majhdiha,"{""geodesic"":false,""type"":""Point"",""coordinates"":[87.13150707823831,24.472938032560744]}"
211_0,0.72,0.08580286,4,0.25,80.12,0.11462285,78.12,1.13,135,0.25594285,0.27,14.58,0.13091429,14,0.2848857,0.20983428,1.6606474555557462,2.56,90.0,217,232,"4/30/24, 12:00 AM",DUMKA,257,2024-12-31,4.54,3.3341472,421,410,362,358,1.0184873,2024-01-01,30.27477777777777,Karma,"{""geodesic"":false,""type"":""Point"",""coordinates"":[86.91429444253822,24.41715265341692]}"
212_0,0.57,0.053561863,5.35,0.87,93.26,0.07173051,145.34,10.15,384,0.23290677,0.89,16.96,0.06597712,18.65,0.20210339,0.1300678,4.225723615599451,0.26,47.678707,222,240,"5/29/24, 12:00 AM",DUMKA,231,2024-12-31,5.39,3.4005349,393,379,385,382,2.7529912,2024-01-01,30.234400000000004,Daldali,"{""geodesic"":false,""type"":""Point"",""coordinates"":[86.96927133792633,24.41014579420079]}"
213_0,0.56,0.074607246,4.33,0.39,87.92,0.118218705,101.22,13.66,248,0.27458203,0.89,10.38,0.13027914,16.67,0.31463885,0.22751726,5.256240450560178,2.34,245.50851,229,243,"5/27/24, 12:00 AM",DUMKA,145,2024-12-31,5.64,3.5413055,375,370,396,386,2.2361643,2024-01-01,30.26494736842105,Bhalsumia,"{""geodesic"":false,""type"":""Point"",""coordinates"":[87.36192494861497,24.34304164247706]}"
214_0,0.4,0.097232394,1.73,0.58,83.27,0.12479155,115.31,5.438,265,0.2678352,0.49,6.34,0.1475183,16.67,0.2927324,0.23692676,-1.5564632179950109,2.78,331.20847,206,223,"5/15/24, 12:00 AM",DUMKA,208,2024-12-31,5.47,3.6155806,414,410,380,367,2.1156845,2024-01-01,30.304882352941178,Kusmaha,"{""geodesic"":false,""type"":""Point"",""coordinates"":[87.15603108549477,24.520369079562254]}"
215_0,0.82,0.10747647,5.12,0.89,64.26,0.12857647,119.57,19.08,258,0.26381764,0.49,9.39,0.15374412,22.78,0.30114853,0.24171911,-1.1236846645493077,1.35,227.63385,195,212,"7/15/24, 12:00 AM",DUMKA,258,2024-12-31,5.31,3.6687794,435,422,370,366,2.7506309,2024-01-01,30.310666666666677,Bara Dumria,"{""geodesic"":false,""type"":""Point"",""coordinates"":[86.97600870255722,24.210719801126256]}"
216_0,0.25,0.074085295,0.87,0.54,15.3,0.09128824,225.568,30.25,242.16,0.28399265,0.46,10.84,0.08900588,12.33,0.23672059,0.15344854,-2.8198976228407826,1.26,352.17902,223,238,"5/8/24, 12:00 AM",DUMKA,189,2024-12-31,5.26,3.609397,395,385,382,377,7.4473686,2024-01-01,30.29870588235294,Gardih,"{""geodesic"":false,""type"":""Point"",""coordinates"":[87.15118018296053,24.488568718504425]}"
217_0,0.27,0.07839,0.74,0.52,35.2,0.10314143,171.808,24.66,279.6,0.25763285,0.53,16.3,0.10473572,13.32,0.26230428,0.18469,-2.04463235612801,0.78,216.22733,218,240,"5/9/24, 12:00 AM",DUMKA,171,2024-12-31,5.39,3.5832176,369,361,413,399,3.445138,2024-01-01,30.279771428571426,Parma,"{""geodesic"":false,""type"":""Point"",""coordinates"":[87.12557819736313,24.498270523572916]}"
218_0,0.19,0.06684179,1.56,0.46,23.8,0.090773135,205.408,24.15,272.83,0.24897164,0.49,12.12,0.11987463,13.49,0.30774626,0.22205223,-0.8254894677243728,0.32,90.0,225,243,"5/10/24, 12:00 AM",DUMKA,197,2024-12-31,5.26,3.6808677,378,371,397,385,1.0191207,2024-01-01,30.278399999999998,Tharikhasia,"{""geodesic"":false,""type"":""Point"",""coordinates"":[87.30128866693691,24.495575577720555]}"
219_0,0.52,0.06313485,2.78,0.71,63.27,0.08815606,106.77,19.63482,358,0.28039697,0.53,13.37,0.08690455,21.47,0.25418788,0.16857879,2.0553387023552294,0.14,-0.0,201,224,"7/16/24, 12:00 AM",DUMKA,251,2024-12-31,5.63,3.6687794,413,396,386,380,0.0,2024-01-01,30.29461111111111,Dhawadangal,"{""geodesic"":false,""type"":""Point"",""coordinates"":[86.98220707801765,24.205599404006776]}"
220_0,0.32,0.06470769,0.65,0.87,63,0.08558462,176,25.43,175,0.22983846,0.37,14.2,0.08463846,14,0.23154461,0.16504154,-2.428882642994171,3.1,23.727657,212,229,"3/22/24, 12:00 AM",DUMKA,207,2024-12-31,4.6,3.6432247,384,378,404,393,5.0525255,2024-01-01,30.25205714285714,Mahubona,"{""geodesic"":false,""type"":""Point"",""coordinates"":[87.2907783781127,24.49018568601584]}"
221_0,0.55,0.08753778,1.3,0.71,29.2,0.10153852,32,9.34,170,0.25835407,0.53,16.4,0.10099407,17,0.23012592,0.15995185,-2.6269470047558516,0.86,98.63132,204,209,"3/31/24, 12:00 AM",DUMKA,206,2024-12-31,5.29,3.5455499,415,410,380,382,6.1563478,2024-01-01,30.236628571428568,Bamerjhanti,"{""geodesic"":false,""type"":""Point"",""coordinates"":[87.38052007499626,24.38804723821145]}"
222_0,0.36,0.1353611,4.49,0.55,17.19,0.15961945,123,5.52,213,0.30570555,0.87,11.18,0.18245278,10,0.34624165,0.26701668,-0.7293943126711484,1.49,180.0,249,246,"3/22/24, 12:00 AM",DUMKA,89,2024-12-31,4.95,3.552041,403,416,349,337,2.7802885,2024-01-01,30.25348571428573,Jaluaduba,"{""geodesic"":false,""type"":""Point"",""coordinates"":[87.547067728672,24.266505180270077]}"
223_0,0.53,0.09006389,2.1,0.6,33.5,0.108925,221,15.56,167,0.30746388,0.16,13.63,0.09811111,15,0.24141389,0.15223889,-1.5538769450887673,0.45,28.740025,243,251,"4/7/24, 12:00 AM",DUMKA,65,2024-12-31,5.09,3.583333,376,378,381,371,2.1146412,2024-01-01,30.398411764705884,Jhunki,"{""geodesic"":false,""type"":""Point"",""coordinates"":[87.6252211583904,24.2508744943264]}"
224_0,0.26,0.057947222,5.34,0.58,35.38,0.08021667,140.56,20.34,280,0.2502722,0.73,8.58,0.07636944,7.47,0.20950277,0.12975833,-0.12950210482830196,0.53,270.0,207,212,"7/20/24, 12:00 AM",DUMKA,133,2024-12-31,5.48,3.603517,389,394,404,393,1.017667,2024-01-01,30.253729729729734,Bandarpani,"{""geodesic"":false,""type"":""Point"",""coordinates"":[87.43064606785012,24.315283700197767]}"
225_0,0.99,0.082105406,5.89,0.49,38.26,0.113845274,101.26,13.2,354,0.25789258,0.57,12.39,0.12522094,8.89,0.27365404,0.20424594,4.538354794493909,0.76,132.28539,242,254,"5/29/24, 12:00 AM",DUMKA,193,2024-12-31,4.86,3.184141,373,366,385,380,1.3782388,2024-01-01,30.290222222222226,Dhanwe,"{""geodesic"":false,""type"":""Point"",""coordinates"":[87.0261346954111,24.568608610319473]}"
226_0,0.81,0.046725,5.71,0.27,60.54,0.066463396,153.2,9.85,276,0.23348661,0.56,8.38,0.060925893,7.48,0.18018304,0.11107143,-0.730500065166057,0.26,-0.0,226,243,"6/13/24, 12:00 AM",DUMKA,235,2024-12-31,5.63,3.4005349,401,389,373,368,0.92740995,2024-01-01,30.234400000000004,Bara,"{""geodesic"":false,""type"":""Point"",""coordinates"":[86.96792386500016,24.41014579420079]}"
227_0,0.46,0.053561863,5.09,0.59,50.56,0.07173051,165.01,2.74,368,0.23290677,0.42,17.23,0.06597712,18.65,0.20210339,0.1300678,4.225723615599451,0.78,47.678707,222,240,"6/8/24, 12:00 AM",DUMKA,231,2024-12-31,5.81,3.4005349,393,379,385,382,2.7529912,2024-01-01,30.234400000000004,Bhalki,"{""geodesic"":false,""type"":""Point"",""coordinates"":[86.96927133792633,24.41014579420079]}"
228_0,0.48,0.08462162,3.2,0.95,69.39,0.096475676,195,17.2,135,0.24085405,0.47,20,0.09276351,13,0.2097581,0.13746756,-1.6093501178304013,2.04,114.5055,192,199,"5/7/24, 12:00 AM",DUMKA,156,2024-12-31,5.07,3.405328,374,371,434,430,2.2349658,2024-01-01,30.19211428571429,Dhamna,"{""geodesic"":false,""type"":""Point"",""coordinates"":[87.30856502073827,24.260845793980124]}"
229_0,0.13,0.084232844,5.24,0.71,57.82,0.12480145,105.48,6.36,276,0.2937367,0.53,8.38,0.14700432,8.67,0.29500073,0.20478201,-0.2242189638957377,0.75,294.49164,232,243,"5/17/24, 12:00 AM",DUMKA,168,2024-12-31,5.63,3.5169094,384,383,384,374,2.2361522,2024-01-01,30.253588235294128,Uparbahiar,"{""geodesic"":false,""type"":""Point"",""coordinates"":[87.14632928042629,24.342233158721353]}"
230_0,0.99,0.06118108,3.85,0.57,19.82,0.08812973,169.6,12.77,236,0.24451081,0.31,11.65,0.09585405,12.49,0.26112163,0.18533513,2.5265350728734144,0.82,-0.0,238,252,"5/29/24, 12:00 AM",DUMKA,224,2024-12-31,5.67,3.330229,380,377,382,371,1.8543341,2024-01-01,30.26165714285714,Barhait,"{""geodesic"":false,""type"":""Point"",""coordinates"":[86.94690328735176,24.545701570574426]}"
231_0,1.35,0.08877027,2.12,0.43,45.23,0.10993243,119.57,20.4,263,0.27636486,0.47,18.76,0.120924324,12.49,0.2962027,0.21268378,-2.045206845803713,0.65,143.76094,249,262,"5/28/24, 12:00 AM",DUMKA,226,2024-12-31,5.69,3.3526697,381,373,370,365,3.4456532,2024-01-01,30.27841176470588,Hararwa,"{""geodesic"":false,""type"":""Point"",""coordinates"":[86.98139859426195,24.552169440620087]}"
232_0,0.81,0.08397714,2.35,0.47,45.62,0.114748575,101.26,7.24,248,0.32814226,0.81,13.08,0.16892818,13.87,0.34694085,0.25405917,-1.9317162682254578,0.41,261.35965,201,213,"7/11/24, 12:00 AM",DUMKA,165,2024-12-31,5.14,3.5459766,422,423,377,364,6.1500053,2024-01-01,30.21097142857143,Dhamna,"{""geodesic"":false,""type"":""Point"",""coordinates"":[87.3605774756888,24.253299945593522]}"
233_0,0.23,0.0755116,2.44,0.42,40.66,0.09702753,126.33,19.63,276,0.23876858,0.49,8.38,0.16244143,13.46,0.2932,0.25124714,-1.3843187624451863,0.45,121.29291,194,206,"7/10/24, 12:00 AM",DUMKA,161,2024-12-31,5.31,3.5459766,452,451,354,343,3.5666876,2024-01-01,30.18441176470589,Dhamna,"{""geodesic"":false,""type"":""Point"",""coordinates"":[87.36408090529686,24.250335505155928]}"
234_0,0.99,0.08273572,5.09,0.97,50.56,0.11480284,165.01,16.97,368,0.23823687,0.79,17.213,0.11500567,9.34,0.2597766,0.19465674,-0.12982773564914016,0.52,90.0,233,247,"5/21/24, 12:00 AM",DUMKA,150,2024-12-31,5.08,3.4132357,387,386,379,366,1.0178343,2024-01-01,30.279257142857148,Baghasol,"{""geodesic"":false,""type"":""Point"",""coordinates"":[87.34548577891559,24.336034783260928]}"
235_0,0.46,0.07319058,4.21,0.58,57.53,0.10464348,128.12,0.484,225,0.27766377,0.69,9.39,0.11861739,8.97,0.29034057,0.20958406,-2.235634581965155,1.35,77.174644,224,237,"5/28/24, 12:00 AM",DUMKA,231,2024-12-31,5.73,3.4005349,392,383,384,380,4.1708794,2024-01-01,30.26283333333334,Baghmara,"{""geodesic"":false,""type"":""Point"",""coordinates"":[86.9811290996767,24.40610337542225]}"
236_0,0.39,0.08315786,4.88,0.98,36.95,0.11030357,114.51,14.5,371,0.26760715,0.68,10.32,0.11602357,18.67,0.27683356,0.19313,1.5119478042585994,0.76,216.20175,232,248,"5/19/24, 12:00 AM",DUMKA,154,2024-12-31,5.63,3.6050391,351,347,417,405,3.4440148,2024-01-01,30.183257142857137,Ghanshyampur,"{""geodesic"":false,""type"":""Point"",""coordinates"":[87.18513650070025,24.38023189523961]}"
237_0,0.48,0.07956986,5.35,0.87,93.26,0.09310137,145.34,10.15,384,0.24240547,0.89,16.96,0.09176301,16.67,0.21467534,0.15468767,-1.4224308692633063,0.26,180.0,186,205,"7/18/24, 12:00 AM",DUMKA,158,2024-12-31,5.39,3.405328,385,386,428,409,1.8543341,2024-01-01,30.214235294117643,Dhabna,"{""geodesic"":false,""type"":""Point"",""coordinates"":[87.34440780057464,24.253569440178758]}"
238_0,0.61,0.06812222,0.89,0.49,24.05,0.09210555,192.976,26.14,297.41,0.28405833,0.42,15.46,0.09957917,10.47,0.24639028,0.17962083,-0.43434798564146815,1.67,47.70501,218,237,"5/8/24, 12:00 AM",DUMKA,207,2024-12-31,5.06,3.6155806,423,416,359,347,1.3779851,2024-01-01,30.23233333333334,Bauria,"{""geodesic"":false,""type"":""Point"",""coordinates"":[87.1651939013928,24.526297960437443]}"
239_0,0.51,0.06812222,0.93,0.56,23.56,0.09210555,204.512,26.31,304.12,0.28405833,0.43,13.23,0.09957917,14.72,0.24639028,0.17962083,-0.43434798564146815,1.06,47.70501,218,237,"5/8/24, 12:00 AM",DUMKA,207,2024-12-31,4.93,3.6155806,423,416,359,347,1.3779851,2024-01-01,30.23233333333334,Bauria,"{""geodesic"":false,""type"":""Point"",""coordinates"":[87.1651939013928,24.526297960437443]}"
240_0,0.49,0.07383731,1.29,0.56,26.54,0.10317164,208.88,20.45,316.74,0.2970358,0.43,15.47,0.1279403,9.56,0.3544791,0.25230747,-2.2493652609351966,0.9,28.78658,223,242,"5/7/24, 12:00 AM",DUMKA,193,2024-12-31,5.16,3.6432247,381,375,396,384,4.2254143,2024-01-01,30.278399999999998,Susania,"{""geodesic"":false,""type"":""Point"",""coordinates"":[87.29967169942549,24.494497599379613]}"
241_0,0.48,0.071242645,1.46,0.53,35.2,0.089182355,172.81599999999997,31.25,275.48,0.20075442,0.49,10.98,0.10710147,10.78,0.26018822,0.223275,-1.1271631399105508,1.48,227.69876,231,246,"5/7/24, 12:00 AM",DUMKA,192,2024-12-31,5.38,3.6808677,367,363,403,391,1.3778201,2024-01-01,30.278399999999998,Susania,"{""geodesic"":false,""type"":""Point"",""coordinates"":[87.30748704239733,24.498809512743385]}"
242_0,0.79,0.07198507,1.87,0.46,28.4,0.098211944,178.94,26.33,263.42,0.2598985,0.35,11.96,0.12527612,13.05,0.32032686,0.23359701,-2.21181626382167,1.22,90.0,219,233,"5/7/24, 12:00 AM",DUMKA,189,2024-12-31,4.83,3.6432247,364,361,417,406,4.0701246,2024-01-01,30.277828571428568,Susania,"{""geodesic"":false,""type"":""Point"",""coordinates"":[87.29832422649932,24.497731534402444]}"
243_0,0.42,0.07174478,2.45,0.42,38.34,0.09552538,115.31,22.32,376,0.23294328,0.56,15.079999999999998,0.1078612,21.47,0.24536417,0.18330747,-1.8902999750588543,0.23,159.92293,193,208,"7/16/24, 12:00 AM",DUMKA,262,2024-12-31,5.04,3.6687794,437,424,370,369,2.959863,2024-01-01,30.310666666666677,Dhawadangal,"{""geodesic"":false,""type"":""Point"",""coordinates"":[86.98059011050624,24.215840198245736]}"
244_0,0.8,0.10747647,3.25,0.39,37.1634,0.12857647,113.29,14.2,245,0.26381764,0.53,11.28,0.15374412,17.48,0.30114853,0.24171911,-1.1236846645493077,0.13,227.63385,195,212,"7/16/24, 12:00 AM",DUMKA,258,2024-12-31,5.17,3.6687794,435,422,370,366,2.7506309,2024-01-01,30.310666666666677,Dhawadangal,"{""geodesic"":false,""type"":""Point"",""coordinates"":[86.97600870255722,24.210719801126256]}"
245_0,0.46,0.06999143,1.22,0.54,34.25,0.091825716,259.28,26.31,272.83,0.24365,0.57,18.74,0.100842856,10.42,0.24474715,0.18053,-2.0446587901455078,0.75,36.227814,224,243,"5/9/24, 12:00 AM",DUMKA,178,2024-12-31,5.2,3.4890735,368,362,408,395,3.4451592,2024-01-01,30.223351351351347,Bindasarai,"{""geodesic"":false,""type"":""Point"",""coordinates"":[87.1320460674088,24.500426480254802]}"
246_0,0.46,0.07407879,3.39,0.43,9.879999999999995,0.09252576,139.14,16.96202,239,0.27535304,0.61,9.94,0.088807575,16.67,0.25559393,0.1707591,-1.5394377167408442,2.34,257.15503,201,224,"7/23/24, 12:00 AM",DUMKA,250,2024-12-31,5.46,3.6687794,413,396,386,380,4.1646376,2024-01-01,30.29461111111111,Khutojori,"{""geodesic"":false,""type"":""Point"",""coordinates"":[86.98193758343241,24.205599404006776]}"
247_0,0.48,0.06313485,5.78,0.46,59.83,0.08815606,100.11,11.26,262,0.28039697,0.39,6.31,0.08690455,16.67,0.25418788,0.16857879,2.0553387023552294,0.36,-0.0,201,224,"7/23/24, 12:00 AM",DUMKA,251,2024-12-31,5.58,3.6687794,413,396,386,380,0.0,2024-01-01,30.29461111111111,Khutojori,"{""geodesic"":false,""type"":""Point"",""coordinates"":[86.98220707801765,24.205599404006776]}"
248_0,0.85,0.07746389,4.01,0.72,29.67,0.103758335,150.06,32.8,388,0.24793056,0.55,16.68,0.10854722,16.67,0.24709722,0.17486112,-1.126333590500412,0.34,47.683353,214,231,"6/24/24, 12:00 AM",DUMKA,245,2024-12-31,5.52,3.3341472,403,391,382,378,2.753236,2024-01-01,30.259999999999998,Tilwamarni,"{""geodesic"":false,""type"":""Point"",""coordinates"":[86.92561321511812,24.43089687726395]}"
249_0,0.52,0.10043143,1.3,0.7,7.16,0.13067715,34.3,4.91,228,0.32830858,0.24,10.32,0.14192571,24,0.36068857,0.258,-1.817381108902331,1.09,132.35588,242,248,"4/7/24, 12:00 AM",DUMKA,68,2024-12-31,5.04,3.583333,392,393,367,359,2.7511709,2024-01-01,30.39018181818182,Jhunki,"{""geodesic"":false,""type"":""Point"",""coordinates"":[87.62252621253805,24.256533880616352]}"
250_0,0.52,0.09284,5.09,0.93,50.56,0.12588857,165.01,2.74,358,0.2511514,0.69,17.23,0.15606,9.34,0.30833715,0.25216,2.053287495006944,0.99,-0.0,229,238,"6/20/24, 12:00 AM",DUMKA,240,2024-12-31,4.72,3.2468905,390,384,380,377,0.0,2024-01-01,30.288514285714285,Sankarpur,"{""geodesic"":false,""type"":""Point"",""coordinates"":[86.93989642813563,24.469704097537914]}"
251_0,0.45,0.07038321,1.08,0.45,32.5,0.08726715,204.51,25.4,140.52,0.26976132,0.88,23.56,0.08083942,12.32,0.22996934,0.1550708,0.276251211234884,0.88,270.0,215,237,"5/31/24, 12:00 AM",DUMKA,185,2024-12-31,5.65,3.5056844,410,402,376,362,1.0175201,2024-01-01,30.245722222222216,Hardipatti,"{""geodesic"":false,""type"":""Point"",""coordinates"":[87.07006231280454,24.29695806840173]}"
252_0,0.76,0.061791427,5.12,0.48,64.26,0.090717144,119.57,19.08,258,0.2733857,0.57,9.39,0.09539143,14.48,0.25088856,0.17575714,-2.0179132865848155,0.19,294.46848,229,244,"6/24/24, 12:00 AM",DUMKA,228,2024-12-31,5.61,3.2468905,393,383,379,373,6.6872916,2024-01-01,30.278500000000008,Gadi Kamardiha,"{""geodesic"":false,""type"":""Point"",""coordinates"":[86.94070491189133,24.477519440509752]}"
253_0,0.25,0.1013331,3.4,0.22,80.6,0.1177813,78.12,6.87,178,0.2686338,0.86,7.45,0.1340518,10,0.27524388,0.20932302,-2.2241542091300572,1.26,132.33145,215,231,"4/12/24, 12:00 AM",DUMKA,178,2024-12-31,5.78,3.58974,376,372,409,397,4.124723,2024-01-01,30.226555555555553,Amra,"{""geodesic"":false,""type"":""Point"",""coordinates"":[87.11345094102751,24.365140198466403]}"
254_0,0.54,0.0755116,4.68,0.41,45.41,0.09702753,96.87,21.38,232,0.23876858,0.59,8.72,0.16244143,13.87,0.2932,0.25124714,-1.3843187624451863,0.39,121.29291,194,206,"7/10/24, 12:00 AM",DUMKA,161,2024-12-31,5.09,3.5459766,452,451,354,343,3.5666876,2024-01-01,30.18441176470589,Dhamna,"{""geodesic"":false,""type"":""Point"",""coordinates"":[87.36408090529686,24.250335505155928]}"
255_0,0.48,0.07475,2.87,0.52,74.09,0.10480588,118.47,3.436,267,0.28504705,0.56,11.54,0.1268647,15.49,0.28650296,0.21139118,-0.8624214009387884,2.77,28.77378,227,237,"6/19/24, 12:00 AM",DUMKA,242,2024-12-31,5.73,3.3341472,401,391,372,371,2.1153243,2024-01-01,30.214166666666667,Amba,"{""geodesic"":false,""type"":""Point"",""coordinates"":[86.94555581442557,24.42766294224112]}"
257_0,0.81,0.070671126,3.12,0.63,10.15,0.0855162,129.12,29.24,278,0.24266902,0.67,6.94,0.07021972,15.45,0.18477324,0.11331338,-1.1357098024628407,0.45,180.0,231,247,"5/19/24, 12:00 AM",DUMKA,158,2024-12-31,4.95,3.6050391,345,341,424,411,2.7802885,2024-01-01,30.183257142857137,Jamogori,"{""geodesic"":false,""type"":""Point"",""coordinates"":[87.1832500386036,24.377267454802016]}"
258_0,0.68,0.06891791,6.98,0.46,32.21,0.09803881,107.88,14.55,269,0.2629209,0.98,13.36,0.12989104,7.47,0.3247194,0.24802239,-1.5562233178799636,0.34,208.78674,225,243,"5/14/24, 12:00 AM",DUMKA,197,2024-12-31,4.88,3.6808677,378,371,397,385,2.115587,2024-01-01,30.278399999999998,Kusmaha,"{""geodesic"":false,""type"":""Point"",""coordinates"":[87.30074967776643,24.495306083135322]}"
259_0,0.48,0.07115672,1.46,0.49,26.8,0.098167166,206.42,30.26,313.02,0.25563136,0.43,14.02,0.12970747,9.52,0.32254627,0.24167164,-2.4029753434849064,1.87,235.6866,223,242,"5/7/24, 12:00 AM",DUMKA,196,2024-12-31,5.48,3.6808677,381,375,396,384,4.923763,2024-01-01,30.278399999999998,Dhoba,"{""geodesic"":false,""type"":""Point"",""coordinates"":[87.3004801831812,24.495306083135322]}"
260_0,0.81,0.10747647,5.71,0.27,60.540000000000006,0.12857647,153.2,9.85,276,0.26381764,0.56,8.38,0.15374412,7.48,0.30114853,0.24171911,-1.1236846645493077,0.26,227.63385,195,212,"7/16/24, 12:00 AM",DUMKA,258,2024-12-31,5.63,3.6687794,435,422,370,366,2.7506309,2024-01-01,30.310666666666677,Dhawadangal,"{""geodesic"":false,""type"":""Point"",""coordinates"":[86.97600870255722,24.210719801126256]}"
261_0,0.39,0.053950768,5.34,0.58,35.379999999999995,0.07585846,140.56,20.3432354,280,0.23264769,0.73,8.58,0.086667694,12.49,0.23207693,0.1678123,-1.919504854849397,0.34,270.0,215,235,"7/24/24, 12:00 AM",DUMKA,245,2024-12-31,5.48,3.6687794,399,384,386,381,3.0477307,2024-01-01,30.280722222222224,Khutojori,"{""geodesic"":false,""type"":""Point"",""coordinates"":[86.97735617548341,24.20209597439871]}"
262_0,0.35,0.078768656,1.93,0.49,24.13,0.100368656,225.568,16.53,266.53,0.26101193,0.47,13.84,0.1081403,10.23,0.27489105,0.20111492,-0.9193937565493857,0.45,245.53256,219,242,"5/9/24, 12:00 AM",DUMKA,178,2024-12-31,5.23,3.5832176,364,355,417,403,2.2382255,2024-01-01,30.28965714285715,Parma,"{""geodesic"":false,""type"":""Point"",""coordinates"":[87.13258505657926,24.483717815970177]}"
263_0,0.81,0.06313485,3.48,0.48,93.26,0.08815606,99.68,8.05,225,0.28039697,0.57,8.26,0.08690455,14.48,0.25418788,0.16857879,2.0553387023552294,0.54,-0.0,201,224,"7/23/24, 12:00 AM",DUMKA,251,2024-12-31,5.609999999999999,3.6687794,413,396,386,380,0.0,2024-01-01,30.29461111111111,Khutojori,"{""geodesic"":false,""type"":""Point"",""coordinates"":[86.98220707801765,24.205599404006776]}"
264_0,0.39,0.075868614,2.38,0.73,31.9,0.0945489,30.2,6.11,180,0.25817665,0.37,19.3,0.10591971,15,0.27856132,0.19618759,-2.2351351975672022,2.08,102.828606,205,216,"4/1/24, 12:00 AM",DUMKA,180,2024-12-31,5.5,3.5455499,380,381,416,403,4.169846,2024-01-01,30.25027777777778,Bhawanrpathar,"{""geodesic"":false,""type"":""Point"",""coordinates"":[87.3853709775305,24.37295554143824]}"
265_0,0.27,0.10368056,4.35,0.39,32.64,0.12748334,228.17,38.1,211,0.28643888,0.71,13.62,0.14329167,10,0.32193056,0.23938888,-1.8907636081773376,3.15,200.08478,250,247,"3/22/24, 12:00 AM",DUMKA,99,2024-12-31,4.21,3.552041,406,419,344,334,2.9600084,2024-01-01,30.347647058823526,Masania,"{""geodesic"":false,""type"":""Point"",""coordinates"":[87.54572025574583,24.268930631537202]}"
266_0,0.75,0.058722224,5.71,0.27,60.54,0.087852776,153.2,9.85,276,0.27592778,0.56,8.38,0.10377778,17.48,0.26168334,0.19566111,-3.429448300256602,0.34,227.69322,229,238,"6/24/24, 12:00 AM",DUMKA,243,2024-12-31,5.63,3.2468905,377,370,395,392,13.52259,2024-01-01,30.28961111111111,Jangalpur,"{""geodesic"":false,""type"":""Point"",""coordinates"":[86.92049281799864,24.474555000072158]}"
267_0,1.18,0.06748993,5.47,0.69,54.26,0.097340286,100.11,6.36,235,0.2796892,0.67,9.31,0.10643669,13.46,0.2811748,0.1958036,-0.821822129531691,0.81,270.0,202,218,"5/16/24, 12:00 AM",DUMKA,211,2024-12-31,5.58,3.5056844,399,388,399,394,2.0338387,2024-01-01,30.214628571428577,Dudhani,"{""geodesic"":false,""type"":""Point"",""coordinates"":[87.06709787236694,24.26192377232107]}"
268_0,0.45,0.062384374,2.44,0.42,40.66,0.095075,126.33,0.218,276,0.30892187,0.49,8.38,0.10021875,13.46,0.2918594,0.1926875,2.003318599552026,0.23,286.88348,215,231,"5/25/24, 12:00 AM",DUMKA,248,2024-12-31,5.31,3.3341472,414,402,371,368,3.1902475,2024-01-01,30.28741176470588,Amba,"{""geodesic"":false,""type"":""Point"",""coordinates"":[86.9345065364309,24.422003555951168]}"
269_0,0.46,0.062384374,1.73,0.53,83.27,0.095075,145.34,5.438,201,0.30892187,0.52,20.52,0.10021875,12.49,0.2918594,0.1926875,2.003318599552026,0.47,286.88348,215,231,"5/25/24, 12:00 AM",DUMKA,248,2024-12-31,5.63,3.3341472,414,402,371,368,3.1902475,2024-01-01,30.28741176470588,Tetaria,"{""geodesic"":false,""type"":""Point"",""coordinates"":[86.9345065364309,24.422003555951168]}"
270_0,0.85,0.09149143,4.21,0.41,57.53,0.11734286,128.12,0.484,225,0.27502573,0.63,9.39,0.13305715,13.65,0.29644856,0.22132857,-1.555724920219755,2.17,208.77672,211,227,"5/20/24, 12:00 AM",DUMKA,255,2024-12-31,5.13,3.3341472,419,407,370,365,2.1153836,2024-01-01,30.236514285714286,Bhalua,"{""geodesic"":false,""type"":""Point"",""coordinates"":[86.9307336122376,24.443024133599565]}"
271_0,0.65,0.06843428,1.64,0.46,26.1,0.09983715,113.29,12.36,239,0.2688343,0.56,9.94,0.11143143,18.65,0.2818857,0.19722857,0.9674980520193587,1.08,90.0,217,232,"5/15/24, 12:00 AM",DUMKA,257,2024-12-31,4.68,3.3341472,421,410,362,358,2.036336,2024-01-01,30.27477777777777,Karma,"{""geodesic"":false,""type"":""Point"",""coordinates"":[86.91402494795298,24.417422148002156]}"
272_0,0.59,0.1013331,4,0.91,104.6,0.1177813,46.87,18.55,168,0.2686338,0.37,16.25,0.1340518,14,0.27524388,0.20932302,-2.2241542091300572,1.26,132.33145,215,231,"4/11/24, 12:00 AM",DUMKA,178,2024-12-31,5.5,3.58974,376,372,409,397,4.124723,2024-01-01,30.226555555555553,Amra,"{""geodesic"":false,""type"":""Point"",""coordinates"":[87.11345094102751,24.365140198466403]}"
273_0,1.18,0.07832917,2.56,0.55,35.33,0.1312726,129.12,7.42,246,0.26494795,0.48,9.62,0.13078356,7.48,0.2479041,0.1838411,-2.1156444571000828,0.45,-0.0,186,209,"7/20/24, 12:00 AM",DUMKA,173,2024-12-31,5.69,3.5459766,418,412,396,379,3.7047918,2024-01-01,30.236571428571427,Saharghati,"{""geodesic"":false,""type"":""Point"",""coordinates"":[87.35249263813172,24.261654277735833]}"
274_0,0.34,0.06139722,4.53,0.31,10.15,0.08964722,115.31,21.39,258,0.24296944,0.52,8.15,0.10555278,14.65,0.27491668,0.19579166,-1.1280404757762497,0.45,227.71506,234,251,"5/29/24, 12:00 AM",DUMKA,211,2024-12-31,5.73,3.3526697,395,384,371,365,1.3782505,2024-01-01,30.24216666666667,Cheharbhenk,"{""geodesic"":false,""type"":""Point"",""coordinates"":[86.95983902744308,24.570495072416126]}"
275_0,0.56,0.10924286,5.96,0.16,64.12,0.13483214,101.26,6.97,232,0.30079362,0.21,8.72,0.17190284,12.49,0.32102552,0.2346461,1.8131279222142231,0.78,238.72484,228,248,"5/17/24, 12:00 AM",DUMKA,164,2024-12-31,5.8,3.5169094,379,372,394,379,3.568502,2024-01-01,30.246941176470592,Amra,"{""geodesic"":false,""type"":""Point"",""coordinates"":[87.14525130208534,24.338999223698522]}"
276_0,0.39,0.074639566,3.65,0.89,64.89,0.097706474,128.12,25.61,385,0.25465396,0.51,19.15,0.10816979,7.47,0.26680216,0.18654172,-1.6092076829264923,0.78,114.50716,211,227,"5/16/24, 12:00 AM",DUMKA,217,2024-12-31,5.02,3.5056844,396,384,393,389,2.2348247,2024-01-01,30.234857142857145,Palasia,"{""geodesic"":false,""type"":""Point"",""coordinates"":[87.0689843344636,24.251143988911636]}"
277_0,1.35,0.08887077,5.12,0.46,37.17,0.09138308,165.01,18.94,218,0.24403077,0.75,28.26,0.07782154,16.46,0.19321845,0.12694462,-1.1241111163677928,0.41,227.64194,197,212,"7/9/24, 12:00 AM",DUMKA,156,2024-12-31,5.46,3.4836266,448,445,356,343,1.3763214,2024-01-01,30.17217142857144,Dhamna,"{""geodesic"":false,""type"":""Point"",""coordinates"":[87.36758433490493,24.24683207554786]}"
278_0,0.78,0.07637622,1.64,0.58,26.1,0.105869934,145.34,12.36,232,0.28577062,0.26,8.72,0.124575526,13.87,0.31422028,0.22225036,1.7544306722545835,0.26,-0.0,216,232,"6/15/24, 12:00 AM",DUMKA,234,2024-12-31,4.88,3.4005349,404,390,380,377,0.92740995,2024-01-01,30.26283333333334,Tilauna,"{""geodesic"":false,""type"":""Point"",""coordinates"":[86.98598000221095,24.40691185917796]}"
279_0,0.65,0.050835963,5.09,0.97,50.56,0.0748921,165.01,2.74,368,0.25673947,0.79,17.23,0.069189474,9.47,0.2226,0.14578333,2.053756005347696,0.56,-0.0,226,243,"6/13/24, 12:00 AM",DUMKA,235,2024-12-31,5.08,3.4005349,395,381,379,376,0.0,2024-01-01,30.234400000000004,Bara,"{""geodesic"":false,""type"":""Point"",""coordinates"":[86.96846285417062,24.410415288786027]}"
280_0,0.56,0.084232844,4.21,0.53,57.53,0.12480145,128.12,19.63,225,0.2937367,0.29,9.39,0.14700432,13.46,0.29500073,0.20478201,-0.2242189638957377,0.81,294.49164,232,243,"5/19/24, 12:00 AM",DUMKA,168,2024-12-31,4.68,3.5169094,384,383,384,374,2.2361522,2024-01-01,30.253588235294128,Bara,"{""geodesic"":false,""type"":""Point"",""coordinates"":[87.14632928042629,24.342233158721353]}"
281_0,0.39,0.06830211,5.34,0.42,35.38,0.08606127,140.56,20.5,280,0.22577253,0.85,8.58,0.09619789,14.48,0.25624296,0.17928451,0.5596346533836047,0.81,238.73595,232,252,"5/19/24, 12:00 AM",DUMKA,167,2024-12-31,4.87,3.6050391,344,336,424,411,3.5696383,2024-01-01,30.198457142857148,Lagla,"{""geodesic"":false,""type"":""Point"",""coordinates"":[87.16734985807469,24.394245613671874]}"
282_0,0.65,0.07886338,4.53,0.45,10.15,0.10469155,129.12,1.512,232,0.2846507,0.69,8.72,0.11996901,15.47,0.29135352,0.21916479,-1.6712414841249348,0.54,192.39778,206,221,"5/15/24, 12:00 AM",DUMKA,207,2024-12-31,5.69,3.6155806,415,411,379,368,4.7373543,2024-01-01,30.304882352941178,Kusmaha,"{""geodesic"":false,""type"":""Point"",""coordinates"":[87.15495310715384,24.519560595806546]}"
283_0,0.33,0.06218182,0.98,0.52,27.4,0.08194697,253.68,25.53,288.51,0.23288181,0.47,10.74,0.09463333,13.489999999999991,0.25796667,0.20159091,-1.6126539749176412,1.28,114.46605,226,243,"5/8/24, 12:00 AM",DUMKA,206,2024-12-31,5.17,3.6432247,372,368,402,390,2.2383442,2024-01-01,30.278399999999998,Kandhara,"{""geodesic"":false,""type"":""Point"",""coordinates"":[87.29697675357313,24.491802653527255]}"
284_0,0.81,0.1073403,2.87,0.52,74.09,0.13180597,118.47,20.3432436,267,0.2864955,0.56,11.54,0.1625373,8.46,0.33839852,0.24619702,-0.43049717290295036,2.77,227.63304,203,226,"7/22/24, 12:00 AM",DUMKA,247,2024-12-31,5.73,3.6687794,420,402,377,372,1.3760871,2024-01-01,30.280722222222224,Dhawadangal,"{""geodesic"":false,""type"":""Point"",""coordinates"":[86.98059011050624,24.20721637151819]}"
285_0,0.5,0.08949589,5.94,0.81,40.66,0.11253288,113.29,10.82,254,0.28657946,0.55,8.21,0.12097808,18.48,0.31216577,0.21946575,-2.5418363247005504,1.08,80.59636,237,243,"5/8/24, 12:00 AM",DUMKA,107,2024-12-31,4.81,3.5241098,411,417,352,341,11.208007,2024-01-01,30.305542857142864,Daldali,"{""geodesic"":false,""type"":""Point"",""coordinates"":[87.54006086945587,24.37295554143824]}"
286_0,0.23,0.074085295,1.25,0.42,20.45,0.09128824,218.736,27.23,197.48,0.28399265,0.43,10.45,0.08900588,12.44,0.23672059,0.15344854,-2.8198976228407826,0.58,352.17902,223,238,"5/8/24, 12:00 AM",DUMKA,189,2024-12-31,5.84,3.609397,395,385,382,377,7.4473686,2024-01-01,30.29870588235294,Gardih,"{""geodesic"":false,""type"":""Point"",""coordinates"":[87.15118018296053,24.488568718504425]}"
287_0,0.23,0.08231571,2.33,0.42,25.3,0.11747429,215.376,26.53,291.26,0.28837857,0.41,10.74,0.14475286,13.939999999999998,0.33576715,0.2509543,0.4317859657066004,0.83,180.0,206,233,"5/8/24, 12:00 AM",DUMKA,203,2024-12-31,4.88,3.6155806,406,395,387,372,4.6273675,2024-01-01,30.23738888888889,Bauria,"{""geodesic"":false,""type"":""Point"",""coordinates"":[87.1660023851485,24.520369079562254]}"
288_0,0.23,0.08689394,1.46,0.52,26.1,0.109039396,183.12,26.58,294.15,0.2709197,0.43,16.3,0.111881815,12.45,0.2957803,0.21641667,-2.2116631956350075,1.69,90.0,225,246,"5/7/24, 12:00 AM",DUMKA,176,2024-12-31,4.82,3.5832176,365,357,410,396,4.069811,2024-01-01,30.27000000000001,Susania,"{""geodesic"":false,""type"":""Point"",""coordinates"":[87.12881213238596,24.488029729333952]}"
289_0,0.38,0.07091791,0.88,0.47,21.89,0.09916716,171.808,20.46,272.83,0.26113284,0.43,14.23,0.12804328,10.42,0.31674477,0.23942687,-2.5858771519891808,1.73,159.88214,225,243,"5/8/24, 12:00 AM",DUMKA,194,2024-12-31,5.41,3.6808677,378,371,397,385,5.905539,2024-01-01,30.278399999999998,Dhobni,"{""geodesic"":false,""type"":""Point"",""coordinates"":[87.30128866693691,24.495036588550086]}"
290_0,0.25,0.06415735,0.89,0.41,25.4,0.08863676,178.864,28.89,302.23,0.25972205,0.45,10.98375,0.09324559,9.42,0.236525,0.17246617,-0.7312047955874568,0.65,180.0,230,245,"5/7/24, 12:00 AM",DUMKA,193,2024-12-31,5.33,3.6808677,364,360,406,395,0.92740995,2024-01-01,30.278399999999998,Susania,"{""geodesic"":false,""type"":""Point"",""coordinates"":[87.30748704239733,24.499617996499094]}"
291_0,0.65,0.057374626,3.82,0.59,64,0.08037761,248,0.46,194,0.24285522,0.38,13.6,0.10028955,15,0.24353284,0.17699552,-1.1271492356531292,2.64,47.698517,212,230,"3/30/24, 12:00 AM",DUMKA,209,2024-12-31,5.16,3.6432247,364,356,425,415,1.3778136,2024-01-01,30.28229411764705,Harwa Dangal,"{""geodesic"":false,""type"":""Point"",""coordinates"":[87.2756866813395,24.497731534402444]}"
292_0,0.34,0.06627222,5.09,0.97,50.56,0.08085,165.01,16.97,368,0.26570973,0.79,17.23,0.07488194,15.49,0.21306944,0.13597639,2.0549520017498315,0.81,-0.0,188,208,"7/6/24, 12:00 AM",DUMKA,168,2024-12-31,5.08,3.405328,406,403,406,389,0.0,2024-01-01,30.214235294117643,Dhamna,"{""geodesic"":false,""type"":""Point"",""coordinates"":[87.347102746427,24.25599489144588]}"
293_0,0.46,0.08815757,4.02,0.69,26.53,0.11932121,98.34,1.304,258,0.2697212,0.59,10.34,0.15366666,7.47,0.32562727,0.24880606,-1.5555543661681235,3.14,208.77336,226,241,"6/18/24, 12:00 AM",DUMKA,252,2024-12-31,4.68,3.3341472,403,390,371,369,2.1153157,2024-01-01,30.214166666666667,Amba,"{""geodesic"":false,""type"":""Point"",""coordinates"":[86.94178289023228,24.425506985559235]}"
294_0,0.82,0.053561863,2.87,0.46,74.09,0.07173051,118.47,3.436,267,0.23290677,0.98,11.54,0.06597712,7.48,0.20210339,0.1300678,4.225723615599451,2.34,47.678707,222,240,"5/29/24, 12:00 AM",DUMKA,231,2024-12-31,4.88,3.4005349,393,379,385,382,2.7529912,2024-01-01,30.234400000000004,Daldali,"{""geodesic"":false,""type"":""Point"",""coordinates"":[86.96927133792633,24.41014579420079]}"
295_0,0.32,0.0809863,3.9,0.91,53.75,0.09499863,125,16.8,170,0.25144932,0.81,14,0.09345479,15,0.2231041,0.14845206,0.5645026874604293,1.83,270.0,181,200,"5/7/24, 12:00 AM",DUMKA,166,2024-12-31,5.43,3.5459766,412,410,407,391,1.0172242,2024-01-01,30.236571428571427,Dhanbari,"{""geodesic"":false,""type"":""Point"",""coordinates"":[87.35410960564313,24.26003731022442]}"
296_0,0.62,0.08203889,2.4,0.9,23.5,0.11268611,18.2,23.5,160,0.32995,0.33,11.91,0.11953056,24,0.32588333,0.22854167,-2.077536796790679,2.93,238.70815,241,248,"4/7/24, 12:00 AM",DUMKA,66,2024-12-31,5.08,3.583333,392,394,366,358,3.5667953,2024-01-01,30.39018181818182,Jhunki,"{""geodesic"":false,""type"":""Point"",""coordinates"":[87.62414318004946,24.255455902275408]}"
297_0,0.52,0.084888734,1.49,0.56,27.4,0.107904226,207.536,31.26,185.38,0.2381,0.45,17.42,0.12926902,12.49875,0.25217605,0.1895324,-1.8463544054667247,0.68,349.62048,216,233,"5/10/24, 12:00 AM",DUMKA,189,2024-12-31,5.41,3.4890735,393,383,391,384,5.6392455,2024-01-01,30.240499999999997,Tharikhasia,"{""geodesic"":false,""type"":""Point"",""coordinates"":[87.14093938872158,24.504738393618574]}"
298_0,0.48,0.06999143,7.01,0.42,43.42,0.091825716,76.34,22.32,243,0.24365,0.59,4.36,0.100842856,22.78,0.24474715,0.18053,-2.0446587901455078,0.13,36.227814,224,243,"5/15/24, 12:00 AM",DUMKA,178,2024-12-31,5.39,3.4890735,368,362,408,395,3.4451592,2024-01-01,30.223351351351347,Lachhmipur,"{""geodesic"":false,""type"":""Point"",""coordinates"":[87.1320460674088,24.500426480254802]}"
299_0,0.44,0.078768656,0.75,0.58,26.5,0.100368656,171.808,32.65,272.18,0.26101193,0.43,15.42,0.1081403,10.42,0.27489105,0.20111492,-0.9193937565493857,0.85,245.53256,219,242,"5/8/24, 12:00 AM",DUMKA,178,2024-12-31,4.87,3.5832176,364,355,417,403,2.2382255,2024-01-01,30.28965714285715,Upar Barachapar,"{""geodesic"":false,""type"":""Point"",""coordinates"":[87.13258505657926,24.483717815970177]}"
300_0,0.38,0.05377273,1.09,0.44,25.6,0.07371818,208.41,25.41,284.17,0.26640153,0.53,10.42,0.07192727,10.47,0.21905303,0.13658182,0.025542069157353138,1.25,349.62143,228,245,"5/7/24, 12:00 AM",DUMKA,196,2024-12-31,4.91,3.6432247,374,370,397,386,5.639229,2024-01-01,30.278399999999998,Bara Simalpahari,"{""geodesic"":false,""type"":""Point"",""coordinates"":[87.29778523732884,24.493150126453433]}"
301_0,0.78,0.11059851,2.15,0.59,35.81,0.13175672,98.63,17.12,281,0.26801494,0.71,9.28,0.1462612,9.47,0.27868506,0.21367164,-1.9196347358607748,1.13,270.0,195,212,"7/24/24, 12:00 AM",DUMKA,258,2024-12-31,5.58,3.6687794,435,422,370,366,3.0479295,2024-01-01,30.310666666666677,Khutojori,"{""geodesic"":false,""type"":""Point"",""coordinates"":[86.97627819714246,24.21045030654102]}"
302_0,0.65,0.057567626,2.78,0.39,63.77,0.08393022,106.77,19.63,358,0.29234603,0.89,13.37,0.08497698,13.67,0.25411296,0.16484532,-2.077626361372837,0.65,238.70953,202,218,"5/18/24, 12:00 AM",DUMKA,213,2024-12-31,5.64,3.5056844,399,388,399,394,3.5669372,2024-01-01,30.214628571428577,Saropahari,"{""geodesic"":false,""type"":""Point"",""coordinates"":[87.06709787236694,24.26246276149154]}"
303_0,0.39,0.07998333,6.47,0.63,18.31,0.089515276,165.01,17.25,235,0.23890555,0.69,9.31,0.08674861,18.67,0.22294167,0.1614861,-1.5148616269984685,0.45,90.0,197,209,"7/8/24, 12:00 AM",DUMKA,165,2024-12-31,4.87,3.405328,396,399,407,392,2.0337322,2024-01-01,30.214235294117643,Dhamna,"{""geodesic"":false,""type"":""Point"",""coordinates"":[87.34683325184177,24.25518640769017]}"
304_0,0.46,0.072805636,3.64,0.87,64.06,0.12889166,107.89,6.16,249,0.19731112,0.37,18.18,0.12807222,15.49,0.20645972,0.16759722,-2.537929228793028,2.91,10.363827,193,205,"6/29/24, 12:00 AM",DUMKA,191,2024-12-31,5.05,3.422709,397,389,410,405,5.6389647,2024-01-01,30.13211764705883,Patsar,"{""geodesic"":false,""type"":""Point"",""coordinates"":[87.28970039977176,24.30935481932258]}"
305_0,0.57,0.07956986,2.68,0.96,38.620000000000005,0.09310137,100.11,9.26,361,0.24240547,0.67,18.51,0.09176301,18.65,0.21467534,0.15468767,-1.4224308692633063,0.13,180.0,186,205,"7/18/24, 12:00 AM",DUMKA,158,2024-12-31,5.13,3.405328,385,386,428,409,1.8543341,2024-01-01,30.214235294117643,Dhabna,"{""geodesic"":false,""type"":""Point"",""coordinates"":[87.34440780057464,24.253569440178758]}"
306_0,0.73,0.06891791,0.74,0.41,25.4,0.09803881,193.23,28.66,288.15,0.2629209,0.43,16.85,0.12989104,9.56,0.3247194,0.24802239,-1.5562233178799636,1.25,208.78674,225,243,"5/7/24, 12:00 AM",DUMKA,197,2024-12-31,5.36,3.6808677,378,371,397,385,2.115587,2024-01-01,30.278399999999998,Susania,"{""geodesic"":false,""type"":""Point"",""coordinates"":[87.30074967776643,24.495306083135322]}"
307_0,0.67,0.07383731,1.14,0.52,25.2,0.10317164,175.66,25.41,269.35,0.2970358,0.41,17.04,0.1279403,15.42,0.3544791,0.25230747,-2.2493652609351966,1.02,28.78658,223,242,"5/7/24, 12:00 AM",DUMKA,193,2024-12-31,5.42,3.6432247,381,375,396,384,4.2254143,2024-01-01,30.278399999999998,Dudhua,"{""geodesic"":false,""type"":""Point"",""coordinates"":[87.29967169942549,24.494497599379613]}"
308_0,0.28,0.056963637,0.98,0.41,25.6,0.079833336,239.12,26.58,236.53,0.29408637,0.53,15.99,0.08253485,12.42,0.2541106,0.16925454,-2.1538235952703886,1.49,344.63858,228,245,"5/7/24, 12:00 AM",DUMKA,196,2024-12-31,4.82,3.6432247,374,370,397,386,3.8416495,2024-01-01,30.278399999999998,Kapati,"{""geodesic"":false,""type"":""Point"",""coordinates"":[87.29805473191408,24.493150126453433]}"
309_0,0.35,0.07511515,3.1241,0.61,10.150000000000006,0.10462121,129.12,29.24,278,0.30784696,0.69,6.94,0.12148788,12.49,0.33083335,0.22949395,-0.7289173681585238,1.87,-0.0,201,224,"7/16/24, 12:00 AM",DUMKA,250,2024-12-31,5.38,3.6687794,413,396,386,380,0.92740995,2024-01-01,30.29461111111111,Dhawadangal,"{""geodesic"":false,""type"":""Point"",""coordinates"":[86.98247657260289,24.205599404006776]}"
310_0,0.45,0.07407879,5.62,0.32,42.31999999999999,0.09252576,175.53,15.47,277,0.27535304,0.51,11.06,0.088807575,8.89,0.25559393,0.1707591,-1.5394377167408442,0.78,257.15503,201,224,"7/23/24, 12:00 AM",DUMKA,250,2024-12-31,4.73,3.6687794,413,396,386,380,4.1646376,2024-01-01,30.29461111111111,Khutojori,"{""geodesic"":false,""type"":""Point"",""coordinates"":[86.98193758343241,24.205599404006776]}"
311_0,0.25,0.078661114,2.71,0.41,24.66,0.10841111,37.1,5.99,182,0.28137222,0.32,16.3,0.124516666,16,0.30051944,0.21103612,2.4484442236003368,1.31,-0.0,226,229,"4/6/24, 12:00 AM",DUMKA,97,2024-12-31,5.14,3.447776,401,411,373,360,0.92740995,2024-01-01,30.30115151515152,Domanpur,"{""geodesic"":false,""type"":""Point"",""coordinates"":[87.49694173581814,24.29561059547555]}"
312_0,0.52,0.06961352,1.86,0.71,25.39,0.08688108,250,3.78,230,0.25323784,0.74,12.35,0.091191895,13,0.25346217,0.1916973,-0.8224927721536454,1.23,90.0,212,222,"3/26/24, 12:00 AM",DUMKA,135,2024-12-31,4.88,3.603517,402,408,386,370,1.0175847,2024-01-01,30.296400000000006,Pandanpahari,"{""geodesic"":false,""type"":""Point"",""coordinates"":[87.4387309054072,24.305042905958807]}"
313_0,0.46,0.06843056,4.68,0.16,45.41,0.10126667,96.87,1.006,232,0.2599778,0.21,8.72,0.135875,8.46,0.3234639,0.2484111,-1.612343449642385,1.61,294.46976,231,243,"6/25/24, 12:00 AM",DUMKA,230,2024-12-31,5.8,3.3529615,391,380,379,377,2.2380252,2024-01-01,30.283777777777775,Dhandih,"{""geodesic"":false,""type"":""Point"",""coordinates"":[86.95202368447124,24.46997359212315]}"
314_0,0.62,0.06176286,1.22,0.85,85.64,0.08670857,156,16.5,172,0.24565428,0.26,23.08,0.09826857,11,0.26592,0.18368,-0.8628551450172413,0.1,208.78236,220,235,"3/24/24, 12:00 AM",DUMKA,245,2024-12-31,4.65,3.2468905,393,384,387,381,2.1154983,2024-01-01,30.283333333333328,Kairbank,"{""geodesic"":false,""type"":""Point"",""coordinates"":[86.93288956891949,24.472399043390272]}"
315_0,0.46,0.08478849,2.56,0.55,35.33,0.10998274,129.12,7.42,246,0.2937367,0.48,9.62,0.118043885,15.49,0.3345331,0.2358928,-0.16803479516847808,0.5,331.25082,205,231,"5/17/24, 12:00 AM",DUMKA,176,2024-12-31,5.69,3.5056844,392,386,403,383,2.114826,2024-01-01,30.245722222222216,Dondia,"{""geodesic"":false,""type"":""Point"",""coordinates"":[87.066019894026,24.298844530498382]}"
316_0,0.35,0.08296216,0.8,0.34,85.61,0.10386757,90.56,1.85,209,0.20239459,0.38,11.65,0.11601081,12,0.23023243,0.18258108,-0.7315369605483989,1.29,-0.0,236,248,"4/24/24, 12:00 AM",DUMKA,236,2024-12-31,5.08,3.330229,395,387,369,366,0.92740995,2024-01-01,30.252742857142852,Belodih,"{""geodesic"":false,""type"":""Point"",""coordinates"":[86.94986772778935,24.54219814096636]}"
317_0,0.19,0.053685293,5.44,0.65,48.83,0.112782605,129.12,11.42,247,0.2641029,0.59,18.56,0.103526086,13.46,0.218929,0.16235653,-2.207956351932695,0.57,90.0,198,211,"7/11/24, 12:00 AM",DUMKA,167,2024-12-31,6.05,3.5459766,430,430,371,359,4.0622373,2024-01-01,30.18441176470589,Dhamna,"{""geodesic"":false,""type"":""Point"",""coordinates"":[87.36273343237069,24.251682978082105]}"
318_0,0.49,0.12554246,2.15,0.59,35.81,0.1442178,98.63,17.12,281,0.28192192,0.71,9.28,0.1513726,15.49,0.33120137,0.2491589,-2.652527617090302,0.45,208.74077,185,202,"7/6/24, 12:00 AM",DUMKA,159,2024-12-31,5.58,3.405328,377,376,439,422,6.3210797,2024-01-01,30.212294117647055,Sagarbhanga,"{""geodesic"":false,""type"":""Point"",""coordinates"":[87.34279083306323,24.2546474185197]}"
319_0,1.23,0.07386,7.01,0.72,43.22,0.106994286,76.34,22.32,243,0.28140858,0.65,4.36,0.14546286,7.48,0.36310858,0.27848285,-1.5555004056130735,2.22,28.772345,217,234,"5/27/24, 12:00 AM",DUMKA,265,2024-12-31,5.71,3.3341472,422,410,361,356,2.1152952,2024-01-01,30.249085714285716,Raja Semaria,"{""geodesic"":false,""type"":""Point"",""coordinates"":[86.91833686131676,24.42038658843975]}"
320_0,0.42,0.08194191,3.45,0.98,25.15,0.12816642,105.48,20.11,267,0.26622263,0.47,11.28,0.14605986,16.46,0.3145,0.23512919,-0.729994943604921,1.35,180.0,225,239,"5/27/24, 12:00 AM",DUMKA,151,2024-12-31,5.58,3.5413055,374,371,401,390,0.92740995,2024-01-01,30.26494736842105,Bhalsumia,"{""geodesic"":false,""type"":""Point"",""coordinates"":[87.3613859594445,24.344658609988475]}"
321_0,0.59,0.08081752,2.76,0.63,23.4,0.10164233,39.5,13.2,175,0.24064964,0.38,13.2,0.11049416,17,0.24572043,0.17683138,0.3683998830580552,0.6,180.0,199,214,"4/1/24, 12:00 AM",DUMKA,178,2024-12-31,5.37,3.5455499,379,378,422,409,1.8543341,2024-01-01,30.25027777777778,Bhawanrpathar,"{""geodesic"":false,""type"":""Point"",""coordinates"":[87.3853709775305,24.37241655226777]}"
322_0,0.85,0.09149143,3.12,0.51,74.98,0.11734286,96.87,21.94,291,0.27502573,0.59,8.26,0.13305715,14.48,0.29644856,0.22132857,-1.555724920219755,1.69,208.77672,211,227,"5/16/24, 12:00 AM",DUMKA,255,2024-12-31,4.68,3.3341472,419,407,370,365,2.1153836,2024-01-01,30.236514285714286,Bhaluwa,"{""geodesic"":false,""type"":""Point"",""coordinates"":[86.9307336122376,24.443024133599565]}"
323_0,0.48,0.074085295,1.22,0.48,23.55,0.09128824,158.14399999999998,29.61,285.41,0.28399265,0.28,12.25,0.08900588,10.42,0.23672059,0.15344854,-2.8198976228407826,0.36,352.17902,223,238,"5/8/24, 12:00 AM",DUMKA,189,2024-12-31,5.24,3.609397,395,385,382,377,7.4473686,2024-01-01,30.29870588235294,Gardih,"{""geodesic"":false,""type"":""Point"",""coordinates"":[87.15118018296053,24.488568718504425]}"
324_0,0.61,0.06812222,1.55,0.56,28.3,0.09210555,205.184,31.26,266.54,0.28405833,0.48,9.84,0.09957917,10.56,0.24639028,0.17962083,-0.43434798564146815,0.98,47.70501,218,237,"5/8/24, 12:00 AM",DUMKA,207,2024-12-31,5.81,3.6155806,423,416,359,347,1.3779851,2024-01-01,30.23233333333334,Gamharia,"{""geodesic"":false,""type"":""Point"",""coordinates"":[87.1651939013928,24.526297960437443]}"
325_0,0.46,0.08323857,2.05,0.48,26.52,0.10150286,185.42,26.44,258.66,0.2585243,0.41,18.74,0.10673143,12.02,0.27872285,0.19416,-0.22649247350706975,1.24,245.53543,224,243,"5/10/24, 12:00 AM",DUMKA,175,2024-12-31,5.35,3.4890735,368,362,408,395,2.238471,2024-01-01,30.223351351351347,Bagbindha,"{""geodesic"":false,""type"":""Point"",""coordinates"":[87.13312404574974,24.500156985669566]}"
326_0,0.35,0.06999143,0.88,0.45,31.25,0.091825716,181.552,30.59,269.5,0.24365,0.49,12.12,0.100842856,10.23,0.24474715,0.18053,-2.0446587901455078,0.63,36.227814,224,243,"5/9/24, 12:00 AM",DUMKA,178,2024-12-31,5.47,3.4890735,368,362,408,395,3.4451592,2024-01-01,30.223351351351347,Bindasarai,"{""geodesic"":false,""type"":""Point"",""coordinates"":[87.1320460674088,24.500426480254802]}"
327_0,0.13,0.08107361,5.09,0.93,50.56,0.1008875,165.01,16.97,368,0.2748736,0.69,17.23,0.103618056,7.47,0.28944582,0.19620417,-0.31111805017968513,0.52,90.0,184,194,"7/18/24, 12:00 AM",DUMKA,157,2024-12-31,4.72,3.5459766,420,423,395,383,3.0493577,2024-01-01,30.222833333333337,Kurumpahari,"{""geodesic"":false,""type"":""Point"",""coordinates"":[87.3597689919331,24.27027810446338]}"
328_0,1.08,0.10744,4.02,0.53,47.55,0.13133857,100.11,17.26,204,0.2846468,0.37,12.23,0.16652837,12.49,0.31179646,0.23096879,2.8637344581041466,0.58,227.66248,228,248,"5/16/24, 12:00 AM",DUMKA,162,2024-12-31,4.52,3.5169094,379,372,394,379,1.3768625,2024-01-01,30.246941176470592,Amgachhi,"{""geodesic"":false,""type"":""Point"",""coordinates"":[87.14498180750012,24.338460234528053]}"
329_0,0.26,0.06633055,4.01,0.72,29.67,0.09617778,150.06,32.8,388,0.25503054,0.55,16.68,0.10413889,19.58,0.2679361,0.184125,1.2141415837835532,0.85,180.0,238,256,"5/29/24, 12:00 AM",DUMKA,205,2024-12-31,5.52,3.3526697,386,375,376,369,0.92740995,2024-01-01,30.24216666666667,Matihara,"{""geodesic"":false,""type"":""Point"",""coordinates"":[86.96091700578403,24.573190018268484]}"
330_0,0.99,0.07169722,6.59,0.37,47.85,0.10138611,128.12,15.66,274,0.25331944,0.68,10.59,0.120288886,8.67,0.2994889,0.21825,-2.514254073789907,0.46,312.28647,242,262,"5/29/24, 12:00 AM",DUMKA,213,2024-12-31,5.46,3.3526697,388,378,370,360,5.4969773,2024-01-01,30.22874285714286,Parasdah,"{""geodesic"":false,""type"":""Point"",""coordinates"":[86.98571050762573,24.564027202370465]}"
331_0,0.45,0.06357206,3.45,0.62,34.11,0.08058824,128.12,18.36,269,0.2537797,0.39,13.36,0.13207391,17.48,0.24606232,0.18732318,-1.124153725521836,0.39,227.64262,198,209,"7/11/24, 12:00 AM",DUMKA,161,2024-12-31,5.8,3.5459766,446,446,356,345,1.3763394,2024-01-01,30.18441176470589,Kurumpahari,"{""geodesic"":false,""type"":""Point"",""coordinates"":[87.36488938905256,24.25006601057069]}"
332_0,0.45,0.07063453,2.35,0.63,38.45,0.09683741,2.35,13.36,281,0.27849567,0.49,9.28,0.10561079,21.47,0.2892259,0.19846188,-0.9162175359822484,0.85,245.49469,202,218,"5/16/24, 12:00 AM",DUMKA,210,2024-12-31,5.73,3.5056844,399,388,399,394,2.234982,2024-01-01,30.214628571428577,Simra,"{""geodesic"":false,""type"":""Point"",""coordinates"":[87.06655888319648,24.26192377232107]}"
333_0,0.42,0.0653029,0.85,0.49,26.5,0.08048261,215.33,23.55,297.44,0.2292913,0.53,0.84,0.07960725,14.24,0.22100724,0.15313913,-2.3770329967644552,0.8,140.49744,222,237,"5/7/24, 12:00 AM",DUMKA,207,2024-12-31,4.91,3.6915154,371,363,408,399,4.7969284,2024-01-01,30.29627027027027,Bauria,"{""geodesic"":false,""type"":""Point"",""coordinates"":[87.30021068859597,24.530609873801218]}"
334_0,0.56,0.08483731,4.01,0.98,29.67,0.1088403,150.06,32.8,388,0.25433433,0.68,16.68,0.10807463,16.67,0.25043285,0.1798806,-0.8373849908277088,1.35,259.66238,202,224,"7/22/24, 12:00 AM",DUMKA,250,2024-12-31,5.63,3.6687794,420,403,378,372,5.1546164,2024-01-01,30.310666666666677,Dhawadangal,"{""geodesic"":false,""type"":""Point"",""coordinates"":[86.97520021880152,24.210180811955784]}"
335_0,0.57,0.055192307,4.56,0.72,60.34,0.08245846,118.47,9.672,248,0.2695569,0.47,6.390000000000001,0.08989538,7.47,0.23277692,0.1573123,-1.919504854849397,0.14,270.0,217,237,"7/24/24, 12:00 AM",DUMKA,245,2024-12-31,5.72,3.6687794,404,389,379,374,3.0477307,2024-01-01,30.280722222222224,Khutojori,"{""geodesic"":false,""type"":""Point"",""coordinates"":[86.97708668089817,24.20209597439871]}"
336_0,0.48,0.053561863,3,0.89,64.89,0.07173051,128.12,35.2,385,0.23290677,0.51,19.15,0.06597712,8.67,0.20210339,0.1300678,4.225723615599451,1,47.678707,222,240,"6/6/24, 12:00 AM",DUMKA,231,2024-12-31,5.02,3.4005349,393,379,385,382,2.7529912,2024-01-01,30.234400000000004,Balathar,"{""geodesic"":false,""type"":""Point"",""coordinates"":[86.96927133792633,24.41014579420079]}"
337_0,0.26,0.09522027,3.4,0.32,60.22,0.11777568,155,10.6,123,0.28799325,0.61,17,0.123158105,9,0.2845554,0.20451757,-2.042131666683945,0.68,323.82397,181,200,"5/7/24, 12:00 AM",DUMKA,169,2024-12-31,4.48,3.5459766,412,410,407,391,3.4428866,2024-01-01,30.236571428571427,Dhanbari,"{""geodesic"":false,""type"":""Point"",""coordinates"":[87.35464859481361,24.260845793980124]}"
338_0,0.49,0.06852817,3.65,0.53,46.55,0.085047886,96.87,21.01,238,0.235,0.39,26.01,0.12168889,12.49,0.21889584,0.16343473,-2.077749250593994,0.52,121.28869,181,199,"7/2/24, 12:00 AM",DUMKA,171,2024-12-31,4.68,3.405328,413,407,406,394,3.567119,2024-01-01,30.164058823529412,Golpur,"{""geodesic"":false,""type"":""Point"",""coordinates"":[87.31422440702823,24.271356082804324]}"
339_0,0.34,0.08315786,5.89,0.88,38.26,0.11030357,101.26,13.2,354,0.26760715,0.59,12.39,0.11602357,9.34,0.27683356,0.19313,1.5119478042585994,0.46,216.20175,232,248,"5/19/24, 12:00 AM",DUMKA,154,2024-12-31,5.62,3.6050391,351,347,417,405,3.4440148,2024-01-01,30.183257142857137,Phulopani,"{""geodesic"":false,""type"":""Point"",""coordinates"":[87.18513650070025,24.38023189523961]}"
340_0,0.34,0.082153626,4.01,0.69,29.67,0.11295217,150.06,32.8,388,0.24689999,0.52,16.68,0.13805218,16.67,0.2974942,0.23068985,3.7467153474888693,0.65,331.20715,227,249,"5/19/24, 12:00 AM",DUMKA,172,2024-12-31,5.06,3.4890735,385,376,388,375,2.1157105,2024-01-01,30.27268571428571,Machadih,"{""geodesic"":false,""type"":""Point"",""coordinates"":[87.11587639229464,24.526836949607915]}"
341_0,1.13,0.083775185,1.46,0.58,26.1,0.1298087,145.34,12.3,232,0.2865145,0.26,8.72,0.13820942,21.47,0.30562463,0.21574855,1.6850305064741813,0.46,114.488075,216,231,"5/19/24, 12:00 AM",DUMKA,170,2024-12-31,4.88,3.58974,390,381,394,388,2.2364566,2024-01-01,30.226555555555553,Harladangal,"{""geodesic"":false,""type"":""Point"",""coordinates"":[87.11398993019799,24.362984241784513]}"
342_0,0.42,0.074085295,1.24,0.43,23.5,0.09128824,235.536,24.18,282.24,0.28399265,0.43,16.85,0.08900588,11.42,0.23672059,0.15344854,-2.8198976228407826,0.69,352.17902,223,238,"5/8/24, 12:00 AM",DUMKA,189,2024-12-31,5.41,3.609397,395,385,382,377,7.4473686,2024-01-01,30.29870588235294,Gardih,"{""geodesic"":false,""type"":""Point"",""coordinates"":[87.15118018296053,24.488568718504425]}"
343_0,0.54,0.078768656,1.72,0.58,25.17,0.100368656,226.128,26.33,271.2,0.26101193,0.43,14.75,0.1081403,10.47,0.27489105,0.20111492,-0.9193937565493857,0.96,245.53256,219,242,"5/9/24, 12:00 AM",DUMKA,178,2024-12-31,5.1,3.5832176,364,355,417,403,2.2382255,2024-01-01,30.28965714285715,Parma,"{""geodesic"":false,""type"":""Point"",""coordinates"":[87.13258505657926,24.483717815970177]}"
344_0,0.33,0.08689394,1.98,0.56,25.3,0.109039396,206.752,31.26,312.25,0.2709197,0.43,14.75,0.111881815,10.48,0.2957803,0.21641667,-2.2116631956350075,1.96,90.0,225,246,"5/7/24, 12:00 AM",DUMKA,176,2024-12-31,4.89,3.5832176,365,357,410,396,4.069811,2024-01-01,30.27000000000001,Susania,"{""geodesic"":false,""type"":""Point"",""coordinates"":[87.12881213238596,24.488029729333952]}"
345_0,0.4,0.05047424,0.99,0.56,24.5,0.07225151,194.208,25.39,269.61,0.27890605,0.43,0.94,0.06930303,14.77125,0.24676818,0.16103788,-1.4242835688448892,0.72,180.0,224,239,"5/8/24, 12:00 AM",DUMKA,206,2024-12-31,5.26,3.6432247,372,368,405,393,1.8543341,2024-01-01,30.25205714285714,Kandhara,"{""geodesic"":false,""type"":""Point"",""coordinates"":[87.29589877523219,24.49153315894202]}"
346_0,0.35,0.06853283,0.74,0.48,25.2,0.096537314,172.47,25.41,269.85,0.26252836,0.42,11.42,0.1286582,12.54,0.31781492,0.24056567,-1.5562233178799636,1.03,151.21326,225,243,"5/7/24, 12:00 AM",DUMKA,197,2024-12-31,5.35,3.6808677,378,371,397,385,2.115587,2024-01-01,30.278399999999998,Susania,"{""geodesic"":false,""type"":""Point"",""coordinates"":[87.30101917235167,24.495306083135322]}"
347_0,0.65,0.055192307,6.59,0.37,47.85,0.08245846,128.12,15.66,274,0.2695569,0.68,10.59,0.08989538,15.45,0.23277692,0.1573123,-1.919504854849397,0.46,270.0,217,237,"7/24/24, 12:00 AM",DUMKA,245,2024-12-31,5.46,3.6687794,404,389,379,374,3.0477307,2024-01-01,30.280722222222224,Khutojori,"{""geodesic"":false,""type"":""Point"",""coordinates"":[86.97708668089817,24.20209597439871]}"
348_0,0.47,0.10428379,1.71,0.34,28.39,0.13405405,19.02,18.02,165,0.28944865,0.3,12.01,0.15668379,11,0.32521352,0.26024324,8.865831554811095,0.57,192.37282,243,251,"3/18/24, 12:00 AM",DUMKA,59,2024-12-31,4.25,3.583333,390,390,367,359,4.736903,2024-01-01,30.398411764705884,Jhunki,"{""geodesic"":false,""type"":""Point"",""coordinates"":[87.63088054468037,24.256533880616352]}"
349_0,0.14,0.08521268,4.33,0.56,87.92,0.15095417,101.22,13.66,248,0.2947486,0.57,10.38,0.1553375,13.65,0.3103736,0.21963611,0.38157840832297807,0.78,270.0,226,240,"5/16/24, 12:00 AM",DUMKA,168,2024-12-31,4.95,3.4328725,393,392,381,368,3.050057,2024-01-01,30.22142857142857,Mahulbana,"{""geodesic"":false,""type"":""Point"",""coordinates"":[87.14201736706252,24.299383519668854]}"
350_0,0.72,0.07148944,3.45,0.35,25.15,0.09180634,105.48,20.11,267,0.25772464,0.48,11.28,0.09325634,15.49,0.26501268,0.18038099,1.215519033412195,0.34,180.0,232,252,"5/18/24, 12:00 AM",DUMKA,166,2024-12-31,5.21,3.6050391,344,336,424,411,1.8543341,2024-01-01,30.198457142857148,Katariya,"{""geodesic"":false,""type"":""Point"",""coordinates"":[87.16734985807469,24.393976119086638]}"
351_0,0.41,0.063757144,5.85,0.39,40.45,0.09395143,165.01,2.034,261,0.2585914,0.89,8.2,0.10279143,21.47,0.26656285,0.18360285,1.3587291758604396,0.19,47.68034,217,232,"5/15/24, 12:00 AM",DUMKA,256,2024-12-31,4.87,3.3341472,421,410,362,358,1.3773336,2024-01-01,30.27477777777777,Kendkhapra,"{""geodesic"":false,""type"":""Point"",""coordinates"":[86.91429444253822,24.417422148002156]}"
352_0,0.23,0.06118108,3.85,0.42,43.42,0.08812973,76.34,22.32,243,0.24451081,0.59,4.36,0.09585405,11.57,0.26112163,0.18533513,2.5265350728734144,0.34,-0.0,238,252,"5/29/24, 12:00 AM",DUMKA,224,2024-12-31,5.39,3.330229,380,377,382,371,1.8543341,2024-01-01,30.26165714285714,Barhait,"{""geodesic"":false,""type"":""Point"",""coordinates"":[86.94690328735176,24.545701570574426]}"
353_0,0.13,0.05927297,5.09,0.97,50.5,0.084886484,165.01,18.97,368,0.25348377,0.79,17.23,0.091513515,14.48,0.2444,0.17150271,1.5740446404212172,0.52,39.50598,239,248,"5/22/24, 12:00 AM",DUMKA,225,2024-12-31,5.08,3.330229,384,381,377,370,4.7971635,2024-01-01,30.26165714285714,Bhaturia,"{""geodesic"":false,""type"":""Point"",""coordinates"":[86.94663379276652,24.545701570574426]}"
354_0,0.29,0.07001286,2.15,0.43,25.1,0.09870572,226.128,30.25,179.66,0.27446714,0.42,13.84,0.112192854,12.42,0.24889,0.17472428,-2.1540786423896914,1.29,344.63504,208,233,"5/8/24, 12:00 AM",DUMKA,212,2024-12-31,5.24,3.6155806,406,395,386,372,3.8417144,2024-01-01,30.23738888888889,Bauria,"{""geodesic"":false,""type"":""Point"",""coordinates"":[87.1689668255861,24.52333351999985]}"
355_0,0.26,0.06812222,1.26,0.48,28.3,0.09210555,159.712,25.36,279.2,0.28405833,0.42,15.55,0.09957917,12.42,0.24639028,0.17962083,-0.43434798564146815,1.08,47.70501,218,237,"5/8/24, 12:00 AM",DUMKA,207,2024-12-31,5.21,3.6155806,423,416,359,347,1.3779851,2024-01-01,30.23233333333334,Bauria,"{""geodesic"":false,""type"":""Point"",""coordinates"":[87.1651939013928,24.526297960437443]}"
356_0,0.57,0.082295716,3.45,0.35,25.15,0.11471429,105.48,20.11,267,0.28880143,0.48,11.28,0.13353144,8.89,0.31147143,0.23091571,-0.36229487054005827,0.26,344.63553,223,239,"5/14/24, 12:00 AM",DUMKA,188,2024-12-31,5.21,3.4890735,386,377,392,384,3.8417053,2024-01-01,30.248666666666665,Bandarjori,"{""geodesic"":false,""type"":""Point"",""coordinates"":[87.13797494828398,24.519291101221313]}"
357_0,0.29,0.066557355,1.24,0.45,23.5,0.08442647,205.632,26.35,301.26,0.18377647,0.42,14.22,0.107738234,12.42,0.27551618,0.24230883,-0.8255420368500138,1.87,270.0,230,245,"5/7/24, 12:00 AM",DUMKA,192,2024-12-31,5.31,3.6808677,364,360,406,395,1.0191499,2024-01-01,30.278399999999998,Susania,"{""geodesic"":false,""type"":""Point"",""coordinates"":[87.30748704239733,24.49907900732862]}"
358_0,0.42,0.08524658,0.79,0.56,29.3,0.10681096,172.48,21.56,301.2,0.28372192,0.48,15.99,0.11146165,14.77,0.27765343,0.19154246,-2.441635878444652,0.78,63.15867,237,243,"5/7/24, 12:00 AM",DUMKA,105,2024-12-31,5.16,3.5241098,411,417,352,341,10.162795,2024-01-01,30.305542857142864,Kamarbandha,"{""geodesic"":false,""type"":""Point"",""coordinates"":[87.54006086945587,24.373225036023477]}"
359_0,0.48,0.07097761,5.35,0.41,93.26,0.100807466,145.34,10.15,384,0.2519791,0.59,16.96,0.11512388,8.97,0.26280597,0.18922389,-2.2222825993789224,0.46,47.633728,198,212,"7/24/24, 12:00 AM",DUMKA,250,2024-12-31,5.09,3.6687794,433,421,369,368,4.121983,2024-01-01,30.296,Khutojori,"{""geodesic"":false,""type"":""Point"",""coordinates"":[86.98544101304049,24.210180811955784]}"
360_0,1.35,0.13901527,3.12,0.63,10.15,0.16863611,129.12,29.24,278,0.31922778,0.67,6.94,0.20063472,13.46,0.36818054,0.29184306,-0.9434697587929651,0.48,323.82492,178,193,"7/6/24, 12:00 AM",DUMKA,159,2024-12-31,4.95,3.405328,400,400,422,406,3.4428446,2024-01-01,30.212294117647055,Dhabna,"{""geodesic"":false,""type"":""Point"",""coordinates"":[87.34225184389275,24.256264386031116]}"
361_0,0.46,0.091749996,4.21,0.41,57.53,0.13729444,128.12,0.484,225,0.292925,0.63,9.39,0.1824,9.47,0.35158056,0.26848888,-2.116905073289169,3.14,-0.0,217,229,"6/15/24, 12:00 AM",DUMKA,258,2024-12-31,5.13,3.3341472,415,406,367,365,3.7047918,2024-01-01,30.249085714285716,Raja Semaria,"{""geodesic"":false,""type"":""Point"",""coordinates"":[86.92076231258388,24.42442900721829]}"
362_0,0.43,0.06998042,3.65,0.59,64.89,0.099318884,128.12,35.2,385,0.31017414,0.42,19.15,0.10588182,22.78,0.31198952,0.20956713,0.9295340671877946,2.91,151.23021,216,232,"6/14/24, 12:00 AM",DUMKA,234,2024-12-31,5.33,3.4005349,404,390,380,377,2.1152434,2024-01-01,30.26283333333334,Tilauna,"{""geodesic"":false,""type"":""Point"",""coordinates"":[86.98571050762573,24.40691185917796]}"
364_0,0.46,0.090111114,1.76,0.54,25.4,0.11671389,185.808,24.15,231.22,0.2763764,0.47,14.05,0.12640278,12.33,0.28935,0.2103486,-0.8258944253188581,0.36,270.0,246,270,"5/9/24, 12:00 AM",DUMKA,171,2024-12-31,5.06,3.4890735,377,367,377,363,3.055427,2024-01-01,30.256388888888882,Majhdiha,"{""geodesic"":false,""type"":""Point"",""coordinates"":[87.11857133814699,24.52198604707367]}"
365_0,0.35,0.08580286,1.9,0.98,60.08,0.11462285,50.11,10.23,142,0.25594285,0.17,15.3,0.13091429,9,0.2848857,0.20983428,1.6606474555557462,0.85,90.0,217,232,"4/30/24, 12:00 AM",DUMKA,257,2024-12-31,4.68,3.3341472,421,410,362,358,1.0184873,2024-01-01,30.27477777777777,Karma,"{""geodesic"":false,""type"":""Point"",""coordinates"":[86.91429444253822,24.41715265341692]}"
366_0,0.23,0.074085295,1.56,0.56,33.2,0.09128824,160.16,21.36,279.1,0.28399265,0.45,15.84,0.08900588,10.42,0.23672059,0.15344854,-2.8198976228407826,0.48,352.17902,223,238,"5/8/24, 12:00 AM",DUMKA,189,2024-12-31,5.33,3.609397,395,385,382,377,7.4473686,2024-01-01,30.29870588235294,Gardih,"{""geodesic"":false,""type"":""Point"",""coordinates"":[87.15118018296053,24.488568718504425]}"
367_0,0.49,0.082643665,0.79,0.56,33.2,0.10652817,123.45,26.3,191.25,0.2523493,0.47,10.45,0.12439718,12.42,0.25832114,0.18964225,-2.195972121011132,1.02,337.60242,224,243,"5/8/24, 12:00 AM",DUMKA,188,2024-12-31,5.28,3.4890735,388,376,388,381,7.9734683,2024-01-01,30.223351351351347,Gamharia,"{""geodesic"":false,""type"":""Point"",""coordinates"":[87.14066989413634,24.504738393618574]}"
368_0,0.73,0.10040278,2.25,0.42,20.3,0.1393236,214.592,30.59,282.12,0.3008264,0.42,11.56,0.18275417,14.22,0.36740416,0.28567085,-1.275379164135082,1.29,73.12933,200,216,"5/8/24, 12:00 AM",DUMKA,217,2024-12-31,5.26,3.6155806,415,408,385,377,3.1925967,2024-01-01,30.220166666666657,Bauria,"{""geodesic"":false,""type"":""Point"",""coordinates"":[87.17462621187606,24.52333351999985]}"
369_0,0.26,0.07115672,2.06,0.41,28.6,0.098167166,147.84,27.48,269.33,0.25563136,0.47,10.52,0.12970747,9.25,0.32254627,0.24167164,-2.4029753434849064,1.18,235.6866,223,242,"5/7/24, 12:00 AM",DUMKA,196,2024-12-31,5.24,3.6808677,381,375,396,384,4.923763,2024-01-01,30.278399999999998,Dhoba,"{""geodesic"":false,""type"":""Point"",""coordinates"":[87.3004801831812,24.495306083135322]}"
370_0,0.77,0.08241143,1.76,0.78,25.8,0.108122855,39.8,14.4,200,0.28666714,0.55,12.4,0.11950286,12,0.28649715,0.19926856,2.5138142324725066,0.18,218.09654,201,216,"3/31/24, 12:00 AM",DUMKA,141,2024-12-31,5.18,3.6352136,430,429,368,355,8.193577,2024-01-01,30.179941176470592,Joram,"{""geodesic"":false,""type"":""Point"",""coordinates"":[87.4891263928463,24.345467093744183]}"
371_0,0.42,0.085427776,2.45,0.92,38.34,0.121861115,115.31,37.6,376,0.24836667,0.57,15.08,0.15711667,15.47,0.321975,0.26584443,-1.5559805856900473,0.36,208.78183,229,238,"6/20/24, 12:00 AM",DUMKA,240,2024-12-31,5.47,3.2468905,390,384,380,377,2.1154873,2024-01-01,30.288514285714285,Sankarpur,"{""geodesic"":false,""type"":""Point"",""coordinates"":[86.94016592272087,24.469704097537914]}"
372_0,0.78,0.072831884,2.56,0.45,35.33,0.11546475,120.26,7.42,234,0.25770646,0.39,5.44,0.12546402,22.78,0.30321655,0.2259741,-2.4009402010599104,0.48,235.65395,232,246,"5/22/24, 12:00 AM",DUMKA,144,2024-12-31,5.91,3.5413055,374,370,394,383,4.9196754,2024-01-01,30.26857142857143,Astajora,"{""geodesic"":false,""type"":""Point"",""coordinates"":[87.36300292695591,24.340885685795175]}"
373_0,0.35,0.053561863,6.89,0.63,38.45,0.07173051,126.33,13.36,254,0.23290677,0.69,8.21,0.06597712,7.47,0.20210339,0.1300678,4.225723615599451,0.81,47.678707,222,240,"6/8/24, 12:00 AM",DUMKA,231,2024-12-31,4.87,3.4005349,393,379,385,382,2.7529912,2024-01-01,30.234400000000004,Bhalki,"{""geodesic"":false,""type"":""Point"",""coordinates"":[86.96927133792633,24.41014579420079]}"
375_0,1.35,0.073674284,4.01,0.98,29.67,0.09207143,150.6,32.8,388,0.23681715,0.68,16.68,0.101534285,16.67,0.28981143,0.23925143,-1.611662379187354,0.56,245.5221,221,234,"5/21/24, 12:00 AM",DUMKA,264,2024-12-31,5.63,3.3341472,416,405,363,361,2.2373273,2024-01-01,30.249085714285716,Balijor,"{""geodesic"":false,""type"":""Point"",""coordinates"":[86.91968433424293,24.42254254512164]}"
376_0,0.45,0.07319058,2.68,0.98,38.62,0.10464348,100.11,9.62,361,0.27766377,0.85,18.51,0.11861739,8.97,0.29034057,0.20958406,-2.235634581965155,0.34,77.174644,224,237,"5/28/24, 12:00 AM",DUMKA,231,2024-12-31,5.02,3.4005349,392,383,384,380,4.1708794,2024-01-01,30.26283333333334,Patsar,"{""geodesic"":false,""type"":""Point"",""coordinates"":[86.9811290996767,24.40610337542225]}"
377_0,0.54,0.073674284,2.35,0.49,45.62,0.09207143,101.26,7.24,248,0.23681715,0.62,13.08,0.101534285,9.34,0.28981143,0.23925143,-1.611662379187354,0.52,245.5221,221,234,"5/21/24, 12:00 AM",DUMKA,264,2024-12-31,4.93,3.3341472,416,405,363,361,2.2373273,2024-01-01,30.249085714285716,Kolha,"{""geodesic"":false,""type"":""Point"",""coordinates"":[86.91968433424293,24.42254254512164]}"
378_0,0.78,0.07319058,3.65,0.59,46.55,0.10464348,96.87,21.01,238,0.27766377,0.71,26.01,0.11861739,7.47,0.29034057,0.20958406,-2.235634581965155,2.34,77.174644,224,237,"5/28/24, 12:00 AM",DUMKA,231,2024-12-31,5.58,3.4005349,392,383,384,380,4.1708794,2024-01-01,30.26283333333334,Jhanakpur,"{""geodesic"":false,""type"":""Point"",""coordinates"":[86.9811290996767,24.40610337542225]}"
379_0,0.82,0.062384374,7.01,0.42,43.42,0.095075,76.34,22.32,243,0.30892187,0.59,4.36,0.10021875,7.47,0.2918594,0.1926875,2.003318599552026,0.19,286.88348,215,231,"5/21/24, 12:00 AM",DUMKA,248,2024-12-31,5.39,3.3341472,414,402,371,368,3.1902475,2024-01-01,30.28741176470588,Tetaria,"{""geodesic"":false,""type"":""Point"",""coordinates"":[86.9345065364309,24.422003555951168]}"
380_0,0.45,0.078169115,1.45,0.52,23.5,0.09573235,182.784,26.12,297.41,0.24116176,0.47,14.77125,0.10178676,14.2,0.25488678,0.17470294,-1.2751957247247694,0.74,286.87225,213,234,"5/10/24, 12:00 AM",DUMKA,171,2024-12-31,5.26,3.6915154,361,365,425,401,3.1923063,2024-01-01,30.28572222222222,Kusbana,"{""geodesic"":false,""type"":""Point"",""coordinates"":[87.31287693410205,24.510936769079]}"
381_0,0.38,0.07078955,0.89,0.42,32.2,0.09907015,181.26,16.84,289.44,0.2703791,0.41,18.33,0.11436418,11.27,0.31408957,0.22682537,-1.820254815672393,0.52,47.697697,223,242,"5/7/24, 12:00 AM",DUMKA,193,2024-12-31,5.34,3.6432247,381,375,396,384,2.753992,2024-01-01,30.278399999999998,Dudhua,"{""geodesic"":false,""type"":""Point"",""coordinates"":[87.29994119401073,24.494228104794377]}"
382_0,0.46,0.1073403,2.78,0.71,63.27,0.13180597,106.77,19.63482,358,0.2864955,0.53,13.37,0.1625373,9.47,0.33839852,0.24619702,-0.43049717290295036,2.22,227.63304,203,226,"7/22/24, 12:00 AM",DUMKA,247,2024-12-31,5.63,3.6687794,420,402,377,372,1.3760871,2024-01-01,30.280722222222224,Dhawadangal,"{""geodesic"":false,""type"":""Point"",""coordinates"":[86.98059011050624,24.20721637151819]}"
383_0,0.26,0.12659179,4.91,0.59,37.52,0.13885753,107.89,7.09,265,0.28874657,0.42,6.34,0.14848493,9.34,0.30273288,0.21519452,-1.384369892190524,0.65,121.29219,194,214,"7/9/24, 12:00 AM",DUMKA,168,2024-12-31,5.81,3.5459766,425,423,381,363,3.5667613,2024-01-01,30.21097142857143,Dhamna,"{""geodesic"":false,""type"":""Point"",""coordinates"":[87.35815202442167,24.253838934763994]}"
384_0,1.13,0.08795556,4.88,0.95,36.95,0.103895836,114.51,14.5,371,0.2717514,0.59,10.32,0.09867778,7.47,0.2581375,0.16531388,2.116668776037663,0.46,200.08264,192,206,"7/4/24, 12:00 AM",DUMKA,145,2024-12-31,5.52,3.405328,389,391,419,403,2.9599679,2024-01-01,30.248187500000004,Dhamna,"{""geodesic"":false,""type"":""Point"",""coordinates"":[87.33120256589808,24.25410842934923]}"
385_0,0.48,0.07117412,6.47,0.63,18.31,0.09998811,165.01,5.39,235,0.30112028,0.69,9.31,0.11376713,18.67,0.32372516,0.22270629,4.538686742768337,1.79,-0.0,216,232,"6/15/24, 12:00 AM",DUMKA,233,2024-12-31,4.87,3.4005349,404,390,380,377,0.0,2024-01-01,30.26283333333334,Tilauna,"{""geodesic"":false,""type"":""Point"",""coordinates"":[86.98571050762573,24.406642364592724]}"
387_0,0.99,0.08901295,3.65,0.49,46.55,0.1069741,96.87,21.01,238,0.23813309,0.69,26.01,0.11002806,9.47,0.26591727,0.19316259,4.9845663093042525,0.81,195.34383,232,246,"5/21/24, 12:00 AM",DUMKA,145,2024-12-31,5.52,3.5413055,374,370,394,383,3.8413262,2024-01-01,30.26857142857143,Astajora,"{""geodesic"":false,""type"":""Point"",""coordinates"":[87.36273343237069,24.34115518038041]}"
388_0,0.46,0.066175,5.35,0.58,93.26,0.09527778,145.34,10.15,348,0.23970556,0.69,16.96,0.10006389,14.48,0.25833055,0.17796111,-1.1373098327578086,1.13,77.17652,218,228,"5/27/24, 12:00 AM",DUMKA,250,2024-12-31,5.73,3.3341472,413,405,369,367,4.171479,2024-01-01,30.22308571428571,Raja Semaria,"{""geodesic"":false,""type"":""Point"",""coordinates"":[86.92076231258388,24.425237490974]}"
389_0,0.58,0.08194191,6.08,1.06,26.65,0.12816642,114.51,11.26,300,0.26622263,0.25,11.19,0.14605986,14.48,0.3145,0.23512919,-0.729994943604921,0.56,180.0,225,239,"5/27/24, 12:00 AM",DUMKA,151,2024-12-31,5.44,3.5413055,374,371,401,390,0.92740995,2024-01-01,30.26494736842105,Bhalsumia,"{""geodesic"":false,""type"":""Point"",""coordinates"":[87.3613859594445,24.344658609988475]}"
390_0,0.81,0.08097361,3.12,0.63,10.15,0.09995556,129.12,29.24,278,0.28916848,0.67,6.94,0.13891096,16.46,0.29449314,0.1995041,-1.6810784024396752,0.62,140.55434,179,191,"7/2/24, 12:00 AM",DUMKA,169,2024-12-31,4.95,3.405328,412,412,409,398,4.793025,2024-01-01,30.14017142857142,Golpur,"{""geodesic"":false,""type"":""Point"",""coordinates"":[87.31045148283492,24.275129006997627]}"
391_0,0.45,0.076931946,2.15,0.59,35.81,0.09695833,98.63,17.12,281,0.2806137,0.71,9.28,0.1342137,7.48,0.27707672,0.18508494,-1.9515584066924838,0.82,126.10189,179,191,"7/2/24, 12:00 AM",DUMKA,168,2024-12-31,5.58,3.405328,412,412,409,398,6.271203,2024-01-01,30.14017142857142,Golpur,"{""geodesic"":false,""type"":""Point"",""coordinates"":[87.31072097742016,24.275667996168096]}"
392_0,0.49,0.08580286,5.9,0.41,88.47,0.11462285,69.57,12.15,172,0.25594285,0.29,23.08,0.13091429,10,0.2848857,0.20983428,1.6606474555557462,1.99,90.0,217,232,"4/11/24, 12:00 AM",DUMKA,257,2024-12-31,6.3,3.3341472,421,410,362,358,1.0184873,2024-01-01,30.27477777777777,Kendkhapra,"{""geodesic"":false,""type"":""Point"",""coordinates"":[86.91429444253822,24.41715265341692]}"
393_0,0.56,0.07342958,1.54,0.54,35.12,0.096577466,216.72,32.14,285.45,0.2590648,0.45,10.77,0.10549859,12.33,0.24394226,0.17285493,-2.2258441586251907,0.48,312.29996,222,241,"5/9/24, 12:00 AM",DUMKA,191,2024-12-31,5.89,3.4890735,388,377,390,382,4.1272044,2024-01-01,30.240499999999997,Patgora,"{""geodesic"":false,""type"":""Point"",""coordinates"":[87.14066989413634,24.504468899033338]}"
394_0,0.8,0.069379166,0.76,0.73,30.6,0.08888889,14.4,14.3,200,0.25029585,0.59,15.3,0.09159028,19,0.23598889,0.16504583,-1.272526376968194,3.09,253.10535,201,209,"4/5/24, 12:00 AM",DUMKA,143,2024-12-31,5.8,3.603517,396,397,403,394,3.1882055,2024-01-01,30.26178378378378,Kalhajhor,"{""geodesic"":false,""type"":""Point"",""coordinates"":[87.43980888374814,24.33333983740857]}"
395_0,0.61,0.07312857,2.19,0.71,33.6,0.093924284,28.4,13.1,197,0.2543943,0.74,12.7,0.10146429,16,0.24800715,0.16738857,-1.965872196305625,0.33,253.10703,201,216,"3/31/24, 12:00 AM",DUMKA,149,2024-12-31,5.17,3.6352136,430,429,368,355,6.3573966,2024-01-01,30.179941176470592,Joram,"{""geodesic"":false,""type"":""Point"",""coordinates"":[87.48885689826106,24.346545072085128]}"
396_0,0.3,0.09584167,1.7,0.2,36.2,0.11765555,250,22.4,208,0.27394167,0.34,16.28,0.12376389,15,0.2586639,0.18433055,-0.7292782403280229,1.64,-0.0,243,251,"3/27/24, 12:00 AM",DUMKA,66,2024-12-31,5.3,3.583333,376,378,381,371,0.92740995,2024-01-01,30.398411764705884,Jhunki,"{""geodesic"":false,""type"":""Point"",""coordinates"":[87.62629913673135,24.252491461837813]}"
397_0,0.4,0.08022286,2,0.2,26.5,0.09954,198,27.4,154,0.27190572,0.38,12.91,0.10014,15,0.23613143,0.15744285,-0.820144240046525,2.98,270.0,200,207,"3/27/24, 12:00 AM",DUMKA,115,2024-12-31,4.93,3.8298542,454,453,346,340,1.0163801,2024-01-01,30.254228571428577,Kharijol,"{""geodesic"":false,""type"":""Point"",""coordinates"":[87.51904029180749,24.154125938226727]}"
398_0,0.5,0.10159849,4.12,0.98,82.16,0.1388,126.33,19.27158,389,0.2942288,0.85,14.510000000000002,0.1659909,12.49,0.36251515,0.26656514,3.051750765845238,0.26,151.2701,192,216,"7/18/24, 12:00 AM",DUMKA,230,2024-12-31,5.02,3.6654937,422,402,386,382,2.1144366,2024-01-01,30.27666666666666,Bedia,"{""geodesic"":false,""type"":""Point"",""coordinates"":[86.99433433435327,24.197514566449698]}"
399_0,1.32,0.06723333,1.01,0.65,32.5,0.09511389,157.5,23.6,152.2,0.25650278,0.88,21.5,0.10281666,13.2,0.247425,0.17492223,0.8088019042279817,1.54,-0.0,232,247,"6/2/24, 12:00 AM",DUMKA,224,2024-12-31,5.32,3.2510781,386,379,382,374,2.7802885,2024-01-01,30.249371428571436,Mohila,"{""geodesic"":false,""type"":""Point"",""coordinates"":[86.94852025486317,24.555942364813387]}"
400_0,0.23,0.082973756,3.85,0.42,43.42,0.11487589,76.34,22.32,243,0.28743193,0.59,4.36,0.12416525,11.57,0.27201205,0.1993078,-2.3648456076667026,0.34,192.40308,247,262,"5/22/24, 12:00 AM",DUMKA,205,2024-12-31,5.39,3.184141,384,376,369,362,4.73745,2024-01-01,30.283111111111104,Hararwa,"{""geodesic"":false,""type"":""Point"",""coordinates"":[87.01858884702449,24.574806985779897]}"
401_0,0.65,0.11954306,2.78,0.42,63.27,0.122515276,106.77,19.63,358,0.2395375,0.85,13.37,0.113770835,16.67,0.20992638,0.1396139,-1.1242934215641334,0.49,312.3547,182,204,"7/13/24, 12:00 AM",DUMKA,169,2024-12-31,4.87,3.5459766,401,394,417,401,1.37641,2024-01-01,30.236571428571427,Baliram,"{""geodesic"":false,""type"":""Point"",""coordinates"":[87.35060617603507,24.26192377232107]}"
402_0,0.82,0.08900606,3.65,0.49,46.55,0.12282121,96.87,21.01,238,0.26761213,0.69,26.01,0.1693697,12.49,0.3457788,0.27213636,-1.517535052630669,0.39,270.0,226,241,"6/19/24, 12:00 AM",DUMKA,251,2024-12-31,5.52,3.3341472,403,390,371,369,2.0364702,2024-01-01,30.214166666666667,Amba,"{""geodesic"":false,""type"":""Point"",""coordinates"":[86.94151339564704,24.42577648014447]}"
404_0,0.46,0.05855,7.46,0.81,69.5,0.086640626,139.14,1.676,254,0.24530312,0.55,8.21,0.09463438,15.49,0.24995938,0.17093125,3.3965615525680883,2.91,-0.0,215,231,"5/17/24, 12:00 AM",DUMKA,248,2024-12-31,4.81,3.3341472,414,402,371,368,0.92740995,2024-01-01,30.28741176470588,Amba,"{""geodesic"":false,""type"":""Point"",""coordinates"":[86.9345065364309,24.422273050536404]}"
405_0,0.63,0.116297185,1.96,0.58,26.3,0.1342169,217.84,30.26,275.97,0.20206197,0.41,16.53,0.14727043,12.42,0.23329858,0.19986902,-1.6123912689361493,0.47,245.53076,231,248,"5/9/24, 12:00 AM",DUMKA,163,2024-12-31,5.37,3.5832176,371,369,397,383,2.2380702,2024-01-01,30.263470588235304,Majhdiha,"{""geodesic"":false,""type"":""Point"",""coordinates"":[87.13150707823831,24.472938032560744]}"
406_0,0.46,0.079508334,4.35,0.36,26.12,0.10401945,12.5,6.19,175,0.2750139,0.43,12.4,0.121813886,14,0.29221943,0.20665556,1.5256625849525716,1.49,294.49988,225,224,"4/6/24, 12:00 AM",DUMKA,100,2024-12-31,5.61,3.447776,408,416,367,360,2.235447,2024-01-01,30.29800000000001,Belaikandar,"{""geodesic"":false,""type"":""Point"",""coordinates"":[87.48750942533488,24.293993627964134]}"
407_0,0.5,0.09356944,3.4,0.6,39.8,0.11708333,154,20.5,171,0.30409166,0.42,11.63,0.11885278,10,0.28740555,0.2043,-1.422425381522115,2.2,-0.0,243,251,"3/27/24, 12:00 AM",DUMKA,65,2024-12-31,4.94,3.583333,376,378,381,371,1.8543341,2024-01-01,30.398411764705884,Jhunki,"{""geodesic"":false,""type"":""Point"",""coordinates"":[87.62576014756088,24.25276095642305]}"
408_0,0.26,0.07001286,0.98,0.47,21.9,0.09870572,202.272,23.69,279.6,0.27446714,0.41,13.489999999999991,0.112192854,12.05,0.24889,0.17472428,-2.1540786423896914,1.27,344.63504,208,233,"5/8/24, 12:00 AM",DUMKA,212,2024-12-31,5.41,3.6155806,406,395,386,372,3.8417144,2024-01-01,30.23738888888889,Bauria,"{""geodesic"":false,""type"":""Point"",""coordinates"":[87.1689668255861,24.52333351999985]}"
409_0,0.25,0.084888734,1.07,0.45,22.7,0.107904226,209.28,26.85,294.17,0.2381,0.53,13.2,0.12926902,13.02,0.25217605,0.1895324,-1.8463544054667247,0.59,349.62048,216,233,"5/9/24, 12:00 AM",DUMKA,189,2024-12-31,5.12,3.4890735,393,383,391,384,5.6392455,2024-01-01,30.240499999999997,Patgora,"{""geodesic"":false,""type"":""Point"",""coordinates"":[87.14093938872158,24.504738393618574]}"
410_0,0.5,0.07886338,0.99,0.56,24.5,0.10469155,172.256,26.35,288.51,0.2846507,0.47,10.47,0.11996901,10.74,0.29135352,0.21916479,-1.6712414841249348,0.93,192.39778,206,221,"5/8/24, 12:00 AM",DUMKA,207,2024-12-31,4.83,3.6155806,415,411,379,368,4.7373543,2024-01-01,30.304882352941178,Bauria,"{""geodesic"":false,""type"":""Point"",""coordinates"":[87.15495310715384,24.519560595806546]}"
411_0,0.45,0.08689394,1.55,0.53,20.52,0.109039396,163.52,26.99,276.14,0.2709197,0.55,13.02,0.111881815,12.42,0.2957803,0.21641667,-2.2116631956350075,0.62,90.0,225,246,"5/10/24, 12:00 AM",DUMKA,176,2024-12-31,5.43,3.5832176,365,357,410,396,4.069811,2024-01-01,30.27000000000001,Purnia,"{""geodesic"":false,""type"":""Point"",""coordinates"":[87.12881213238596,24.488029729333952]}"
412_0,0.8,0.06031045,1.59,0.52,28.3,0.07473731,183.12,23.15,285.12,0.23187761,0.47,14.77125,0.067577615,13.05,0.20240895,0.122162685,-1.1273190775434296,1.24,227.7016,210,233,"5/10/24, 12:00 AM",DUMKA,175,2024-12-31,5.86,3.6915154,356,357,434,411,2.7541983,2024-01-01,30.28572222222222,Kusbana,"{""geodesic"":false,""type"":""Point"",""coordinates"":[87.31691935288059,24.51147575824947]}"
413_0,1.13,0.097020864,5.35,0.35,93.26,0.12933813,145.34,10.15,384,0.2918144,0.35,16.96,0.14706546,16.46,0.3179813,0.23874821,-0.30423148883164863,0.46,331.1977,248,261,"5/29/24, 12:00 AM",DUMKA,206,2024-12-31,4.99,3.184141,392,384,360,354,4.22605,2024-01-01,30.275085714285705,Saraiya,"{""geodesic"":false,""type"":""Point"",""coordinates"":[87.01616339575737,24.57615445870608]}"
414_0,0.81,0.053561863,2.78,0.93,63.27,0.07173051,106.77,0.482,358,0.23290677,0.69,13.37,0.06597712,8.67,0.20210339,0.1300678,4.225723615599451,2.2,47.678707,222,240,"5/29/24, 12:00 AM",DUMKA,231,2024-12-31,4.72,3.4005349,393,379,385,382,2.7529912,2024-01-01,30.234400000000004,Daldali,"{""geodesic"":false,""type"":""Point"",""coordinates"":[86.96927133792633,24.41014579420079]}"
415_0,0.52,0.08580286,5.12,0.73,64.26,0.11462285,100.12,19.08,245,0.25594285,0.37,22.35,0.13091429,18.65,0.2848857,0.20983428,1.6606474555557462,2.42,90.0,217,232,"5/16/24, 12:00 AM",DUMKA,257,2024-12-31,5.05,3.3341472,421,410,362,358,1.0184873,2024-01-01,30.27477777777777,Kendkhapra,"{""geodesic"":false,""type"":""Point"",""coordinates"":[86.91429444253822,24.41715265341692]}"
416_0,0.43,0.09149143,5.35,0.31,93.26,0.11734286,130.81,10.15,285,0.27502573,0.33,11.48,0.13305715,7.48,0.29644856,0.22132857,-1.555724920219755,2.34,208.77672,211,227,"5/16/24, 12:00 AM",DUMKA,255,2024-12-31,5.71,3.3341472,419,407,370,365,2.1153836,2024-01-01,30.236514285714286,Bhaluwa,"{""geodesic"":false,""type"":""Point"",""coordinates"":[86.9307336122376,24.443024133599565]}"
417_0,0.35,0.06812222,2.06,0.52,25.6,0.09210555,220.08,27.23,282.42,0.28405833,0.51,10.48,0.09957917,12.42,0.24639028,0.17962083,-0.43434798564146815,0.94,47.70501,218,237,"5/8/24, 12:00 AM",DUMKA,207,2024-12-31,5.47,3.6155806,423,416,359,347,1.3779851,2024-01-01,30.23233333333334,Bauria,"{""geodesic"":false,""type"":""Point"",""coordinates"":[87.1651939013928,24.526297960437443]}"
418_0,0.37,0.06999143,1.53,0.49,21.6,0.091825716,205.408,36.33,272.83,0.24365,0.47,16.23,0.100842856,13.94,0.24474715,0.18053,-2.0446587901455078,1.06,36.227814,224,243,"5/9/24, 12:00 AM",DUMKA,178,2024-12-31,5.47,3.4890735,368,362,408,395,3.4451592,2024-01-01,30.223351351351347,Suhoduho,"{""geodesic"":false,""type"":""Point"",""coordinates"":[87.1320460674088,24.500426480254802]}"
419_0,0.36,0.08964571,0.88,0.54,33.2,0.11526857,160.16,24.23,269.12,0.27352285,0.47,16.85,0.14278285,13.32,0.30031714,0.23864286,0.36739709405137233,1.47,180.0,224,243,"5/8/24, 12:00 AM",DUMKA,176,2024-12-31,5.3,3.4890735,368,362,408,395,0.92740995,2024-01-01,30.223351351351347,Kamarbandha,"{""geodesic"":false,""type"":""Point"",""coordinates"":[87.13231556199402,24.50069597484004]}"
420_0,0.39,0.07596154,1.93,0.52,25.1,0.10422308,175.99,21.35,254.13,0.25866154,0.52,16.95,0.11651077,10.44,0.27072307,0.19651385,0.6646952260578477,1.25,227.697,213,230,"5/7/24, 12:00 AM",DUMKA,205,2024-12-31,4.86,3.6432247,383,379,403,391,1.3777736,2024-01-01,30.25205714285714,Bara Simalpahari,"{""geodesic"":false,""type"":""Point"",""coordinates"":[87.2907783781127,24.490994169771547]}"
421_0,0.28,0.06438507,0.91,0.42,24.3,0.09013881,151.42,26.17,305.12,0.27025223,0.42,18.44,0.095843285,12.45,0.28927165,0.19037165,-0.0032186639249833456,1.56,114.465996,231,247,"5/7/24, 12:00 AM",DUMKA,192,2024-12-31,5.32,3.6432247,372,368,397,385,2.2383482,2024-01-01,30.278399999999998,Kapati,"{""geodesic"":false,""type"":""Point"",""coordinates"":[87.29940220484026,24.49207214811249]}"
422_0,0.25,0.10428379,1.04,0.38,41.62,0.13405405,205,10.1,175,0.28944865,0.75,12.07,0.15668379,13,0.32521352,0.26024324,8.865831554811095,1.3,192.37282,243,251,"3/18/24, 12:00 AM",DUMKA,59,2024-12-31,4.36,3.583333,390,390,367,359,4.736903,2024-01-01,30.398411764705884,Jhunki,"{""geodesic"":false,""type"":""Point"",""coordinates"":[87.63088054468037,24.256533880616352]}"
423_0,0.78,0.11481103,6.03,0.42,29.67,0.13696985,129.12,10.85,244,0.3077897,0.61,16.54,0.14928603,7.47,0.33235294,0.24708162,3.4408687620681513,0.85,-0.0,204,230,"5/17/24, 12:00 AM",DUMKA,176,2024-12-31,5.58,3.4610145,399,386,397,384,0.0,2024-01-01,30.249891891891888,Simra,"{""geodesic"":false,""type"":""Point"",""coordinates"":[87.05901303480987,24.30477341137357]}"
424_0,0.14,0.086542,5.12,0.89,64.26,0.11154867,119.7,19.08,258,0.292436,0.49,9.39,0.11441933,21.47,0.29347134,0.20031467,-2.724683286913013,0.35,342.55997,246,258,"5/29/24, 12:00 AM",DUMKA,194,2024-12-31,5.31,3.184141,382,376,372,366,6.7735333,2024-01-01,30.30483333333333,Bhaturia,"{""geodesic"":false,""type"":""Point"",""coordinates"":[87.02370924414397,24.565374675296642]}"
425_0,1.39,0.06141143,3.39,0.63,9.88,0.07930143,139.14,16.96,239,0.23049155,0.67,9.94,0.13173944,8.97,0.2495183,0.19941127,-1.9202105566538268,0.45,270.0,206,220,"7/13/24, 12:00 AM",DUMKA,163,2024-12-31,4.95,3.5489466,404,404,390,376,3.048819,2024-01-01,30.175945945945944,Baliram,"{""geodesic"":false,""type"":""Point"",""coordinates"":[87.34737224101224,24.247910053888805]}"
426_0,0.62,0.054265626,4.58,0.31,67.45,0.07415938,128.12,3.32,348,0.20851563,0.63,11.38,0.09135,15.47,0.23555937,0.1846125,-1.6116826027276314,0.47,294.47766,221,236,"6/19/24, 12:00 AM",DUMKA,259,2024-12-31,4.95,3.3341472,406,394,372,370,2.2373478,2024-01-01,30.28741176470588,Tetaria,"{""geodesic"":false,""type"":""Point"",""coordinates"":[86.93666249311279,24.423890018047818]}"
427_0,0.46,0.061944067,3.65,0.52,64.89,0.08709746,128.12,35.2,385,0.26563814,0.59,19.15,0.08749576,8.97,0.2520373,0.1678805,5.22081278856965,1.79,270.0,226,243,"6/12/24, 12:00 AM",DUMKA,231,2024-12-31,5.83,3.4005349,395,381,379,376,1.0184313,2024-01-01,30.234400000000004,Bara,"{""geodesic"":false,""type"":""Point"",""coordinates"":[86.96954083251157,24.410415288786027]}"
428_0,0.46,0.07438813,3.65,0.49,46.55,0.10647203,96.87,21.01,238,0.25776103,0.69,26.01,0.12069661,22.78,0.25984237,0.18938136,4.225723615599451,1.79,47.678707,226,243,"6/12/24, 12:00 AM",DUMKA,231,2024-12-31,5.52,3.4005349,395,381,379,376,2.7529912,2024-01-01,30.234400000000004,Barmasa,"{""geodesic"":false,""type"":""Point"",""coordinates"":[86.96927133792633,24.410415288786027]}"
429_0,0.39,0.072831884,2.78,0.48,63.27,0.11546475,106.77,19.6,358,0.25770646,0.39,13.37,0.12546402,15.47,0.30321655,0.2259741,-2.4009402010599104,0.42,235.65395,232,246,"5/22/24, 12:00 AM",DUMKA,144,2024-12-31,4.69,3.5413055,374,370,394,383,4.9196754,2024-01-01,30.26857142857143,Astajora,"{""geodesic"":false,""type"":""Point"",""coordinates"":[87.36300292695591,24.340885685795175]}"
430_0,0.19,0.073674284,2.12,0.53,45.23,0.09207143,119.57,20.34,263,0.23681715,0.52,18.76,0.101534285,15.47,0.28981143,0.23925143,-1.611662379187354,0.62,245.5221,221,234,"5/21/24, 12:00 AM",DUMKA,264,2024-12-31,5.65,3.3341472,416,405,363,361,2.2373273,2024-01-01,30.249085714285716,Saharjori,"{""geodesic"":false,""type"":""Point"",""coordinates"":[86.91968433424293,24.42254254512164]}"
431_0,0.62,0.07183867,6.15,1.15,62.11,0.09406533,33.14,23.1,167,0.27969065,0.29,21.09,0.10813066,16,0.32444265,0.22308,-2.209608311730659,1.52,90.0,249,245,"3/28/24, 12:00 AM",DUMKA,85,2024-12-31,5.4,3.531615,400,413,351,342,4.065607,2024-01-01,30.419176470588233,Karmatanr,"{""geodesic"":false,""type"":""Point"",""coordinates"":[87.57374769261035,24.35732485549456]}"
432_0,0.81,0.0696625,2.12,0.58,39.71,0.1038375,128.12,0.76,248,0.27770936,0.73,2.2,0.1194375,16.67,0.29963437,0.21460313,2.844089933693252,2.34,227.68135,215,231,"5/25/24, 12:00 AM",DUMKA,247,2024-12-31,5.48,3.3341472,414,402,371,368,1.3773601,2024-01-01,30.28741176470588,Amba,"{""geodesic"":false,""type"":""Point"",""coordinates"":[86.93423704184568,24.422003555951168]}"
433_0,1.08,0.082153626,2.45,0.92,38.34,0.11295217,115.31,22.322,376,0.24689999,0.57,15.08,0.13805218,18.67,0.2974942,0.23068985,3.7467153474888693,0.48,331.20715,227,249,"5/19/24, 12:00 AM",DUMKA,172,2024-12-31,5.47,3.4890735,385,376,388,375,2.1157105,2024-01-01,30.27268571428571,Machadih,"{""geodesic"":false,""type"":""Point"",""coordinates"":[87.11587639229464,24.526836949607915]}"
434_0,0.42,0.096319444,2.12,0.87,39.71,0.117477775,128,0.76,248,0.22374722,0.37,2.2,0.14491944,13.46,0.29648888,0.2544861,-2.8032862264350205,0.34,75.419945,210,227,"5/17/24, 12:00 AM",DUMKA,253,2024-12-31,5.05,3.3341472,410,397,380,376,7.32863,2024-01-01,30.228800000000007,Bhaluwa,"{""geodesic"":false,""type"":""Point"",""coordinates"":[86.93423704184568,24.44194615525862]}"
435_0,0.69,0.088262856,1.2,0.52,64.23,0.1304695,26.12,9.32,176,0.2783064,0.4,14.03,0.14203689,10,0.301961,0.21861774,1.1769810643817196,3.12,132.3305,212,237,"4/30/24, 12:00 AM",DUMKA,169,2024-12-31,4.15,3.58974,366,356,422,406,1.3770474,2024-01-01,30.25055555555555,Katania,"{""geodesic"":false,""type"":""Point"",""coordinates"":[87.11587639229464,24.369452111830174]}"
436_0,0.6,0.06805182,1.22,0.46,22.74,0.08759781,36.5,3.21,183,0.23240803,0.52,12.3,0.09433065,14,0.252481,0.17955182,-1.9662707491056715,2.82,106.88958,205,216,"4/6/24, 12:00 AM",DUMKA,180,2024-12-31,5.19,3.5455499,380,381,416,403,3.1891325,2024-01-01,30.25027777777778,Bhawanrpathar,"{""geodesic"":false,""type"":""Point"",""coordinates"":[87.3853709775305,24.373494530608713]}"
437_0,0.46,0.062453102,5.34,0.37,35.38,0.09203035,140.56,3.354,280,0.25941932,0.58,8.58,0.12365311,9.34,0.2897738,0.22297794,-2.7100472807427467,1.79,114.48067,223,236,"6/24/24, 12:00 AM",DUMKA,239,2024-12-31,5.53,3.4005349,400,389,377,376,6.684196,2024-01-01,30.244611111111098,Lusitanr,"{""geodesic"":false,""type"":""Point"",""coordinates"":[86.99163938850091,24.406372870007488]}"
438_0,0.5,0.05475942,1.58,0.48,32.6,0.075573914,152.208,20.35,269.53,0.28573042,0.41,16.85,0.065831885,12.04,0.2045826,0.12101884,-2.2260616466829175,1.82,132.29594,223,246,"5/8/24, 12:00 AM",DUMKA,197,2024-12-31,5.47,3.4890735,391,382,386,372,4.1275225,2024-01-01,30.248666666666665,Bandarjora,"{""geodesic"":false,""type"":""Point"",""coordinates"":[87.14013090496586,24.522255541658907]}"
439_0,0.44,0.07169552,0.85,0.46,32.5,0.10056567,183.12,26.48,232.42,0.27027163,0.49,14.22,0.120276116,13.02,0.3151224,0.22068508,3.1769167084733803,0.85,227.69852,229,245,"5/8/24, 12:00 AM",DUMKA,177,2024-12-31,5.22,3.6808677,364,358,407,396,2.7540355,2024-01-01,30.278399999999998,Kamarbandha,"{""geodesic"":false,""type"":""Point"",""coordinates"":[87.30209715069262,24.497731534402444]}"
440_0,0.75,0.11059851,2.78,0.89,63.27,0.13175672,106.77,19.63482,358,0.26801494,0.51,13.37,0.1462612,21.47,0.27868506,0.21367164,-1.9196347358607748,2.42,270.0,195,212,"7/24/24, 12:00 AM",DUMKA,258,2024-12-31,5.02,3.6687794,435,422,370,366,3.0479295,2024-01-01,30.310666666666677,Khutojori,"{""geodesic"":false,""type"":""Point"",""coordinates"":[86.97627819714246,24.21045030654102]}"
441_0,0.78,0.11716567,5.35,0.41,93.26,0.13467164,145.34,10.15,384,0.23365523,0.59,16.96,0.15717015,17.48,0.30549702,0.26275223,-1.8275553846968022,0.81,180.0,195,212,"7/24/24, 12:00 AM",DUMKA,255,2024-12-31,5.09,3.6687794,435,422,370,366,2.7802885,2024-01-01,30.310666666666677,Khutojori,"{""geodesic"":false,""type"":""Point"",""coordinates"":[86.97735617548341,24.209372328200075]}"
442_0,0.54,0.08273572,3.65,0.89,64.89,0.11480284,128.12,25.61,385,0.23823687,0.51,19.15,0.11500567,13.87,0.2597766,0.19465674,-0.12982773564914016,0.65,90.0,233,247,"5/22/24, 12:00 AM",DUMKA,150,2024-12-31,5.02,3.4132357,387,386,379,366,1.0178343,2024-01-01,30.279257142857148,Amjhari,"{""geodesic"":false,""type"":""Point"",""coordinates"":[87.34548577891559,24.336034783260928]}"
443_0,0.65,0.05710625,5.96,0.45,64.12,0.08645,101.26,2.654,232,0.27334687,0.23,8.72,0.09755625,14.48,0.27966562,0.19420938,-2.0797845689313985,1.35,301.25845,215,231,"5/25/24, 12:00 AM",DUMKA,250,2024-12-31,5.38,3.3341472,414,402,371,368,3.5702107,2024-01-01,30.28741176470588,Tetaria,"{""geodesic"":false,""type"":""Point"",""coordinates"":[86.93477603101614,24.422003555951168]}"
444_0,0.26,0.098966666,3.39,0.48,9.88,0.11610556,140.56,16.96,291,0.25070417,0.85,9.94,0.11681944,8.67,0.23788194,0.15954722,4.212390238415376,1.23,180.0,179,187,"7/1/24, 12:00 AM",DUMKA,135,2024-12-31,5.61,3.5489466,366,364,455,449,0.92740995,2024-01-01,30.168444444444447,Golpur,"{""geodesic"":false,""type"":""Point"",""coordinates"":[87.3193448041477,24.243328645939794]}"
445_0,0.46,0.083775185,6.17,0.35,26.55,0.1298087,153.2,27.66,235,0.2865145,0.35,9.31,0.13820942,16.46,0.30562463,0.21574855,1.6850305064741813,0.49,114.488075,216,231,"5/17/24, 12:00 AM",DUMKA,170,2024-12-31,4.99,3.58974,390,381,394,388,2.2364566,2024-01-01,30.226555555555553,Uparbahiar,"{""geodesic"":false,""type"":""Point"",""coordinates"":[87.11398993019799,24.362984241784513]}"
446_0,0.15,0.078768656,0.76,0.48,30.22,0.100368656,214.48,28.36,285.12,0.26101193,0.53,12.64,0.1081403,10.42,0.27489105,0.20111492,-0.9193937565493857,0.86,245.53256,219,242,"5/9/24, 12:00 AM",DUMKA,178,2024-12-31,5.44,3.5832176,364,355,417,403,2.2382255,2024-01-01,30.28965714285715,Parma,"{""geodesic"":false,""type"":""Point"",""coordinates"":[87.13258505657926,24.483717815970177]}"
447_0,0.48,0.06999143,4.4,0.46,82.01,0.091825716,51.26,8.36,263,0.24365,0.24,19.36,0.100842856,15,0.24474715,0.18053,-2.0446587901455078,1.68,36.227814,224,243,"4/21/24, 12:00 AM",DUMKA,178,2024-12-31,6.29,3.4890735,368,362,408,395,3.4451592,2024-01-01,30.223351351351347,Purnia,"{""geodesic"":false,""type"":""Point"",""coordinates"":[87.1320460674088,24.500426480254802]}"
448_0,0.27,0.067371644,2.41,0.45,25.3,0.092262685,225.41,26.54,269.53,0.25790447,0.47,10.42,0.114346266,10.74,0.30325374,0.22315672,-2.4029753434849064,1.26,124.3134,225,243,"5/7/24, 12:00 AM",DUMKA,196,2024-12-31,5.28,3.6808677,378,371,397,385,4.923763,2024-01-01,30.278399999999998,Susania,"{""geodesic"":false,""type"":""Point"",""coordinates"":[87.30128866693691,24.495306083135322]}"
449_0,0.75,0.09468493,5.78,0.62,59.83,0.11169041,120.14,11.26,379,0.2552411,0.55,10.24,0.11541781,9.34,0.25942466,0.17648493,-2.079125106931059,0.78,58.731815,237,243,"5/13/24, 12:00 AM",DUMKA,102,2024-12-31,5.71,3.5241098,411,417,352,341,7.110942,2024-01-01,30.305542857142864,Dumaria Bahiyar,"{""geodesic"":false,""type"":""Point"",""coordinates"":[87.54006086945587,24.373494530608713]}"
450_0,0.65,0.053645946,2.18,0.63,29.6,0.07435676,11.4,6.2,175,0.29872704,0.38,16.4,0.065445945,16,0.23231351,0.14621352,-0.7296835194384553,1.25,-0.0,213,223,"3/30/24, 12:00 AM",DUMKA,135,2024-12-31,5.15,3.603517,396,401,390,376,0.92740995,2024-01-01,30.296400000000006,Pandanpahari,"{""geodesic"":false,""type"":""Point"",""coordinates"":[87.43792242165149,24.30477341137357]}"
451_0,0.58,0.061742857,1.36,0.51,23.5,0.083765715,235.536,25.36,279.1,0.28621143,0.43,14.75,0.08248143,8.42,0.25723284,0.16453286,0.2725563602275106,1.22,90.0,222,237,"5/10/24, 12:00 AM",DUMKA,197,2024-12-31,5.28,3.6915154,371,363,408,399,1.0194159,2024-01-01,30.29627027027027,Mathtola,"{""geodesic"":false,""type"":""Point"",""coordinates"":[87.30209715069262,24.531957346727395]}"
452_0,0.44,0.07956986,1.76,0.46,25.2,0.09310137,168.59,24.15,235.22,0.24240547,0.42,10.24,0.09176301,9.52,0.21467534,0.15468767,-1.4224308692633063,0.86,180.0,186,205,"5/10/24, 12:00 AM",DUMKA,158,2024-12-31,5.05,3.405328,385,386,428,409,1.8543341,2024-01-01,30.214235294117643,Dahichua,"{""geodesic"":false,""type"":""Point"",""coordinates"":[87.34440780057464,24.253569440178758]}"
454_0,0.49,0.08273572,1.64,0.58,26.1,0.11480284,145.34,12.36,232,0.23823687,0.26,8.72,0.11500567,15.47,0.2597766,0.19465674,-0.12982773564914016,0.39,90.0,233,247,"5/22/24, 12:00 AM",DUMKA,150,2024-12-31,4.88,3.4132357,387,386,379,366,1.0178343,2024-01-01,30.279257142857148,Aluara,"{""geodesic"":false,""type"":""Point"",""coordinates"":[87.34548577891559,24.336034783260928]}"
455_0,0.65,0.05855,4.21,0.37,57.53,0.086640626,118.47,0.484,227,0.24530312,0.68,13.06,0.09463438,8.97,0.24995938,0.17093125,3.3965615525680883,2.17,-0.0,215,231,"5/21/24, 12:00 AM",DUMKA,248,2024-12-31,5.46,3.3341472,414,402,371,368,0.92740995,2024-01-01,30.28741176470588,Tetaria,"{""geodesic"":false,""type"":""Point"",""coordinates"":[86.9345065364309,24.422273050536404]}"
456_0,0.45,0.070671126,5.89,0.87,38.26,0.0855162,101.26,13.2,354,0.24266902,0.61,12.39,0.07021972,15.49,0.18477324,0.11331338,-1.1357098024628407,0.81,180.0,231,247,"5/19/24, 12:00 AM",DUMKA,158,2024-12-31,5.51,3.6050391,345,341,424,411,2.7802885,2024-01-01,30.183257142857137,Heth Rengni,"{""geodesic"":false,""type"":""Point"",""coordinates"":[87.1832500386036,24.377267454802016]}"
457_0,0.52,0.08580286,4.2,0.63,70.24,0.11462285,115.01,6.54,189,0.25594285,0.29,18.69,0.13091429,14,0.2848857,0.20983428,1.6606474555557462,0.62,90.0,217,232,"4/30/24, 12:00 AM",DUMKA,257,2024-12-31,4.09,3.3341472,421,410,362,358,1.0184873,2024-01-01,30.27477777777777,Karma,"{""geodesic"":false,""type"":""Point"",""coordinates"":[86.91429444253822,24.41715265341692]}"
458_0,0.45,0.07300139,1.19,0.79,37.2,0.1006625,30.2,8.93,205,0.28800833,0.67,13.2,0.105943054,16,0.3065264,0.20855278,0.7865096848550315,2.57,270.0,196,197,"4/5/24, 12:00 AM",DUMKA,134,2024-12-31,5.02,3.603517,400,405,403,398,1.0178031,2024-01-01,30.21935135135135,Kalhajhor,"{""geodesic"":false,""type"":""Point"",""coordinates"":[87.43900039999242,24.33226185906763]}"
459_0,0.11,0.077517144,0.95,0.73,2.2,0.100572854,14.3,16.39,228,0.24982715,0.27,10.3,0.12497571,15,0.32335,0.25611144,-0.432061037403837,2.31,47.662544,210,225,"4/5/24, 12:00 AM",DUMKA,177,2024-12-31,5.6,3.5624192,430,415,360,360,5.4916387,2024-01-01,30.215470588235288,Hirodih,"{""geodesic"":false,""type"":""Point"",""coordinates"":[87.50394859503427,24.338729729113286]}"
460_0,0.46,0.0790942,1.64,0.58,26.099999999999994,0.10717681,145.34,12.36,232,0.33464202,0.26,8.72,0.10706087,14.65,0.26432464,0.18481015,-1.9630454944726905,0.19,73.08332,227,245,"7/23/24, 12:00 AM",DUMKA,234,2024-12-31,4.88,3.5200946,423,412,349,343,3.1841824,2024-01-01,30.291764705882347,Kapsio,"{""geodesic"":false,""type"":""Point"",""coordinates"":[86.94690328735176,24.157629367834794]}"
461_0,0.29,0.097232394,0.89,0.42,28.4,0.12479155,240.576,24.15,295.16,0.2678352,0.42,11.96,0.1475183,14.02,0.2927324,0.23692676,-1.5564632179950109,1.34,331.20847,206,223,"5/8/24, 12:00 AM",DUMKA,208,2024-12-31,5.19,3.6155806,414,410,380,367,2.1156845,2024-01-01,30.304882352941178,Bauria,"{""geodesic"":false,""type"":""Point"",""coordinates"":[87.15603108549477,24.520369079562254]}"
462_0,0.24,0.078768656,1.32,0.56,26.48,0.100368656,205.184,24.36,261.51,0.26101193,0.47,15.55,0.1081403,10.47,0.27489105,0.20111492,-0.9193937565493857,0.68,245.53256,219,242,"5/9/24, 12:00 AM",DUMKA,178,2024-12-31,5.41,3.5832176,364,355,417,403,2.2382255,2024-01-01,30.28965714285715,Parma,"{""geodesic"":false,""type"":""Point"",""coordinates"":[87.13258505657926,24.483717815970177]}"
463_0,0.73,0.07133572,2.11,0.42,23.55,0.08945572,225.68,29.56,282.12,0.26976427,0.42,14.75,0.08684714,10.47,0.23418428,0.15873,-0.9822513769584504,1.37,58.7574,224,243,"5/8/24, 12:00 AM",DUMKA,177,2024-12-31,4.84,3.4890735,368,362,408,395,3.5718355,2024-01-01,30.223351351351347,Khasia,"{""geodesic"":false,""type"":""Point"",""coordinates"":[87.13231556199402,24.500426480254802]}"
464_0,0.29,0.06335151,2.03,0.42,23.56,0.08417121,225.68,23.14,194.18,0.26924545,0.49,12.25,0.090265155,10.42,0.22826363,0.15310909,-1.8202296721038351,1.94,47.697254,228,245,"5/8/24, 12:00 AM",DUMKA,204,2024-12-31,5.16,3.6432247,374,370,397,386,2.753969,2024-01-01,30.278399999999998,Kandhara,"{""geodesic"":false,""type"":""Point"",""coordinates"":[87.29724624815837,24.492341642697724]}"
465_0,0.8,0.098462686,5.14,0.63,55.06,0.117738806,150.06,17.65,232,0.20463881,0.67,22.21,0.14948657,15.49,0.2898567,0.2537,-0.8210381457592124,2.42,90.0,195,212,"7/23/24, 12:00 AM",DUMKA,258,2024-12-31,4.949999999999999,3.6687794,435,422,370,366,1.0168358,2024-01-01,30.310666666666677,Karmatanr,"{""geodesic"":false,""type"":""Point"",""coordinates"":[86.97627819714246,24.21125879029673]}"
466_0,0.45,0.098462686,3.12,0.06,74.97999999999999,0.117738806,126.33,21.36,206,0.20463881,0.25,13.52,0.14948657,14.48,0.2898567,0.2537,-0.8210381457592124,0.34,90.0,195,212,"7/15/24, 12:00 AM",DUMKA,258,2024-12-31,5.44,3.6687794,435,422,370,366,1.0168358,2024-01-01,30.310666666666677,Bara Dumria,"{""geodesic"":false,""type"":""Point"",""coordinates"":[86.97627819714246,24.21125879029673]}"
467_0,0.48,0.10747647,4.02,0.69,26.53,0.12857647,98.63,21.38304,258,0.26381764,0.59,10.34,0.15374412,15.45,0.30114853,0.24171911,-1.1236846645493077,0.45,227.63385,195,212,"7/15/24, 12:00 AM",DUMKA,258,2024-12-31,4.68,3.6687794,435,422,370,366,2.7506309,2024-01-01,30.310666666666677,Bara Dumria,"{""geodesic"":false,""type"":""Point"",""coordinates"":[86.97600870255722,24.210719801126256]}"
468_0,0.85,0.055192307,2.56,0.55,35.3327,0.08245846,129.12,7.42,246,0.2695569,0.48,9.62,0.08989538,12.49,0.23277692,0.1573123,-1.919504854849397,2.2,270.0,217,237,"7/24/24, 12:00 AM",DUMKA,245,2024-12-31,5.69,3.6687794,404,389,379,374,3.0477307,2024-01-01,30.280722222222224,Khutojori,"{""geodesic"":false,""type"":""Point"",""coordinates"":[86.97708668089817,24.20209597439871]}"
469_0,0.39,0.09468493,4.88,0.95,36.95012,0.11169041,114.51,14.5,371,0.2552411,0.59,10.32,0.11541781,8.89,0.25942466,0.17648493,-2.079125106931059,0.47,58.731815,237,243,"7/23/24, 12:00 AM",DUMKA,102,2024-12-31,5.52,3.5241098,411,417,352,341,7.110942,2024-01-01,30.305542857142864,Karmatanr,"{""geodesic"":false,""type"":""Point"",""coordinates"":[87.54006086945587,24.373494530608713]}"
470_0,0.85,0.06313485,5.09,0.97,50.56,0.08815606,165.01,16.9674,368,0.28039697,0.79,17.23,0.08690455,9.34,0.25418788,0.16857879,2.0553387023552294,1.79,-0.0,201,224,"7/23/24, 12:00 AM",DUMKA,251,2024-12-31,5.08,3.6687794,413,396,386,380,0.0,2024-01-01,30.29461111111111,Khutojori,"{""geodesic"":false,""type"":""Point"",""coordinates"":[86.98220707801765,24.205599404006776]}"
471_0,0.36,0.075354055,5.78,0.46,59.83,0.10205946,100.11,11.26,262,0.2298027,0.39,6.31,0.120164864,15.47,0.28590542,0.20901081,-1.9688192788247307,0.85,106.86824,245,255,"5/22/24, 12:00 AM",DUMKA,225,2024-12-31,5.58,3.4973216,386,383,369,362,3.193042,2024-01-01,30.252742857142852,Dondiya,"{""geodesic"":false,""type"":""Point"",""coordinates"":[86.95417964115312,24.542467635551596]}"
472_0,0.39,0.075354055,3.64,0.41,64.06,0.10205946,107.89,6.16,249,0.2298027,0.79,18.18,0.120164864,16.67,0.28590542,0.20901081,-1.9688192788247307,0.46,106.86824,245,255,"5/22/24, 12:00 AM",DUMKA,225,2024-12-31,5.77,3.4973216,386,383,369,362,3.193042,2024-01-01,30.252742857142852,Parasdah,"{""geodesic"":false,""type"":""Point"",""coordinates"":[86.95417964115312,24.542467635551596]}"
473_0,0.54,0.098135136,0.9,0.48,78.85,0.12325405,115.01,0.91,185,0.2718973,0.96,19.71,0.13416757,12,0.28646755,0.20513242,0.6396991830526436,0.59,90.0,242,261,"4/24/24, 12:00 AM",DUMKA,208,2024-12-31,5.5,3.3526697,402,391,356,348,3.056575,2024-01-01,30.24216666666667,Baija,"{""geodesic"":false,""type"":""Point"",""coordinates"":[86.9601085220283,24.569147599489945]}"
474_0,0.54,0.09042877,6.11,0.45,58.62,0.1127452,107.89,26.3,368,0.26843563,0.68,17.41,0.12782602,8.67,0.23790684,0.17726438,-2.1155780649754647,0.41,180.0,186,205,"7/13/24, 12:00 AM",DUMKA,158,2024-12-31,6.01,3.405328,385,386,428,409,3.7047918,2024-01-01,30.214235294117643,Baliram,"{""geodesic"":false,""type"":""Point"",""coordinates"":[87.34467729515988,24.253569440178758]}"
475_0,0.13,0.105031945,5.09,0.97,50.56,0.11564861,165.01,16.97,368,0.28343195,0.79,17.23,0.11113056,14.48,0.26358333,0.17710972,-1.1242059077949376,0.52,132.35637,185,202,"7/5/24, 12:00 AM",DUMKA,154,2024-12-31,5.08,3.405328,377,376,439,422,4.1227612,2024-01-01,30.212294117647055,Sagarbhanga,"{""geodesic"":false,""type"":""Point"",""coordinates"":[87.34225184389275,24.254377923934463]}"
476_0,0.64,0.09530143,5.6,0.45,59.12,0.111952856,104,7.6,216,0.30403858,0.64,20,0.10251143,14,0.25533572,0.17359571,-1.1240838500584867,2.44,132.35861,207,220,"5/7/24, 12:00 AM",DUMKA,178,2024-12-31,5.36,3.4836266,431,429,362,351,1.3763067,2024-01-01,30.181085714285718,Kurumpahari,"{""geodesic"":false,""type"":""Point"",""coordinates"":[87.35518758398408,24.24440662428074]}"
477_0,0.81,0.08901295,4.88,0.56,36.95,0.1069741,114.51,14.5,371,0.23813309,0.37,10.32,0.11002806,15.45,0.26591727,0.19316259,4.9845663093042525,0.78,195.34383,232,246,"5/21/24, 12:00 AM",DUMKA,145,2024-12-31,5.79,3.5413055,374,370,394,383,3.8413262,2024-01-01,30.26857142857143,Astajora,"{""geodesic"":false,""type"":""Point"",""coordinates"":[87.36273343237069,24.34115518038041]}"
478_0,0.39,0.08273572,6.11,0.78,58.62,0.11480284,107.89,26.3,368,0.23823687,0.83,17.41,0.11500567,8.89,0.2597766,0.19465674,-0.12982773564914016,0.43,90.0,233,247,"5/22/24, 12:00 AM",DUMKA,150,2024-12-31,5.83,3.4132357,387,386,379,366,1.0178343,2024-01-01,30.279257142857148,Amjhari,"{""geodesic"":false,""type"":""Point"",""coordinates"":[87.34548577891559,24.336034783260928]}"
479_0,0.75,0.05710625,2.19,0.54,40.78,0.08645,98.63,31.16,264,0.27334687,0.43,22.32,0.09755625,13.87,0.27966562,0.19420938,-2.0797845689313985,0.14,301.25845,215,231,"5/25/24, 12:00 AM",DUMKA,250,2024-12-31,5.63,3.3341472,414,402,371,368,3.5702107,2024-01-01,30.28741176470588,Tetaria,"{""geodesic"":false,""type"":""Point"",""coordinates"":[86.93477603101614,24.422003555951168]}"
480_0,0.65,0.07148944,4.12,0.98,82.16,0.09180634,126.33,4.158,389,0.25772464,0.85,14.51,0.09325634,13.87,0.26501268,0.18038099,1.215519033412195,0.14,180.0,232,252,"5/18/24, 12:00 AM",DUMKA,166,2024-12-31,5.02,3.6050391,344,336,424,411,1.8543341,2024-01-01,30.198457142857148,Katariya,"{""geodesic"":false,""type"":""Point"",""coordinates"":[87.16734985807469,24.393976119086638]}"
481_0,1.18,0.08315786,2.12,0.53,45.23,0.11030357,119.57,20.34,263,0.26760715,0.52,18.76,0.11602357,14.65,0.27683356,0.19313,1.5119478042585994,0.35,216.20175,232,248,"5/19/24, 12:00 AM",DUMKA,154,2024-12-31,5.63,3.6050391,351,347,417,405,3.4440148,2024-01-01,30.183257142857137,Hardipatti,"{""geodesic"":false,""type"":""Point"",""coordinates"":[87.18513650070025,24.38023189523961]}"
482_0,0.31,0.090111114,2.65,0.45,27.4,0.11671389,217.392,25.14,269.33,0.2763764,0.49,13.33,0.12640278,14.02,0.28935,0.2103486,-0.8258944253188581,0.45,270.0,246,270,"5/9/24, 12:00 AM",DUMKA,171,2024-12-31,5.08,3.4890735,377,367,377,363,3.055427,2024-01-01,30.256388888888882,Majhdiha,"{""geodesic"":false,""type"":""Point"",""coordinates"":[87.11857133814699,24.52198604707367]}"
483_0,0.48,0.06479286,2.33,0.42,25.63,0.08463143,205.408,20.56,279.61,0.24519,0.43,16.3,0.08154286,14.02,0.19127572,0.13311857,-1.8298925974725335,1.45,180.0,230,246,"5/8/24, 12:00 AM",DUMKA,177,2024-12-31,5.41,3.4890735,371,363,399,391,2.7802885,2024-01-01,30.228216216216207,Khasia,"{""geodesic"":false,""type"":""Point"",""coordinates"":[87.12773415404502,24.509858790738058]}"
484_0,0.52,0.06999143,1.49,0.56,27.4,0.091825716,207.536,31.26,274.38,0.24365,0.45,17.42,0.100842856,12.49875,0.24474715,0.18053,-2.0446587901455078,0.48,36.227814,224,243,"5/9/24, 12:00 AM",DUMKA,178,2024-12-31,5.41,3.4890735,368,362,408,395,3.4451592,2024-01-01,30.223351351351347,Suhoduho,"{""geodesic"":false,""type"":""Point"",""coordinates"":[87.1320460674088,24.500426480254802]}"
485_0,1.18,0.080204055,5.23,0.69,42.22,0.10963446,113.29,31.4,265,0.27478176,0.61,6.34,0.11691622,12.49,0.27825,0.19959189,5.003179470037162,0.8,47.714607,242,254,"5/29/24, 12:00 AM",DUMKA,193,2024-12-31,5.39,3.184141,373,366,385,380,1.3782388,2024-01-01,30.290222222222226,Dhanwe,"{""geodesic"":false,""type"":""Point"",""coordinates"":[87.02640418999633,24.568608610319473]}"
486_0,0.78,0.080360435,5.71,0.27,60.54,0.106568344,153.2,9.85,276,0.2708928,0.56,8.38,0.1200705,15.45,0.29227266,0.20418921,-1.4224124973785408,0.81,180.0,211,227,"5/16/24, 12:00 AM",DUMKA,216,2024-12-31,5.63,3.5056844,396,384,393,389,1.8543341,2024-01-01,30.234857142857145,Simra,"{""geodesic"":false,""type"":""Point"",""coordinates"":[87.06871483987837,24.2508744943264]}"
487_0,0.35,0.07319058,4.07,0.46,61.33,0.10464348,76.12,20.66,230,0.27766377,0.98,16.15,0.11861739,18.67,0.29034057,0.20958406,-2.235634581965155,1.08,77.174644,224,237,"5/28/24, 12:00 AM",DUMKA,231,2024-12-31,4.88,3.4005349,392,383,384,380,4.1708794,2024-01-01,30.26283333333334,Jhanakpur,"{""geodesic"":false,""type"":""Point"",""coordinates"":[86.9811290996767,24.40610337542225]}"
488_0,0.45,0.08273572,3.85,0.42,43.42,0.11480284,76.34,22.32,243,0.23823687,0.59,4.36,0.11500567,16.67,0.2597766,0.19465674,-0.12982773564914016,0.56,90.0,233,247,"5/22/24, 12:00 AM",DUMKA,150,2024-12-31,5.39,3.4132357,387,386,379,366,1.0178343,2024-01-01,30.279257142857148,Aluara,"{""geodesic"":false,""type"":""Point"",""coordinates"":[87.34548577891559,24.336034783260928]}"
489_0,0.45,0.06383504,3.29,0.27,61.45,0.08171314,159.2,13.21,390,0.23641168,0.35,10.32,0.069235034,10.56,0.1947365,0.11960146,-1.5547458304677382,0.53,28.757263,227,240,"5/22/24, 12:00 AM",DUMKA,158,2024-12-31,5.63,3.5413055,377,375,396,385,2.11499,2024-01-01,30.26857142857143,Balia,"{""geodesic"":false,""type"":""Point"",""coordinates"":[87.35815202442167,24.341424674965648]}"
490_0,0.71,0.07956986,2.1,0.9,76.48,0.09310137,187,22.8,182,0.24240547,0.31,15,0.09176301,10,0.21467534,0.15468767,-1.4224308692633063,2.08,180.0,186,205,"5/7/24, 12:00 AM",DUMKA,158,2024-12-31,5.06,3.405328,385,386,428,409,1.8543341,2024-01-01,30.214235294117643,Dhamna,"{""geodesic"":false,""type"":""Point"",""coordinates"":[87.34440780057464,24.253569440178758]}"
491_0,0.48,0.08097361,2.9,0.87,47.56,0.09995556,162,16.2,185,0.28916848,0.86,17,0.13891096,15,0.29449314,0.1995041,-1.6810784024396752,1.26,140.55434,179,191,"5/6/24, 12:00 AM",DUMKA,169,2024-12-31,5.55,3.405328,412,412,409,398,4.793025,2024-01-01,30.14017142857142,Golpur,"{""geodesic"":false,""type"":""Point"",""coordinates"":[87.31045148283492,24.275129006997627]}"
492_0,0.58,0.08818571,5.65,0.91,51.57,0.112085715,105.49,15.48,211,0.28909713,0.41,25.26,0.119791426,15.49,0.27855715,0.20665714,-2.2362081146094748,0.99,257.17828,211,227,"5/16/24, 12:00 AM",DUMKA,257,2024-12-31,5.56,3.3341472,419,407,370,365,4.1720366,2024-01-01,30.236514285714286,Bhaluwa,"{""geodesic"":false,""type"":""Point"",""coordinates"":[86.93100310682284,24.443024133599565]}"
493_0,0.36,0.079291895,3.2,0.95,69.39,0.0953,78.12,17.21,135,0.25267297,0.47,20.49,0.10214865,12,0.24165675,0.17117298,-0.7291603804602868,2.04,-0.0,233,242,"4/11/24, 12:00 AM",DUMKA,85,2024-12-31,5.07,3.8513324,390,390,377,368,0.92740995,2024-01-01,30.422249999999995,Bara Chapiria,"{""geodesic"":false,""type"":""Point"",""coordinates"":[87.61228541829908,24.23766925964984]}"
494_0,0.77,0.086587146,3.08,0.58,35.2,0.11362143,32.1,7.15,192,0.27106285,0.51,14.7,0.13215142,17,0.2958657,0.21690714,-0.432185566378842,0.42,132.33553,201,216,"3/31/24, 12:00 AM",DUMKA,149,2024-12-31,5.4,3.6352136,430,429,368,355,4.1244025,2024-01-01,30.14156756756757,Joram,"{""geodesic"":false,""type"":""Point"",""coordinates"":[87.4883179090906,24.347353555840836]}"
495_0,0.49,0.07886338,1.58,0.53,30.63,0.10469155,204.512,25.41,288.51,0.2846507,0.49,14.78,0.11996901,13.32,0.29135352,0.21916479,-1.6712414841249348,0.66,192.39778,206,221,"5/10/24, 12:00 AM",DUMKA,207,2024-12-31,5.41,3.6155806,415,411,379,368,4.7373543,2024-01-01,30.304882352941178,Kusbana,"{""geodesic"":false,""type"":""Point"",""coordinates"":[87.15495310715384,24.519560595806546]}"
496_0,0.46,0.054183334,0.85,0.47,26.32,0.07865303,193.312,20.91,282.25,0.27576515,0.59,16.3,0.076409094,10.42,0.26550302,0.16590758,-1.9354569654600233,1.74,98.62413,223,242,"5/8/24, 12:00 AM",DUMKA,189,2024-12-31,5.28,3.6432247,381,375,396,384,6.161402,2024-01-01,30.277828571428568,Dhobni,"{""geodesic"":false,""type"":""Point"",""coordinates"":[87.29832422649932,24.49476709396485]}"
497_0,0.47,0.06879105,1.29,0.52,26.9,0.09780149,216.608,26.34,241.53,0.26353434,0.41,16.3,0.13191344,12.4,0.32575223,0.24922238,-2.5394205027753602,0.72,169.62126,225,243,"5/10/24, 12:00 AM",DUMKA,195,2024-12-31,5.47,3.6808677,378,371,397,385,5.639231,2024-01-01,30.278399999999998,Tharikhasia,"{""geodesic"":false,""type"":""Point"",""coordinates"":[87.30101917235167,24.495036588550086]}"
498_0,0.7,0.139225,6.65,0.85,13.78,0.16683055,178,8.7,189,0.3174611,0.57,11.29,0.19061944,12,0.36064723,0.27855277,-0.7921345062795632,1.49,159.91554,249,246,"3/22/24, 12:00 AM",DUMKA,92,2024-12-31,4.25,3.552041,403,416,349,337,2.9600022,2024-01-01,30.347647058823526,Jaluaduba,"{""geodesic"":false,""type"":""Point"",""coordinates"":[87.547067728672,24.266774674855313]}"
499_0,0.13,0.073674284,5.65,0.93,51.57,0.09207143,96.87,15.48,212,0.23681715,0.48,11.36,0.101534285,14.48,0.28981143,0.23925143,-1.611662379187354,0.76,245.5221,221,234,"5/21/24, 12:00 AM",DUMKA,264,2024-12-31,5.51,3.3341472,416,405,363,361,2.2373273,2024-01-01,30.249085714285716,Bamerjhanti,"{""geodesic"":false,""type"":""Point"",""coordinates"":[86.91968433424293,24.42254254512164]}"
500_0,0.78,0.10691015,3.85,0.23,43.42,0.12583406,76.34,22.32,243,0.28597122,0.26,4.36,0.15254028,15.49,0.30126476,0.21448705,-0.16846090193406682,0.53,331.24252,232,243,"5/19/24, 12:00 AM",DUMKA,168,2024-12-31,5.72,3.5169094,384,383,384,374,2.1149943,2024-01-01,30.253588235294128,Katania,"{""geodesic"":false,""type"":""Point"",""coordinates"":[87.14659877501153,24.34250265330659]}"
501_0,0.41,0.09284,5.78,0.46,59.83,0.12092,100.11,11.26,262,0.29007715,0.39,6.31,0.1387,9.34,0.3189257,0.24108571,-0.45711032844447147,1,208.77666,211,227,"5/20/24, 12:00 AM",DUMKA,254,2024-12-31,5.58,3.3341472,419,407,370,365,2.1153827,2024-01-01,30.236514285714286,Bhalua,"{""geodesic"":false,""type"":""Point"",""coordinates"":[86.9307336122376,24.44275463901433]}"
502_0,0.35,0.08580286,2.1,0.46,54.18,0.11462285,78.12,0.49,215,0.25594285,0.38,18.03,0.13091429,14,0.2848857,0.20983428,1.6606474555557462,0.56,90.0,217,232,"4/30/24, 12:00 AM",DUMKA,257,2024-12-31,5.17,3.3341472,421,410,362,358,1.0184873,2024-01-01,30.27477777777777,Karma,"{""geodesic"":false,""type"":""Point"",""coordinates"":[86.91429444253822,24.41715265341692]}"
503_0,0.5,0.08435,6.89,0.59,38.45,0.10356857,126.33,13.36,254,0.26253,0.4,8.21,0.11344428,14.48,0.29512572,0.21257429,-1.0552812761349857,0.34,195.3623,224,243,"5/15/24, 12:00 AM",DUMKA,176,2024-12-31,4.95,3.4890735,368,362,408,395,3.8416655,2024-01-01,30.223351351351347,Lachhmipur,"{""geodesic"":false,""type"":""Point"",""coordinates"":[87.1328545511645,24.500426480254802]}"
504_0,0.23,0.07133572,0.85,0.52,20.4,0.08945572,125.46,22.69,266.59,0.26976427,0.42,16.38,0.08684714,13.05,0.23418428,0.15873,-0.9822513769584504,1.75,58.7574,224,243,"5/8/24, 12:00 AM",DUMKA,177,2024-12-31,5.24,3.4890735,368,362,408,395,3.5718355,2024-01-01,30.223351351351347,Khasia,"{""geodesic"":false,""type"":""Point"",""coordinates"":[87.13231556199402,24.500426480254802]}"
505_0,0.42,0.07078955,0.75,0.42,25.6,0.09907015,215.33,30.14,272.1,0.2703791,0.48,13.08,0.11436418,8.96,0.31408957,0.22682537,-1.820254815672393,0.75,47.697697,223,242,"5/7/24, 12:00 AM",DUMKA,193,2024-12-31,4.97,3.6432247,381,375,396,384,2.753992,2024-01-01,30.278399999999998,Dudhua,"{""geodesic"":false,""type"":""Point"",""coordinates"":[87.29994119401073,24.494228104794377]}"
506_0,0.95,0.09217188,7.62,0.77,86,0.1036125,142,11.65,185,0.21620782,0.42,10.8,0.12569219,16,0.2699086,0.23094063,-1.5163612463272806,0.16,90.0,228,239,"3/19/24, 12:00 AM",DUMKA,172,2024-12-31,5.4,3.5455499,379,383,393,379,2.0352676,2024-01-01,30.253526315789475,Khairbani,"{""geodesic"":false,""type"":""Point"",""coordinates"":[87.39453379342851,24.351126480034136]}"
507_0,1.18,0.079834245,5.65,0.89,51.57,0.09833836,96.87,15.48,212,0.2765178,0.49,11.36,0.09921918,13.46,0.24154931,0.16464795,-1.1243401893090987,0.45,312.35388,188,200,"7/19/24, 12:00 AM",DUMKA,166,2024-12-31,5.31,3.5459766,410,411,402,389,1.3764313,2024-01-01,30.236571428571427,Dhanbari,"{""geodesic"":false,""type"":""Point"",""coordinates"":[87.35923000276262,24.265427201929135]}"
508_0,0.78,0.07136757,5.65,0.89,51.57,0.1000054,96.87,15.48,212,0.2602027,0.49,11.36,0.11366757,12.49,0.28225136,0.20225406,-1.055641285302568,0.68,15.367452,225,234,"5/29/24, 12:00 AM",DUMKA,235,2024-12-31,5.31,3.330229,381,377,394,388,3.8417602,2024-01-01,30.251199999999997,Matihara,"{""geodesic"":false,""type"":""Point"",""coordinates"":[86.93666249311279,24.54462359223348]}"
509_0,0.47,0.066427775,5.09,0.59,50.56,0.0976,165.01,16.97,368,0.2629389,0.42,17.23,0.112569444,11.57,0.3027861,0.21579167,3.9983976542973063,0.41,-0.0,238,256,"5/29/24, 12:00 AM",DUMKA,205,2024-12-31,5.81,3.3526697,386,375,376,369,0.0,2024-01-01,30.24216666666667,Semariya,"{""geodesic"":false,""type"":""Point"",""coordinates"":[86.96064751119879,24.573190018268484]}"
510_0,0.46,0.06826331,4.92,0.77,90.24,0.08993165,112.14,25.3,239,0.25956833,0.8,17.47,0.094888486,13.46,0.2726223,0.18407339,-1.514627368787626,0.35,270.0,216,237,"5/17/24, 12:00 AM",DUMKA,210,2024-12-31,5.61,3.5859947,395,381,390,382,2.033488,2024-01-01,30.225941176470588,Sejakura,"{""geodesic"":false,""type"":""Point"",""coordinates"":[87.06628938861124,24.240094710916964]}"
511_0,0.85,0.054265626,4.88,0.63,8.012,0.07415938,114.51,14.5,371,0.20851563,0.55,10.32,0.09135,9.34,0.23555937,0.1846125,-1.6116826027276314,0.23,294.47766,221,236,"6/19/24, 12:00 AM",DUMKA,259,2024-12-31,5.75,3.3341472,406,394,372,370,2.2373478,2024-01-01,30.28741176470588,Tetaria,"{""geodesic"":false,""type"":""Point"",""coordinates"":[86.93666249311279,24.423890018047818]}"
512_0,0.56,0.05040254,4.21,0.41,57.53,0.07012288,128.12,0.484,225,0.24121949,0.63,9.39,0.059537288,8.67,0.1971034,0.122564405,5.22081278856965,3,270.0,222,240,"6/10/24, 12:00 AM",DUMKA,231,2024-12-31,5.13,3.4005349,393,379,385,382,1.0184313,2024-01-01,30.234400000000004,Barmasa,"{""geodesic"":false,""type"":""Point"",""coordinates"":[86.96954083251157,24.41014579420079]}"
514_0,0.47,0.072831884,3.48,0.48,93.26,0.11546475,99.68,8.05,225,0.25770646,0.57,8.26,0.12546402,14.48,0.30321655,0.2259741,-2.4009402010599104,0.58,235.65395,232,246,"5/21/24, 12:00 AM",DUMKA,144,2024-12-31,5.61,3.5413055,374,370,394,383,4.9196754,2024-01-01,30.26857142857143,Astajora,"{""geodesic"":false,""type"":""Point"",""coordinates"":[87.36300292695591,24.340885685795175]}"
515_0,0.41,0.09149143,2.29,0.45,25.64,0.11734286,95.78,22.32,263,0.27502573,0.23,8.72,0.13305715,9.47,0.29644856,0.22132857,-1.555724920219755,0.49,208.77672,211,227,"5/16/24, 12:00 AM",DUMKA,255,2024-12-31,5.38,3.3341472,419,407,370,365,2.1153836,2024-01-01,30.236514285714286,Bhaluwa,"{""geodesic"":false,""type"":""Point"",""coordinates"":[86.9307336122376,24.443024133599565]}"
517_0,0.78,0.09543049,6.25,0.69,30.06,0.11276667,27.94,35.26,185,0.27549574,0.45,10,0.11490851,17,0.286861,0.1980376,-1.27277597140814,1.812,253.10748,217,236,"3/29/24, 12:00 AM",DUMKA,144,2024-12-31,5.61,3.678358,373,368,410,397,3.1885953,2024-01-01,30.15965714285715,Satrukha,"{""geodesic"":false,""type"":""Point"",""coordinates"":[87.22259624804803,24.35031799627843]}"
518_0,0.85,0.07912,3.47,0.52,34.4,0.10718143,46.2,16.6,185,0.28619573,0.64,13.6,0.11386429,17,0.2695457,0.18273714,2.6042106772273126,0.26,232.79309,201,216,"3/31/24, 12:00 AM",DUMKA,142,2024-12-31,5.61,3.6352136,430,429,368,355,7.6237645,2024-01-01,30.179941176470592,Joram,"{""geodesic"":false,""type"":""Point"",""coordinates"":[87.48939588743154,24.345197599158947]}"
519_0,0.34,0.06272857,1.93,0.58,24.6,0.087788574,185.808,25.14,241.42,0.2749414,0.45,16.248959999999997,0.09197286,12.45,0.23501,0.15665714,-1.6131119947252328,0.75,294.46066,208,233,"5/8/24, 12:00 AM",DUMKA,214,2024-12-31,5.2,3.6155806,406,395,386,372,2.238807,2024-01-01,30.23738888888889,Bauria,"{""geodesic"":false,""type"":""Point"",""coordinates"":[87.1689668255861,24.523064025414612]}"
520_0,0.47,0.08731972,3.4,0.32,60.22,0.123826765,80.15,10.63,279,0.28459156,0.61,17.49,0.16400845,15,0.33701408,0.27372536,-0.8263314947616452,0.68,90.0,214,226,"4/21/24, 12:00 AM",DUMKA,221,2024-12-31,6.48,3.6524582,396,386,390,388,1.0195557,2024-01-01,30.304594594594594,Kamarbandha,"{""geodesic"":false,""type"":""Point"",""coordinates"":[87.2697578004643,24.549205000182493]}"
521_0,0.65,0.1073403,2.68,0.47,38.620000000000005,0.13180597,100.11,9.26,361,0.2864955,0.63,18.51,0.1625373,13.65,0.33839852,0.24619702,-0.43049717290295036,1.87,227.63304,203,226,"7/22/24, 12:00 AM",DUMKA,247,2024-12-31,5.42,3.6687794,420,402,377,372,1.3760871,2024-01-01,30.280722222222224,Dhawadangal,"{""geodesic"":false,""type"":""Point"",""coordinates"":[86.98059011050624,24.20721637151819]}"
522_0,0.8,0.08203889,2.1,0.9,42.2,0.11268611,19.3,27.5,173,0.32995,0.29,15.24,0.11953056,23,0.32588333,0.22854167,-2.077536796790679,2.46,238.70815,241,248,"4/7/24, 12:00 AM",DUMKA,66,2024-12-31,4.17,3.583333,392,394,366,358,3.5667953,2024-01-01,30.39018181818182,Jhunki,"{""geodesic"":false,""type"":""Point"",""coordinates"":[87.62414318004946,24.255455902275408]}"
523_0,0.23,0.08303835,5.78,0.41,59.83,0.104523286,100.11,11.26,262,0.27291095,0.63,6.31,0.11090959,19.58,0.25728905,0.17754383,-2.518759911685721,0.41,326.64914,187,199,"7/18/24, 12:00 AM",DUMKA,164,2024-12-31,5.13,3.5459766,423,424,389,377,5.5344343,2024-01-01,30.236571428571427,Saharghati,"{""geodesic"":false,""type"":""Point"",""coordinates"":[87.35869101359215,24.265966191099608]}"
524_0,1.02,0.06558889,2.32,0.54,15.2,0.09375556,165.2,25.6,152.5,0.24768612,0.99,14.5,0.10953333,13.5,0.26110557,0.18645833,1.5111995003442007,1.77,312.28836,231,245,"6/2/24, 12:00 AM",DUMKA,225,2024-12-31,5.2,3.2510781,387,380,382,374,1.3781604,2024-01-01,30.249371428571436,Mohila,"{""geodesic"":false,""type"":""Point"",""coordinates"":[86.9479812656927,24.55567287022815]}"
525_0,0.81,0.08094173,4.56,0.35,60.34,0.112460434,118.47,0.862,248,0.2788885,0.35,6.39,0.13511151,8.97,0.32988706,0.24993525,-1.6114220212170158,2.77,65.51929,224,237,"5/27/24, 12:00 AM",DUMKA,233,2024-12-31,4.99,3.4005349,392,383,384,380,2.237087,2024-01-01,30.266333333333325,Bairbana,"{""geodesic"":false,""type"":""Point"",""coordinates"":[86.98085960509147,24.40610337542225]}"
526_0,0.13,0.10269594,2.87,0.72,74.09,0.11998243,145.34,20.34,275,0.2687392,0.65,11.54,0.12486892,8.89,0.27606082,0.19379865,-0.9162066750668855,0.45,294.5054,181,200,"7/1/24, 12:00 AM",DUMKA,166,2024-12-31,5.71,3.5459766,412,410,407,391,4.463167,2024-01-01,30.236571428571427,Saharghati,"{""geodesic"":false,""type"":""Point"",""coordinates"":[87.35464859481361,24.261384783150596]}"
527_0,0.39,0.116297185,5.12,0.27,96.93,0.1342169,119.57,18.94,248,0.20206197,0.59,6.39,0.14727043,8.46,0.23329858,0.19986902,-1.6123912689361493,0.99,245.53076,231,248,"5/15/24, 12:00 AM",DUMKA,163,2024-12-31,5.57,3.5832176,371,369,397,383,2.2380702,2024-01-01,30.263470588235304,Majhdiha,"{""geodesic"":false,""type"":""Point"",""coordinates"":[87.13150707823831,24.472938032560744]}"
528_0,0.81,0.08689394,6.88,0.71,45.62,0.109039396,101.26,7.24,248,0.2709197,0.59,13.08,0.111881815,17.48,0.2957803,0.21641667,-2.2116631956350075,2.2,90.0,225,246,"5/14/24, 12:00 AM",DUMKA,176,2024-12-31,5.51,3.5832176,365,357,410,396,4.069811,2024-01-01,30.27000000000001,Bandarjori,"{""geodesic"":false,""type"":""Point"",""coordinates"":[87.12881213238596,24.488029729333952]}"
529_0,0.46,0.06999143,2.1,0.78,58.44,0.091825716,26.12,7.63,310,0.24365,0.69,10.23,0.100842856,14,0.24474715,0.18053,-2.0446587901455078,1.26,36.227814,224,243,"4/21/24, 12:00 AM",DUMKA,178,2024-12-31,5.8,3.4890735,368,362,408,395,3.4451592,2024-01-01,30.223351351351347,Purnia,"{""geodesic"":false,""type"":""Point"",""coordinates"":[87.1320460674088,24.500426480254802]}"
530_0,0.72,0.0683,0.76,0.45,21.89,0.097355224,178.976,24.22,312.2,0.26556417,0.51,13.23,0.121556714,14.22,0.32090747,0.23620896,-1.6126944785138844,1.62,65.534386,223,242,"5/7/24, 12:00 AM",DUMKA,193,2024-12-31,4.8,3.6432247,381,375,396,384,2.238381,2024-01-01,30.278399999999998,Susania,"{""geodesic"":false,""type"":""Point"",""coordinates"":[87.29967169942549,24.494228104794377]}"
531_0,0.37,0.07356567,1.24,0.52,30.2,0.103368655,197.44,25.53,254.12,0.2686985,0.46,12.12,0.13858508,11.05,0.32646567,0.24865372,-2.6268984647714233,1.42,221.31946,223,242,"5/7/24, 12:00 AM",DUMKA,194,2024-12-31,5.14,3.6808677,381,375,396,384,6.1509714,2024-01-01,30.278399999999998,Dhoba,"{""geodesic"":false,""type"":""Point"",""coordinates"":[87.3004801831812,24.495036588550086]}"
532_0,0.4,0.056963637,1.16,0.48,30.5,0.079833336,174.04,26.53,316.52,0.29408637,0.42,13.02,0.08253485,12.5,0.2541106,0.16925454,-2.1538235952703886,1.23,344.63858,228,245,"5/7/24, 12:00 AM",DUMKA,196,2024-12-31,4.92,3.6432247,374,370,397,386,3.8416495,2024-01-01,30.278399999999998,Kapati,"{""geodesic"":false,""type"":""Point"",""coordinates"":[87.29805473191408,24.493150126453433]}"
533_0,0.81,0.08483731,3.65,0.59,64.89,0.1088403,128.12,25.612,385,0.25433433,0.42,19.15,0.10807463,13.87,0.25043285,0.1798806,-0.8373849908277088,0.36,259.66238,202,224,"7/22/24, 12:00 AM",DUMKA,250,2024-12-31,5.33,3.6687794,420,403,378,372,5.1546164,2024-01-01,30.310666666666677,Dhawadangal,"{""geodesic"":false,""type"":""Point"",""coordinates"":[86.97520021880152,24.210180811955784]}"
534_0,0.58,0.088783585,4.33,0.39,87.91999999999999,0.1082612,101.22,13.66,248,0.2873552,0.47,10.38,0.10907164,12.49,0.2993806,0.2057806,-1.6085926752070105,1.13,245.4854,203,226,"7/15/24, 12:00 AM",DUMKA,248,2024-12-31,4.98,3.6687794,420,402,377,372,4.4616013,2024-01-01,30.280722222222224,Bara Dumria,"{""geodesic"":false,""type"":""Point"",""coordinates"":[86.98085960509147,24.20721637151819]}"
535_0,0.42,0.053950768,3.65,0.49,46.55,0.07585846,96.87,21.01,238,0.23264769,0.69,26.01,0.086667694,13.87,0.23207693,0.1678123,-1.919504854849397,2.42,270.0,215,235,"7/24/24, 12:00 AM",DUMKA,245,2024-12-31,5.52,3.6687794,399,384,386,381,3.0477307,2024-01-01,30.280722222222224,Khutojori,"{""geodesic"":false,""type"":""Point"",""coordinates"":[86.97735617548341,24.20209597439871]}"
536_0,0.47,0.08888889,2.58,0.35,25.08,0.119327776,30.2,4.06,165,0.28687224,0.51,12.4,0.14194167,19,0.33382222,0.2396389,1.153747072018722,1.56,208.74826,225,224,"4/6/24, 12:00 AM",DUMKA,104,2024-12-31,5.28,3.447776,408,416,367,360,2.1148078,2024-01-01,30.29800000000001,Belaikandar,"{""geodesic"":false,""type"":""Point"",""coordinates"":[87.48885689826106,24.29426312254937]}"
537_0,1.02,0.09718,3.48,0.39,29.8,0.12737143,12.2,7.71,190,0.2870243,0.37,14.4,0.14815572,17,0.30722,0.2385057,-1.8914325889460266,1.61,200.09607,201,216,"3/30/24, 12:00 AM",DUMKA,148,2024-12-31,5.5,3.6352136,430,429,368,355,2.9602213,2024-01-01,30.179941176470592,Joram,"{""geodesic"":false,""type"":""Point"",""coordinates"":[87.49020437118725,24.346275577499892]}"
538_0,0.65,0.07331304,3.65,0.53,46.55,0.096720286,96.87,21.01,238,0.26808116,0.39,26.01,0.10467971,17.48,0.24925797,0.1763,-0.9866568132887364,0.78,140.58002,227,245,"7/23/24, 12:00 AM",DUMKA,231,2024-12-31,4.68,3.5200946,423,412,349,343,4.791267,2024-01-01,30.28605882352941,Kapsio,"{""geodesic"":false,""type"":""Point"",""coordinates"":[86.94825076027793,24.158707346175735]}"
539_0,0.99,0.08107361,5.23,0.27,42.22,0.1008875,113.29,31.4,265,0.2748736,0.56,6.34,0.103618056,8.46,0.28944582,0.19620417,-0.31111805017968513,0.82,90.0,184,194,"7/19/24, 12:00 AM",DUMKA,157,2024-12-31,5.63,3.5459766,420,423,395,383,3.0493577,2024-01-01,30.222833333333337,Dhanbari,"{""geodesic"":false,""type"":""Point"",""coordinates"":[87.3597689919331,24.27027810446338]}"
540_0,0.47,0.06723333,4.88,0.95,36.95,0.09511389,114.51,14.5,371,0.25650278,0.59,10.32,0.10281666,8.89,0.247425,0.17492223,0.8088019042279817,0.39,-0.0,232,247,"5/28/24, 12:00 AM",DUMKA,224,2024-12-31,5.52,3.2510781,386,379,382,374,2.7802885,2024-01-01,30.249371428571436,Mohila,"{""geodesic"":false,""type"":""Point"",""coordinates"":[86.94852025486317,24.555942364813387]}"
541_0,0.81,0.07270278,2.15,0.46,35.81,0.10313056,98.63,17.12,281,0.25385833,0.75,9.28,0.12067778,8.97,0.28122222,0.20947222,-1.9250140186587672,0.65,90.0,230,244,"5/29/24, 12:00 AM",DUMKA,231,2024-12-31,5.46,3.2510781,390,384,380,372,3.0561898,2024-01-01,30.25885714285715,Baija,"{""geodesic"":false,""type"":""Point"",""coordinates"":[86.94447783608463,24.55324741896103]}"
542_0,0.29,0.08296216,2,0.22,72.16,0.10386757,90.56,1.04,162,0.20239459,0.86,15.64,0.11601081,15,0.23023243,0.18258108,-0.7315369605483989,1.67,-0.0,236,248,"4/21/24, 12:00 AM",DUMKA,236,2024-12-31,5.7,3.330229,395,387,369,366,0.92740995,2024-01-01,30.252742857142852,Semariya,"{""geodesic"":false,""type"":""Point"",""coordinates"":[86.94986772778935,24.54219814096636]}"
543_0,0.45,0.08349167,4.01,0.69,29.67,0.13384166,150.06,32.5,388,0.193525,0.52,16.68,0.16045833,15.49,0.23524445,0.17064722,-1.5555665943447334,0.54,151.22643,218,228,"6/14/24, 12:00 AM",DUMKA,252,2024-12-31,5.06,3.3341472,413,405,369,367,4.2248893,2024-01-01,30.22308571428571,Raja Semaria,"{""geodesic"":false,""type"":""Point"",""coordinates"":[86.92157079633958,24.426584963900176]}"
544_0,0.49,0.082153626,4.88,0.95,36.95,0.11295217,114.51,14.5,371,0.24689999,0.59,10.32,0.13805218,21.47,0.2974942,0.23068985,3.7467153474888693,0.62,331.20715,227,249,"5/19/24, 12:00 AM",DUMKA,172,2024-12-31,5.52,3.4890735,385,376,388,375,2.1157105,2024-01-01,30.27268571428571,Machadih,"{""geodesic"":false,""type"":""Point"",""coordinates"":[87.11587639229464,24.526836949607915]}"
545_0,0.35,0.101094365,2.1,0.78,58.44,0.12203662,115.01,7.63,192,0.2623676,0.69,10.23,0.12888028,10,0.2615986,0.1860014,-2.3995745773118062,1.26,55.631985,185,194,"4/30/24, 12:00 AM",DUMKA,148,2024-12-31,5.8,3.6011982,366,365,449,441,4.9169316,2024-01-01,30.21707692307692,Beharabank,"{""geodesic"":false,""type"":""Point"",""coordinates"":[87.29239534562413,24.23632178672366]}"
546_0,0.39,0.077513136,1.16,0.68,24.1,0.10388905,34.3,9.36,200,0.27351388,0.55,14.2,0.120772265,17,0.29094452,0.21109124,-2.209859214033968,0.89,90.0,205,216,"4/5/24, 12:00 AM",DUMKA,180,2024-12-31,5.34,3.5455499,380,381,416,403,4.0661235,2024-01-01,30.25027777777778,Bhawanrpathar,"{""geodesic"":false,""type"":""Point"",""coordinates"":[87.3853709775305,24.373225036023477]}"
547_0,0.54,0.07886338,0.78,0.58,25.6,0.10469155,160.72,27.15,291.52,0.2846507,0.51,15.47,0.11996901,13.56,0.29135352,0.21916479,-1.6712414841249348,1.26,192.39778,206,221,"5/8/24, 12:00 AM",DUMKA,207,2024-12-31,5.21,3.6155806,415,411,379,368,4.7373543,2024-01-01,30.304882352941178,Bauria,"{""geodesic"":false,""type"":""Point"",""coordinates"":[87.15495310715384,24.519560595806546]}"
548_0,0.99,0.058151353,5.56,0.47,49.68,0.08075946,119.57,19.28,262,0.24225946,0.63,6.31,0.08462162,14.65,0.25584054,0.17458378,-0.2836958892250152,0.46,339.87543,239,252,"5/29/24, 12:00 AM",DUMKA,227,2024-12-31,5.42,3.4973216,399,389,362,358,2.9607594,2024-01-01,30.251371428571428,Matihani,"{""geodesic"":false,""type"":""Point"",""coordinates"":[86.9509457061303,24.540581173454942]}"
549_0,0.99,0.083001316,5.35,0.41,93.26,0.11057632,145.34,10.15,384,0.28243026,0.59,16.96,0.11793224,8.89,0.26932895,0.1925296,3.506716956765672,0.57,132.2857,246,258,"5/29/24, 12:00 AM",DUMKA,198,2024-12-31,5.09,3.184141,381,376,372,366,1.3782305,2024-01-01,30.290222222222226,Kordaha,"{""geodesic"":false,""type"":""Point"",""coordinates"":[87.02155328746208,24.567261137393295]}"
550_0,0.39,0.07210556,3.65,0.49,46.55,0.10053334,96.87,21.01,238,0.2620389,0.69,26.01,0.11475,12.49,0.31951943,0.23583333,-2.0453342504680068,0.82,323.75833,242,262,"5/29/24, 12:00 AM",DUMKA,214,2024-12-31,5.52,3.3526697,388,378,370,360,3.4457676,2024-01-01,30.22874285714286,Parasdah,"{""geodesic"":false,""type"":""Point"",""coordinates"":[86.98598000221095,24.5642966969557]}"
551_0,0.25,0.06879105,2.51,0.41,18.56,0.09780149,225.68,25.23,247.41,0.26353434,0.47,15.46,0.13191344,12.42,0.32575223,0.24922238,-2.5394205027753602,0.84,169.62126,225,243,"5/8/24, 12:00 AM",DUMKA,195,2024-12-31,5.46,3.6808677,378,371,397,385,5.639231,2024-01-01,30.278399999999998,Dhobni,"{""geodesic"":false,""type"":""Point"",""coordinates"":[87.30101917235167,24.495036588550086]}"
552_0,0.75,0.067371644,1.57,0.42,20.4,0.092262685,192.68,24.57,264.15,0.25790447,0.48,14.01,0.114346266,13.02,0.30325374,0.22315672,-2.4029753434849064,1.58,124.3134,225,243,"5/7/24, 12:00 AM",DUMKA,196,2024-12-31,5.16,3.6808677,378,371,397,385,4.923763,2024-01-01,30.278399999999998,Susania,"{""geodesic"":false,""type"":""Point"",""coordinates"":[87.30128866693691,24.495306083135322]}"
553_0,0.82,0.06820149,4.88,0.56,36.95012,0.09108508,114.51,14.5,371,0.21480298,0.37,10.32,0.118456714,9.34,0.26270297,0.21707313,-0.03577293047540189,2.22,180.0,203,224,"7/24/24, 12:00 AM",DUMKA,249,2024-12-31,5.79,3.6687794,408,392,389,384,0.92740995,2024-01-01,30.280722222222224,Khutojori,"{""geodesic"":false,""type"":""Point"",""coordinates"":[86.97681718631294,24.205868898592012]}"
554_0,0.85,0.07407879,3.65,0.49,46.55,0.09252576,96.87,21.01,238,0.27535304,0.69,26.01,0.088807575,15.49,0.25559393,0.1707591,-1.5394377167408442,1.35,257.15503,201,224,"7/23/24, 12:00 AM",DUMKA,250,2024-12-31,5.52,3.6687794,413,396,386,380,4.1646376,2024-01-01,30.29461111111111,Khutojori,"{""geodesic"":false,""type"":""Point"",""coordinates"":[86.98193758343241,24.205599404006776]}"
555_0,0.49,0.06404222,1.14,0.38,23.5,0.07793037,31.1,7.15,176,0.25661704,0.46,15.3,0.074112594,17,0.19342518,0.1206637,-1.8189687632776759,0.48,132.32619,212,215,"4/1/24, 12:00 AM",DUMKA,212,2024-12-31,5.08,3.5455499,413,409,374,376,5.4928174,2024-01-01,30.23217647058823,Bamerjhanti,"{""geodesic"":false,""type"":""Point"",""coordinates"":[87.37890310748483,24.38858622738192]}"
556_0,0.76,0.06507429,4.07,0.42,61.33,0.08975428,26.12,20.66,230,0.23687714,0.61,16.15,0.10230286,9.34,0.26480857,0.20945428,-2.5209389072244646,2.2,33.395424,223,239,"6/25/24, 12:00 AM",DUMKA,228,2024-12-31,5.58,3.2468905,386,376,390,385,5.537254,2024-01-01,30.278500000000008,Gadi Kamardiha,"{""geodesic"":false,""type"":""Point"",""coordinates"":[86.94205238481752,24.479944891776878]}"
557_0,0.36,0.059602704,2.45,0.63,26.75,0.081745945,140.56,16.96,244,0.24215946,0.55,9.27,0.085375674,15.47,0.24325135,0.16397297,-0.2836958892250152,0.78,339.87543,239,252,"5/29/24, 12:00 AM",DUMKA,228,2024-12-31,5.75,3.4973216,399,389,362,358,2.9607594,2024-01-01,30.251371428571428,Bhelwadangal,"{""geodesic"":false,""type"":""Point"",""coordinates"":[86.95121520071552,24.540581173454942]}"
558_0,0.26,0.097020864,3.25,0.69,67.13,0.12933813,113.29,14.2,245,0.2918144,0.69,11.28,0.14706546,8.97,0.3179813,0.23874821,-0.30423148883164863,0.65,331.1977,248,261,"5/29/24, 12:00 AM",DUMKA,206,2024-12-31,5.65,3.184141,392,384,360,354,4.22605,2024-01-01,30.275085714285705,Saraiya,"{""geodesic"":false,""type"":""Point"",""coordinates"":[87.01616339575737,24.57615445870608]}"
559_0,0.13,0.06652162,1.64,0.46,26.1,0.0984,145.34,12.66,232,0.26883245,0.39,8.72,0.11896216,12.49,0.30444324,0.22097297,-2.341065317494027,0.65,-0.0,232,246,"5/29/24, 12:00 AM",DUMKA,233,2024-12-31,5.58,3.2510781,390,382,378,372,4.6273675,2024-01-01,30.25885714285715,Matihara,"{""geodesic"":false,""type"":""Point"",""coordinates"":[86.94016592272087,24.5537864081315]}"
560_0,0.23,0.057567626,3.85,0.42,43.42,0.08393022,46.75,22.32,243,0.29234603,0.59,4.36,0.08497698,13.49,0.25411296,0.16484532,-2.077626361372837,0.41,238.70953,202,218,"5/17/24, 12:00 AM",DUMKA,213,2024-12-31,5.39,3.5056844,399,388,399,394,3.5669372,2024-01-01,30.214628571428577,Simra,"{""geodesic"":false,""type"":""Point"",""coordinates"":[87.06709787236694,24.26246276149154]}"
561_0,0.54,0.05297842,3.48,0.48,93.26,0.077143885,99.68,8.05,225,0.2919489,0.57,8.26,0.074519426,14.65,0.24312086,0.15284316,-1.1243040492663872,0.62,227.64543,202,218,"5/17/24, 12:00 AM",DUMKA,212,2024-12-31,5.61,3.5056844,399,388,399,394,2.7512398,2024-01-01,30.214628571428577,Basbutia,"{""geodesic"":false,""type"":""Point"",""coordinates"":[87.06682837778172,24.26246276149154]}"
562_0,0.72,0.051467795,2.87,0.52,74.09,0.07170085,118.47,3.436,267,0.26437202,0.56,11.54,0.059972033,13.46,0.18260762,0.107550845,3.7403242230365787,2.78,65.52,222,240,"6/12/24, 12:00 AM",DUMKA,233,2024-12-31,5.73,3.4005349,393,379,385,382,4.4674954,2024-01-01,30.234400000000004,Barmasa,"{""geodesic"":false,""type"":""Point"",""coordinates"":[86.96900184334109,24.41014579420079]}"
564_0,0.14,0.084459156,3.65,0.53,46.55,0.103817604,96.87,21.01,238,0.250881,0.39,26.01,0.102264084,21.47,0.21412465,0.14954647,2.619266802083659,0.45,208.76427,231,247,"5/19/24, 12:00 AM",DUMKA,150,2024-12-31,4.68,3.6050391,345,341,424,411,2.1151316,2024-01-01,30.183257142857137,Phulopani,"{""geodesic"":false,""type"":""Point"",""coordinates"":[87.1824415548479,24.37807593855772]}"
565_0,0.39,0.083775185,1.64,0.58,26.1,0.1298087,145.34,12.36,232,0.2865145,0.26,8.72,0.13820942,8.67,0.30562463,0.21574855,1.6850305064741813,0.75,114.488075,216,231,"5/19/24, 12:00 AM",DUMKA,170,2024-12-31,4.88,3.58974,390,381,394,388,2.2364566,2024-01-01,30.226555555555553,Heth Rengni,"{""geodesic"":false,""type"":""Point"",""coordinates"":[87.11398993019799,24.362984241784513]}"
566_0,0.45,0.07046154,3.74,0.39,18.31,0.095032305,115.31,21.6,301,0.24753384,0.63,8.28,0.1204,9.34,0.28286615,0.2243,-1.6126649506531223,0.81,245.53404,218,235,"5/14/24, 12:00 AM",DUMKA,212,2024-12-31,4.96,3.6432247,367,361,415,404,2.2383523,2024-01-01,30.277828571428568,Kusmaha,"{""geodesic"":false,""type"":""Point"",""coordinates"":[87.29320382937983,24.492341642697724]}"
567_0,0.59,0.09025946,2.1,0.43,57.41,0.11174324,78.12,8.64,195,0.27447838,0.31,14.56,0.113627024,9,0.27227297,0.18636486,0.5957386656791208,0.34,73.13515,242,261,"4/23/24, 12:00 AM",DUMKA,210,2024-12-31,5.31,3.3526697,402,391,356,348,3.1936626,2024-01-01,30.24216666666667,Baija,"{""geodesic"":false,""type"":""Point"",""coordinates"":[86.95983902744308,24.569147599489945]}"
568_0,0.26,0.06627222,2.78,0.93,63.27,0.08085,106.77,19.63,358,0.26570973,0.69,13.37,0.07488194,13.46,0.21306944,0.13597639,2.0549520017498315,0.46,-0.0,188,208,"7/8/24, 12:00 AM",DUMKA,168,2024-12-31,4.72,3.405328,406,403,406,389,0.0,2024-01-01,30.214235294117643,Dhamna,"{""geodesic"":false,""type"":""Point"",""coordinates"":[87.347102746427,24.25599489144588]}"
569_0,0.39,0.061208334,6.08,0.69,26.65,0.07927917,114.51,11.26,300,0.2531219,0.61,11.19,0.12078493,11.57,0.2200726,0.15112466,-1.8907540386245631,0.75,200.08473,182,204,"7/2/24, 12:00 AM",DUMKA,175,2024-12-31,5.39,3.405328,398,391,420,405,2.9600074,2024-01-01,30.164058823529412,Saharghati,"{""geodesic"":false,""type"":""Point"",""coordinates"":[87.31422440702823,24.268661136951966]}"
570_0,0.81,0.08989726,3.64,0.41,64.06,0.11169178,107.89,6.16,249,0.27126163,0.79,18.18,0.1224452,9.34,0.29304656,0.20113425,-1.7336771591646172,0.48,156.31033,190,208,"7/1/24, 12:00 AM",DUMKA,160,2024-12-31,5.77,3.5459766,424,420,387,372,5.0510616,2024-01-01,30.205542857142856,Saharghati,"{""geodesic"":false,""type"":""Point"",""coordinates"":[87.35923000276262,24.26246276149154]}"
571_0,0.75,0.062334284,2.15,0.59,35.81,0.08643143,98.63,17.12,281,0.25354287,0.71,9.28,0.0861,21.47,0.2525543,0.16784857,-2.7371982570721434,1.08,216.21535,205,223,"5/20/24, 12:00 AM",DUMKA,260,2024-12-31,5.58,3.3341472,417,404,377,373,6.8645005,2024-01-01,30.236514285714286,Karma,"{""geodesic"":false,""type"":""Point"",""coordinates"":[86.9261522042886,24.443024133599565]}"
572_0,1.35,0.07407465,6.47,0.63,18.31,0.08922606,165.01,17.25,235,0.19344155,0.69,9.31,0.08718592,14.65,0.18647183,0.12603028,-0.17481516917051315,0.42,286.8871,242,261,"5/19/24, 12:00 AM",DUMKA,165,2024-12-31,4.87,3.6050391,338,331,420,408,3.189587,2024-01-01,30.198457142857148,Lagla,"{""geodesic"":false,""type"":""Point"",""coordinates"":[87.16734985807469,24.393437129916165]}"
573_0,0.23,0.057734784,1.68,0.48,29.6,0.08017101,216.608,22.68,204.17,0.29289275,0.42,15.47,0.071808696,13.22,0.22124347,0.1413232,-1.3517381146710443,1.25,143.76753,223,246,"5/8/24, 12:00 AM",DUMKA,195,2024-12-31,4.88,3.4890735,391,382,386,372,3.4453635,2024-01-01,30.248666666666665,Bandarjora,"{""geodesic"":false,""type"":""Point"",""coordinates"":[87.14013090496586,24.52198604707367]}"
574_0,0.25,0.08528451,1.22,0.54,25.6,0.10553662,225.568,23.69,216.52,0.22855915,0.49,18.719999999999988,0.118904226,10.23,0.25149295,0.20697747,-1.820416239771022,1.62,227.70071,226,246,"5/8/24, 12:00 AM",DUMKA,175,2024-12-31,5.41,3.4890735,374,365,400,389,2.7541518,2024-01-01,30.219243243243238,Khasia,"{""geodesic"":false,""type"":""Point"",""coordinates"":[87.12530870277789,24.507433339470932]}"
575_0,0.52,0.06999143,2.45,0.42,25.4,0.091825716,219.744,12.45,245.45,0.24365,0.43,13.33,0.100842856,7.16,0.24474715,0.18053,-2.0446587901455078,0.65,36.227814,224,243,"5/9/24, 12:00 AM",DUMKA,178,2024-12-31,5.39,3.4890735,368,362,408,395,3.4451592,2024-01-01,30.223351351351347,Suhoduho,"{""geodesic"":false,""type"":""Point"",""coordinates"":[87.1320460674088,24.500426480254802]}"
576_0,0.68,0.13458055,1.78,0.65,21.92,0.15760556,123,18.7,211,0.30823332,0.39,14.59,0.17461666,8,0.3355472,0.25363055,0.4745816733096204,0.97,180.0,249,246,"3/22/24, 12:00 AM",DUMKA,92,2024-12-31,4.02,3.552041,403,416,349,337,2.7802885,2024-01-01,30.347647058823526,Jaluaduba,"{""geodesic"":false,""type"":""Point"",""coordinates"":[87.54733722325724,24.266774674855313]}"
577_0,0.35,0.06812353,1.64,0.63,26.1,0.09717647,118.57,12.36,248,0.27317646,0.47,8.62,0.11705,16.46,0.29048824,0.22606176,-1.5183993421892903,0.47,90.0,222,234,"6/25/24, 12:00 AM",DUMKA,239,2024-12-31,5.63,3.2468905,385,378,392,388,2.0373542,2024-01-01,30.27148571428572,Jangalpur,"{""geodesic"":false,""type"":""Point"",""coordinates"":[86.92049281799864,24.480483880947347]}"
578_0,0.46,0.10062192,5.12,0.89,64.26,0.119445205,119.57,19.08,258,0.28799042,0.49,9.39,0.12390411,12.49,0.2889178,0.19886301,-0.943451391676441,0.48,323.8254,185,202,"7/6/24, 12:00 AM",DUMKA,155,2024-12-31,5.31,3.405328,377,376,439,422,3.442824,2024-01-01,30.212294117647055,Sagarbhanga,"{""geodesic"":false,""type"":""Point"",""coordinates"":[87.342521338478,24.25410842934923]}"
580_0,0.13,0.070671126,2.68,0.96,38.62,0.0855162,100.11,9.26,361,0.24266902,0.67,18.51,0.07021972,13.87,0.18477324,0.11331338,-1.1357098024628407,0.65,180.0,231,247,"5/19/24, 12:00 AM",DUMKA,158,2024-12-31,5.13,3.6050391,345,341,424,411,2.7802885,2024-01-01,30.183257142857137,Jamogori,"{""geodesic"":false,""type"":""Point"",""coordinates"":[87.1832500386036,24.377267454802016]}"
581_0,0.34,0.063757144,6.89,0.47,69.654,0.09395143,114.51,4.63,264,0.2585914,0.79,22.32,0.10279143,7.47,0.26656285,0.18360285,1.3587291758604396,0.34,47.68034,217,232,"5/15/24, 12:00 AM",DUMKA,256,2024-12-31,5.57,3.3341472,421,410,362,358,1.3773336,2024-01-01,30.27477777777777,Kendkhapra,"{""geodesic"":false,""type"":""Point"",""coordinates"":[86.91429444253822,24.417422148002156]}"
582_0,0.46,0.1013331,3,0.73,85.62,0.1177813,125.53,10.92,320,0.2686338,0.72,14.56,0.1340518,15,0.27524388,0.20932302,-2.2241542091300572,0.96,132.33145,215,231,"4/13/24, 12:00 AM",DUMKA,178,2024-12-31,5.28,3.58974,376,372,409,397,4.124723,2024-01-01,30.226555555555553,Amra,"{""geodesic"":false,""type"":""Point"",""coordinates"":[87.11345094102751,24.365140198466403]}"
583_0,0.45,0.080007814,1.42,0.46,96,0.10188437,204,22.8,231,0.21735,0.55,19.3,0.12898281,16,0.27475,0.22861563,-2.305764345714264,1.44,245.53348,212,228,"3/22/24, 12:00 AM",DUMKA,212,2024-12-31,4.1,3.6432247,382,377,406,395,4.469795,2024-01-01,30.25205714285714,Mahubona,"{""geodesic"":false,""type"":""Point"",""coordinates"":[87.2907783781127,24.48883821308966]}"
584_0,0.35,0.06727027,4.39,0.75,32.56,0.08756486,12.3,10.6,189,0.27962163,0.53,12.1,0.086297296,14,0.24465406,0.16720541,-1.609977022372553,2.16,65.50202,212,222,"3/30/24, 12:00 AM",DUMKA,134,2024-12-31,5.18,3.603517,402,408,386,370,2.2356088,2024-01-01,30.296400000000006,Pandanpahari,"{""geodesic"":false,""type"":""Point"",""coordinates"":[87.43900039999242,24.305042905958807]}"
585_0,0.41,0.07407879,3.1241,0.61,10.150000000000006,0.09252576,129.12,29.24,278,0.27535304,0.69,6.94,0.088807575,18.67,0.25559393,0.1707591,-1.5394377167408442,0.34,257.15503,201,224,"7/23/24, 12:00 AM",DUMKA,250,2024-12-31,5.38,3.6687794,413,396,386,380,4.1646376,2024-01-01,30.29461111111111,Khutojori,"{""geodesic"":false,""type"":""Point"",""coordinates"":[86.98193758343241,24.205599404006776]}"
586_0,0.65,0.081481084,6.12,0.82,26.17,0.11371892,76.34,5.83,215,0.26893783,0.25,10.24,0.13407297,22.78,0.29805136,0.23052703,-1.967912167538234,0.13,73.12413,224,237,"6/25/24, 12:00 AM",DUMKA,225,2024-12-31,5.8,3.2468905,383,374,393,388,6.3636,2024-01-01,30.28788888888889,Logain,"{""geodesic"":false,""type"":""Point"",""coordinates"":[86.93800996603898,24.482100848458764]}"
587_0,0.54,0.068219446,4.91,0.54,32.4,0.086193055,12.36,5.22,173,0.23058888,0.66,16.72,0.09665417,12,0.256025,0.20200972,-1.125648587231698,1.23,132.32944,220,233,"3/22/24, 12:00 AM",DUMKA,174,2024-12-31,4.5,3.5572186,430,431,350,336,1.3770756,2024-01-01,30.142388888888895,Ukhrapahari,"{""geodesic"":false,""type"":""Point"",""coordinates"":[87.47349570690263,24.374303014364422]}"
588_0,0.36,0.07197222,4.01,0.69,29.67,0.10141111,150.06,32.8,388,0.258825,0.52,16.68,0.112955555,16.46,0.2818778,0.20505278,-0.7316255849040365,0.75,180.0,231,245,"5/29/24, 12:00 AM",DUMKA,225,2024-12-31,5.06,3.2510781,390,383,379,372,1.8543341,2024-01-01,30.249371428571436,Barhait,"{""geodesic"":false,""type"":""Point"",""coordinates"":[86.94555581442557,24.553516913546265]}"
589_0,0.39,0.06748993,5.66,0.55,45.62,0.097340286,126.33,23.82,243,0.2796892,0.85,4.36,0.10643669,16.67,0.2811748,0.1958036,-0.821822129531691,0.46,270.0,202,218,"5/16/24, 12:00 AM",DUMKA,211,2024-12-31,4.95,3.5056844,399,388,399,394,2.0338387,2024-01-01,30.214628571428577,Machadih,"{""geodesic"":false,""type"":""Point"",""coordinates"":[87.06709787236694,24.26192377232107]}"
590_0,0.81,0.051467795,5.35,0.49,93.26,0.07170085,145.34,10.15,384,0.26437202,0.63,16.96,0.059972033,9.47,0.18260762,0.107550845,3.7403242230365787,0.13,65.52,222,240,"6/4/24, 12:00 AM",DUMKA,233,2024-12-31,5.45,3.4005349,393,379,385,382,4.4674954,2024-01-01,30.234400000000004,Daldali,"{""geodesic"":false,""type"":""Point"",""coordinates"":[86.96900184334109,24.41014579420079]}"
591_0,0.46,0.074607246,6.11,0.22,58.62,0.118218705,271.5,26.3,384,0.27458203,0.41,9.26,0.13027914,7.47,0.31463885,0.22751726,5.256240450560178,0.45,245.50851,229,243,"5/22/24, 12:00 AM",DUMKA,145,2024-12-31,5.46,3.5413055,375,370,396,386,2.2361643,2024-01-01,30.26494736842105,Karanpura,"{""geodesic"":false,""type"":""Point"",""coordinates"":[87.36192494861497,24.34304164247706]}"
592_0,0.81,0.102056526,4.58,0.88,67.45,0.12241739,128.12,20.34,348,0.27422318,0.59,11.38,0.13440217,12.49,0.30980217,0.22543189,0.3397479080340973,0.78,90.0,216,231,"5/19/24, 12:00 AM",DUMKA,172,2024-12-31,5.62,3.58974,390,381,394,388,5.077468,2024-01-01,30.226555555555553,Tarajora,"{""geodesic"":false,""type"":""Point"",""coordinates"":[87.11237296268658,24.36325373636975]}"
593_0,0.49,0.1013331,4.1,0.4,85.39,0.1177813,70.95,8.79,298,0.2686338,0.72,18.36,0.1340518,13,0.27524388,0.20932302,-2.2241542091300572,0.77,132.33145,215,231,"4/13/24, 12:00 AM",DUMKA,178,2024-12-31,5.23,3.58974,376,372,409,397,4.124723,2024-01-01,30.226555555555553,Amjhor,"{""geodesic"":false,""type"":""Point"",""coordinates"":[87.11345094102751,24.365140198466403]}"
594_0,0.47,0.057734784,0.89,0.58,26.3,0.08017101,176.128,31.29,275.48,0.29289275,0.47,0.94,0.071808696,10.74,0.22124347,0.1413232,-1.3517381146710443,0.85,143.76753,223,246,"5/8/24, 12:00 AM",DUMKA,195,2024-12-31,5.21,3.4890735,391,382,386,372,3.4453635,2024-01-01,30.248666666666665,Bandarjora,"{""geodesic"":false,""type"":""Point"",""coordinates"":[87.14013090496586,24.52198604707367]}"
595_0,0.38,0.06853283,1.39,0.52,32.02,0.096537314,178.44,19.55,269.55,0.26252836,0.48,16.85,0.1286582,14.72,0.31781492,0.24056567,-1.5562233178799636,1.35,151.21326,225,243,"5/7/24, 12:00 AM",DUMKA,197,2024-12-31,5.46,3.6808677,378,371,397,385,2.115587,2024-01-01,30.278399999999998,Susania,"{""geodesic"":false,""type"":""Point"",""coordinates"":[87.30101917235167,24.495306083135322]}"
596_0,0.58,0.08566111,5.15,0.67,26.98,0.119575,145,26.2,174,0.2746722,0.65,19.31,0.1548639,8,0.3196861,0.25181666,-1.554236734837514,0.74,208.74721,255,253,"3/22/24, 12:00 AM",DUMKA,98,2024-12-31,4.01,3.552041,392,402,353,346,2.1147864,2024-01-01,30.34164705882353,Bara Dhania Pahari,"{""geodesic"":false,""type"":""Point"",""coordinates"":[87.54033036404111,24.288603736259418]}"
597_0,0.72,0.06078857,4.99,1.12,15.16,0.087945715,98.63,19.65,222,0.25350857,0.35,9.06,0.090074286,8.97,0.23867142,0.17928286,-0.8252398704542827,0.45,90.0,223,239,"6/25/24, 12:00 AM",DUMKA,227,2024-12-31,4.55,3.2468905,386,376,390,385,1.0189924,2024-01-01,30.278500000000008,Gadi Kamardiha,"{""geodesic"":false,""type"":""Point"",""coordinates"":[86.9412439010618,24.47967539719164]}"
598_0,0.19,0.082973756,1.64,0.58,26.1,0.11487589,145.34,12.36,232,0.28743193,0.26,8.72,0.12416525,14.65,0.27201205,0.1993078,-2.3648456076667026,0.46,192.40308,247,262,"5/22/24, 12:00 AM",DUMKA,205,2024-12-31,4.88,3.184141,384,376,369,362,4.73745,2024-01-01,30.283111111111104,Mardaura,"{""geodesic"":false,""type"":""Point"",""coordinates"":[87.01858884702449,24.574806985779897]}"
599_0,0.47,0.067473136,2.45,0.45,61.77,0.126525,150.06,26.62,258,0.26911616,0.25,10.34,0.123767644,7.47,0.2488147,0.18593088,-1.6091839061434199,0.81,65.49256,198,209,"7/10/24, 12:00 AM",DUMKA,160,2024-12-31,5.24,3.4836266,446,446,356,345,2.2348003,2024-01-01,30.181085714285718,Dhabna,"{""geodesic"":false,""type"":""Point"",""coordinates"":[87.36569787280828,24.24952702140022]}"
600_0,0.26,0.10062192,4.12,0.98,82.16,0.119445205,126.33,19.27,389,0.28799042,0.85,14.51,0.12390411,12.49,0.2889178,0.19886301,-0.943451391676441,0.5,323.8254,185,202,"7/5/24, 12:00 AM",DUMKA,155,2024-12-31,5.02,3.405328,377,376,439,422,3.442824,2024-01-01,30.212294117647055,Sagarbhanga,"{""geodesic"":false,""type"":""Point"",""coordinates"":[87.342521338478,24.25410842934923]}"
601_0,0.47,0.070671126,3.65,0.41,43.42,0.0855162,76.34,22.32,243,0.24266902,0.63,4.36,0.07021972,18.67,0.18477324,0.11331338,-1.1357098024628407,0.34,180.0,231,247,"5/19/24, 12:00 AM",DUMKA,158,2024-12-31,5.13,3.6050391,345,341,424,411,2.7802885,2024-01-01,30.183257142857137,Jamogori,"{""geodesic"":false,""type"":""Point"",""coordinates"":[87.1832500386036,24.377267454802016]}"
602_0,0.41,0.0790942,5.78,0.46,59.83,0.10717681,100.11,11.26,262,0.33464202,0.39,6.31,0.10706087,9.34,0.26432464,0.18481015,-1.9630454944726905,0.36,73.08332,227,245,"7/23/24, 12:00 AM",DUMKA,234,2024-12-31,5.58,3.5200946,423,412,349,343,3.1841824,2024-01-01,30.291764705882347,Kapsio,"{""geodesic"":false,""type"":""Point"",""coordinates"":[86.94690328735176,24.157629367834794]}"
603_0,0.65,0.052827694,2.15,0.42,24.63,0.07342923,178.64,32.5,285.42,0.26313847,0.45,10.47,0.06967692,9.89,0.23828615,0.15615077,-1.1270738874958428,1.52,312.3028,224,239,"5/7/24, 12:00 AM",DUMKA,208,2024-12-31,4.88,3.6432247,372,368,405,393,1.3777785,2024-01-01,30.277828571428568,Dhoba,"{""geodesic"":false,""type"":""Point"",""coordinates"":[87.29616826981743,24.49207214811249]}"
604_0,0.35,0.09468493,2.36,0.42,20.4,0.11169041,168.49,31.25,326.53,0.2552411,0.42,18.75,0.11541781,11.74,0.25942466,0.17648493,-2.079125106931059,1.25,58.731815,237,243,"5/7/24, 12:00 AM",DUMKA,102,2024-12-31,5.18,3.5241098,411,417,352,341,7.110942,2024-01-01,30.305542857142864,Bhagabandh,"{""geodesic"":false,""type"":""Point"",""coordinates"":[87.54006086945587,24.373494530608713]}"
605_0,0.45,0.08107361,5.34,0.87,35.38,0.1008875,140.56,20.34,280,0.2748736,0.89,8.58,0.103618056,16.67,0.28944582,0.19620417,-0.31111805017968513,0.42,90.0,184,194,"7/18/24, 12:00 AM",DUMKA,157,2024-12-31,5.39,3.5459766,420,423,395,383,3.0493577,2024-01-01,30.222833333333337,Kurumpahari,"{""geodesic"":false,""type"":""Point"",""coordinates"":[87.3597689919331,24.27027810446338]}"
606_0,0.13,0.096605554,2.12,0.58,45.23,0.13935833,119.57,20.34,263,0.31160834,0.69,18.76,0.17676389,8.46,0.37885833,0.2951,-0.826401716165416,0.48,90.0,230,244,"5/29/24, 12:00 AM",DUMKA,229,2024-12-31,5.73,3.2510781,390,384,380,372,1.0195895,2024-01-01,30.25885714285715,Purana Dholgaria,"{""geodesic"":false,""type"":""Point"",""coordinates"":[86.94313036315846,24.55324741896103]}"
607_0,0.42,0.055372808,6.89,0.59,38.45,0.07985351,126.33,13.36,254,0.23324035,0.47,8.21,0.08466667,11.57,0.22912982,0.16312632,-0.730500065166057,0.45,-0.0,226,243,"6/13/24, 12:00 AM",DUMKA,235,2024-12-31,4.95,3.4005349,395,381,379,376,0.92740995,2024-01-01,30.234400000000004,Bara,"{""geodesic"":false,""type"":""Point"",""coordinates"":[86.96819335958538,24.410415288786027]}"
608_0,0.58,0.061944067,4.03,0.43,90.91,0.08709746,140.56,22.66,243,0.26563814,0.38,8.32,0.08749576,8.46,0.2520373,0.1678805,5.22081278856965,0.56,270.0,226,243,"6/10/24, 12:00 AM",DUMKA,231,2024-12-31,5.73,3.4005349,395,381,379,376,1.0184313,2024-01-01,30.234400000000004,Barmasa,"{""geodesic"":false,""type"":""Point"",""coordinates"":[86.96954083251157,24.410415288786027]}"
609_0,0.44,0.089486115,6.3,1.03,99.12,0.10478611,224,39.1,178,0.23059583,0.26,15,0.107775,14,0.23329028,0.1761,-2.2471209952700386,1.08,151.25813,181,200,"5/7/24, 12:00 AM",DUMKA,170,2024-12-31,5.12,3.5459766,412,410,407,391,4.2236114,2024-01-01,30.236571428571427,Dhamna,"{""geodesic"":false,""type"":""Point"",""coordinates"":[87.35357061647267,24.260576299394888]}"
610_0,0.45,0.080678836,4.58,0.89,67.45,0.14576979,128,20.34,348,0.2713626,0.49,11.38,0.14581582,15.49,0.28238273,0.1982374,-0.8230697787768512,2.91,270.0,232,243,"5/18/24, 12:00 AM",DUMKA,169,2024-12-31,5.31,3.5169094,384,383,384,374,1.0178812,2024-01-01,30.253588235294128,Katania,"{""geodesic"":false,""type"":""Point"",""coordinates"":[87.14659877501153,24.341963664136117]}"
611_0,0.57,0.062384374,7.01,0.49,43.42,0.095075,96.81,22.32,208,0.30892187,0.62,14.6,0.10021875,21.47,0.2918594,0.1926875,2.003318599552026,0.23,286.88348,215,231,"5/21/24, 12:00 AM",DUMKA,248,2024-12-31,4.93,3.3341472,414,402,371,368,3.1902475,2024-01-01,30.28741176470588,Tetaria,"{""geodesic"":false,""type"":""Point"",""coordinates"":[86.9345065364309,24.422003555951168]}"
612_0,0.23,0.070671126,2.68,0.96,38.62,0.0855162,100.1,9.26,361,0.24266902,0.67,18.51,0.07021972,18.65,0.18477324,0.11331338,-1.1357098024628407,0.35,180.0,231,247,"5/19/24, 12:00 AM",DUMKA,158,2024-12-31,5.13,3.6050391,345,341,424,411,2.7802885,2024-01-01,30.183257142857137,Jamogori,"{""geodesic"":false,""type"":""Point"",""coordinates"":[87.1832500386036,24.377267454802016]}"
613_0,0.29,0.1013331,2.3,1.03,45.69,0.1177813,95.34,32.06,173,0.2686338,0.65,11.39,0.1340518,9,0.27524388,0.20932302,-2.2241542091300572,2.24,132.33145,215,231,"4/12/24, 12:00 AM",DUMKA,178,2024-12-31,5.01,3.58974,376,372,409,397,4.124723,2024-01-01,30.226555555555553,Semra,"{""geodesic"":false,""type"":""Point"",""coordinates"":[87.11345094102751,24.365140198466403]}"
614_0,0.52,0.08528451,1.22,0.42,25.1,0.10553662,193.312,21.36,185.45,0.22855915,0.55,16.248959999999997,0.118904226,10.42,0.25149295,0.20697747,-1.820416239771022,1.42,227.70071,226,246,"5/8/24, 12:00 AM",DUMKA,175,2024-12-31,5.28,3.4890735,374,365,400,389,2.7541518,2024-01-01,30.219243243243238,Khasia,"{""geodesic"":false,""type"":""Point"",""coordinates"":[87.12530870277789,24.507433339470932]}"
615_0,0.42,0.04942969,1.63,0.43,29.4,0.062726565,202.45,26.14,294.17,0.18949063,0.44,14.77,0.060510937,13.42,0.18953438,0.12257969,1.0547011427179374,1.42,121.24344,217,234,"5/7/24, 12:00 AM",DUMKA,196,2024-12-31,5.19,3.6432247,364,360,419,407,3.5717492,2024-01-01,30.277828571428568,Susania,"{""geodesic"":false,""type"":""Point"",""coordinates"":[87.29428180772078,24.496384061476263]}"
616_0,0.75,0.09399702,5.34,0.58,35.379999999999995,0.10971045,140.56,20.3432354,280,0.26612088,0.73,8.58,0.12671344,8.67,0.3269806,0.2304209,-0.9154354472876316,2.42,245.48535,203,225,"7/22/24, 12:00 AM",DUMKA,247,2024-12-31,5.48,3.6687794,413,396,385,379,2.2341835,2024-01-01,30.280722222222224,Dhawadangal,"{""geodesic"":false,""type"":""Point"",""coordinates"":[86.98085960509147,24.206946876932953]}"
617_0,0.48,0.11724776,2.45,0.92,38.34,0.14568208,115.31,22.32,376,0.3168791,0.57,15.079999999999998,0.16923583,18.67,0.35817015,0.26450297,-1.6452365895746353,1.08,180.0,196,214,"7/16/24, 12:00 AM",DUMKA,252,2024-12-31,5.47,3.6687794,434,420,370,367,4.6273675,2024-01-01,30.310666666666677,Dhawadangal,"{""geodesic"":false,""type"":""Point"",""coordinates"":[86.97843415382435,24.209372328200075]}"
618_0,0.42,0.06730299,6.47,0.63,18.31,0.099514924,165.01,17.2539,235,0.2772403,0.69,9.31,0.12100299,8.89,0.28984925,0.21572089,-1.6078580044939796,0.34,65.47668,236,254,"7/23/24, 12:00 AM",DUMKA,239,2024-12-31,4.869999999999999,3.5200946,422,409,342,337,2.2334435,2024-01-01,30.291764705882347,Kapsio,"{""geodesic"":false,""type"":""Point"",""coordinates"":[86.94339985774369,24.15574290573814]}"
619_0,0.58,0.068963155,4.38,0.63,20.8,0.09216316,45.3,7.48,234,0.2658079,0.49,16.4,0.104321055,13,0.27939475,0.19442105,-1.8282479195863934,0.67,-0.0,223,228,"4/1/24, 12:00 AM",DUMKA,118,2024-12-31,5.13,3.447776,405,408,372,364,2.7802885,2024-01-01,30.30115151515152,Belaikandar,"{""geodesic"":false,""type"":""Point"",""coordinates"":[87.49236032786914,24.298036046742673]}"
620_0,0.81,0.06836831,3.1241,0.63,10.150000000000006,0.08397676,129.12,29.24,278,0.22868873,0.67,6.94,0.079833806,8.97,0.20973803,0.14124013,-1.8278279273285996,2.34,180.0,217,230,"7/18/24, 12:00 AM",DUMKA,230,2024-12-31,4.949999999999999,3.5332065,415,405,367,365,2.7802885,2024-01-01,30.26994444444444,Bedia,"{""geodesic"":false,""type"":""Point"",""coordinates"":[87.02856014667822,24.24440662428074]}"
621_0,0.26,0.053065713,3.65,0.43,46.5,0.07847428,96.87,21.01,238,0.24583143,0.47,26.01,0.08423143,22.78,0.23265143,0.16092858,-0.8640398209240915,0.81,151.1942,263,280,"5/29/24, 12:00 AM",DUMKA,189,2024-12-31,5.69,3.3526697,391,381,346,339,2.1159735,2024-01-01,30.276342857142858,Naya Dholgaria,"{""geodesic"":false,""type"":""Point"",""coordinates"":[86.980320615921,24.59421059591688]}"
622_0,1.34,0.097020864,4.02,0.37,26.53,0.12933813,98.63,21.38,258,0.2918144,0.71,10.34,0.14706546,18.67,0.3179813,0.23874821,-0.30423148883164863,0.46,331.1977,248,261,"5/29/24, 12:00 AM",DUMKA,206,2024-12-31,5.07,3.184141,392,384,360,354,4.22605,2024-01-01,30.275085714285705,Saraiya,"{""geodesic"":false,""type"":""Point"",""coordinates"":[87.01616339575737,24.57615445870608]}"
623_0,1.08,0.074639566,2.56,0.55,35.33,0.097706474,129.12,7.42,246,0.25465396,0.48,9.62,0.10816979,18.67,0.26680216,0.18654172,-1.6092076829264923,0.81,114.50716,211,227,"5/16/24, 12:00 AM",DUMKA,217,2024-12-31,5.69,3.5056844,396,384,393,389,2.2348247,2024-01-01,30.234857142857145,Bara,"{""geodesic"":false,""type"":""Point"",""coordinates"":[87.0689843344636,24.251143988911636]}"
624_0,0.65,0.054265626,5.09,0.44,50.56,0.07415938,165.01,2.74,368,0.20851563,0.71,17.23,0.09135,7.47,0.23555937,0.1846125,-1.6116826027276314,0.36,294.47766,221,236,"6/19/24, 12:00 AM",DUMKA,259,2024-12-31,5.83,3.3341472,406,394,372,370,2.2373478,2024-01-01,30.28741176470588,Tetaria,"{""geodesic"":false,""type"":""Point"",""coordinates"":[86.93666249311279,24.423890018047818]}"
625_0,0.45,0.06998042,4.56,0.72,60.34,0.099318884,118.47,0.862,248,0.31017414,0.47,6.39,0.10588182,16.46,0.31198952,0.20956713,0.9295340671877946,2.34,151.23021,216,232,"6/14/24, 12:00 AM",DUMKA,234,2024-12-31,5.72,3.4005349,404,390,380,377,2.1152434,2024-01-01,30.26283333333334,Tilauna,"{""geodesic"":false,""type"":""Point"",""coordinates"":[86.98571050762573,24.40691185917796]}"
626_0,0.26,0.088758156,4.03,0.58,90.91,0.11122766,140.56,22.66,243,0.23963334,0.26,8.32,0.12354752,9.47,0.28109786,0.21190922,-0.7197650638745277,0.41,227.6626,233,247,"5/21/24, 12:00 AM",DUMKA,150,2024-12-31,4.88,3.4132357,385,386,383,367,2.7521434,2024-01-01,30.29354285714286,Balidih,"{""geodesic"":false,""type"":""Point"",""coordinates"":[87.34521628433035,24.338999223698522]}"
627_0,0.85,0.07319058,2.68,0.89,38.62,0.10464348,100.11,9.26,361,0.27766377,0.51,18.51,0.11861739,18.65,0.29034057,0.20958406,-2.235634581965155,2.2,77.174644,224,237,"5/28/24, 12:00 AM",DUMKA,231,2024-12-31,5.02,3.4005349,392,383,384,380,4.1708794,2024-01-01,30.26283333333334,Patsar,"{""geodesic"":false,""type"":""Point"",""coordinates"":[86.9811290996767,24.40610337542225]}"
628_0,0.57,0.08391831,4.4,0.21,86.32,0.15487778,187,12.6,173,0.2997625,0.91,7,0.17578195,14,0.32515973,0.24286805,-2.151846729949157,0.88,344.66605,178,193,"5/7/24, 12:00 AM",DUMKA,158,2024-12-31,5.63,3.405328,400,400,422,406,3.8411458,2024-01-01,30.212294117647055,Dhanbari,"{""geodesic"":false,""type"":""Point"",""coordinates"":[87.34117386555181,24.255455902275408]}"
629_0,0.33,0.082643665,2.02,0.41,32.5,0.10652817,205.41,26.53,266.95,0.2523493,0.55,12.01,0.12439718,8.42,0.25832114,0.18964225,-2.195972121011132,1.38,337.60242,224,243,"5/8/24, 12:00 AM",DUMKA,188,2024-12-31,5.22,3.4890735,388,376,388,381,7.9734683,2024-01-01,30.223351351351347,Gamharia,"{""geodesic"":false,""type"":""Point"",""coordinates"":[87.14066989413634,24.504738393618574]}"
630_0,0.65,0.078092426,1.22,0.41,23.5,0.09942121,178.55,25.17,289.51,0.21301211,0.48,10.47,0.12599848,9.85,0.28033635,0.2354303,-1.6126557875249308,1.52,65.534004,226,243,"5/7/24, 12:00 AM",DUMKA,206,2024-12-31,4.96,3.6432247,372,368,402,390,2.2383482,2024-01-01,30.278399999999998,Dhoba,"{""geodesic"":false,""type"":""Point"",""coordinates"":[87.29697675357313,24.49207214811249]}"
631_0,0.23,0.06798788,0.85,0.49,33.6,0.09653636,208.88,24.15,263.51,0.27721968,0.53,12.25,0.11575758,13.64,0.2936106,0.21041818,-2.1538177910164653,0.65,344.6386,228,245,"5/7/24, 12:00 AM",DUMKA,198,2024-12-31,4.82,3.6432247,374,370,397,386,3.8416488,2024-01-01,30.278399999999998,Kapati,"{""geodesic"":false,""type"":""Point"",""coordinates"":[87.29805473191408,24.492880631868196]}"
632_0,0.82,0.09878657,5.89,0.45,38.26,0.12177164,101.26,13.2,354,0.288003,0.61,12.39,0.14942388,16.46,0.344897,0.24795075,-0.4304876712620057,0.81,227.63298,203,225,"7/22/24, 12:00 AM",DUMKA,247,2024-12-31,5.819999999999999,3.6687794,413,396,385,379,1.3760854,2024-01-01,30.280722222222224,Dhawadangal,"{""geodesic"":false,""type"":""Point"",""coordinates"":[86.98059011050624,24.206946876932953]}"
633_0,0.49,0.089176975,6.17,0.35,26.55,0.11597986,153.2,27.66,235,0.28986403,0.35,9.31,0.13059497,16.46,0.3378964,0.25092158,3.153241965424217,0.46,-0.0,205,231,"5/17/24, 12:00 AM",DUMKA,176,2024-12-31,4.99,3.5056844,392,386,403,383,0.0,2024-01-01,30.245722222222216,Simra,"{""geodesic"":false,""type"":""Point"",""coordinates"":[87.06628938861124,24.298575035913146]}"
634_0,0.45,0.080518246,3,0.41,42.17,0.110289186,63.29,0.88,172,0.2788196,0.46,18.67,0.118369594,14,0.27171013,0.19334324,2.8883684648242105,2.16,132.28552,249,260,"4/24/24, 12:00 AM",DUMKA,193,2024-12-31,5.29,3.184141,379,372,373,368,2.7548778,2024-01-01,30.290222222222226,Chilra,"{""geodesic"":false,""type"":""Point"",""coordinates"":[87.02478722248492,24.568069621149]}"
635_0,0.39,0.09025286,5.65,0.16,51.57,0.11295,96.87,15.48,212,0.28700858,0.21,11.36,0.12791857,13.46,0.32092857,0.23073857,-2.077661352441614,0.65,121.29002,208,224,"5/18/24, 12:00 AM",DUMKA,170,2024-12-31,5.8,3.4328725,383,381,410,395,3.5669827,2024-01-01,30.21685714285714,Kundadih,"{""geodesic"":false,""type"":""Point"",""coordinates"":[87.12773415404502,24.264618718173427]}"
636_0,0.39,0.073674284,1.64,0.58,26.1,0.09207143,145.34,12.36,232,0.23681715,0.26,8.72,0.101534285,14.48,0.28981143,0.23925143,-1.611662379187354,0.72,245.5221,221,234,"5/21/24, 12:00 AM",DUMKA,264,2024-12-31,4.88,3.3341472,416,405,363,361,2.2373273,2024-01-01,30.249085714285716,Bhitra,"{""geodesic"":false,""type"":""Point"",""coordinates"":[86.91968433424293,24.42254254512164]}"
637_0,0.81,0.073674284,3.39,0.42,9.88,0.09207143,139.14,16.96,239,0.23681715,0.85,9.94,0.101534285,12.49,0.28981143,0.23925143,-1.611662379187354,0.62,245.5221,221,234,"5/28/24, 12:00 AM",DUMKA,264,2024-12-31,4.87,3.3341472,416,405,363,361,2.2373273,2024-01-01,30.249085714285716,Bamankheta,"{""geodesic"":false,""type"":""Point"",""coordinates"":[86.91968433424293,24.42254254512164]}"
638_0,0.39,0.05993125,3.45,0.62,34.11,0.08774687,128.12,18.36,269,0.24204062,0.39,13.36,0.10653125,17.48,0.27046874,0.19300938,-2.3758316106066655,0.45,320.5217,215,231,"5/25/24, 12:00 AM",DUMKA,251,2024-12-31,5.8,3.3341472,414,402,371,368,4.7952623,2024-01-01,30.28741176470588,Amba,"{""geodesic"":false,""type"":""Point"",""coordinates"":[86.93504552560138,24.422003555951168]}"
639_0,0.52,0.06855,5.34,0.49,35.38,0.0980125,165.01,3.354,267,0.26751876,0.35,8.58,0.12056875,13.65,0.2931875,0.2116625,-2.450073653700986,0.39,280.32077,215,231,"5/25/24, 12:00 AM",DUMKA,252,2024-12-31,6.11,3.3341472,414,402,371,368,5.1628947,2024-01-01,30.28741176470588,Amba,"{""geodesic"":false,""type"":""Point"",""coordinates"":[86.93504552560138,24.42173406136593]}"
640_0,0.54,0.082153626,5.34,0.37,35.38,0.11295217,140.56,20.34,280,0.24689999,0.58,8.58,0.13805218,8.67,0.2974942,0.23068985,3.7467153474888693,0.48,331.20715,227,249,"5/19/24, 12:00 AM",DUMKA,172,2024-12-31,5.53,3.4890735,385,376,388,375,2.1157105,2024-01-01,30.27268571428571,Machadih,"{""geodesic"":false,""type"":""Point"",""coordinates"":[87.11587639229464,24.526836949607915]}"
641_0,0.78,0.05855,5.44,0.81,49.52,0.086640626,165.01,21.08,212,0.24530312,0.87,11.36,0.09463438,12.49,0.24995938,0.17093125,3.3965615525680883,0.36,-0.0,215,231,"5/17/24, 12:00 AM",DUMKA,248,2024-12-31,5.15,3.3341472,414,402,371,368,0.92740995,2024-01-01,30.28741176470588,Amba,"{""geodesic"":false,""type"":""Point"",""coordinates"":[86.9345065364309,24.422273050536404]}"
642_0,0.25,0.07886338,2.13,0.48,24.6,0.10469155,216.384,24.28,275.41,0.2846507,0.49,10.42,0.11996901,13.635,0.29135352,0.21916479,-1.6712414841249348,0.64,192.39778,206,221,"5/8/24, 12:00 AM",DUMKA,207,2024-12-31,5.46,3.6155806,415,411,379,368,4.7373543,2024-01-01,30.304882352941178,Bauria,"{""geodesic"":false,""type"":""Point"",""coordinates"":[87.15495310715384,24.519560595806546]}"
643_0,0.82,0.07886338,5.12,0.42,96.93,0.10469155,169.6,18.94,225,0.2846507,0.48,8.26,0.11996901,9.34,0.29135352,0.21916479,-1.6712414841249348,2.04,192.39778,206,221,"5/15/24, 12:00 AM",DUMKA,207,2024-12-31,5.58,3.6155806,415,411,379,368,4.7373543,2024-01-01,30.304882352941178,Kusmaha,"{""geodesic"":false,""type"":""Point"",""coordinates"":[87.15495310715384,24.519560595806546]}"
644_0,0.49,0.104511425,1.33,0.49,24.5,0.13384572,219.392,20.16,195.48,0.33433428,0.41,17.0352,0.14791714,12.42,0.30492142,0.24016428,2.0528685589978632,0.85,-0.0,223,246,"5/8/24, 12:00 AM",DUMKA,196,2024-12-31,5.39,3.4890735,391,382,386,372,0.0,2024-01-01,30.248666666666665,Bandarjora,"{""geodesic"":false,""type"":""Point"",""coordinates"":[87.13959191579539,24.52333351999985]}"
645_0,0.63,0.09045507,2.03,0.45,26.5,0.11375942,240.24,25.33,272.42,0.2754087,0.49,14.78,0.12522028,10.48,0.27250725,0.20124203,-2.044640143625623,1.25,323.7725,220,242,"5/8/24, 12:00 AM",DUMKA,173,2024-12-31,4.9,3.5832176,374,366,406,392,3.4451458,2024-01-01,30.279771428571426,Kamarbandha,"{""geodesic"":false,""type"":""Point"",""coordinates"":[87.12557819736313,24.49907900732862]}"
646_0,0.54,0.06398358,0.85,0.46,28.3,0.08998209,207.088,21.45,269.35,0.27386567,0.43,12.88,0.108813435,10.47,0.30759403,0.21131045,-3.066714509746317,0.62,73.12578,227,249,"5/9/24, 12:00 AM",DUMKA,185,2024-12-31,5.19,3.6808677,372,371,401,380,9.497791,2024-01-01,30.278399999999998,Majhdiha,"{""geodesic"":false,""type"":""Point"",""coordinates"":[87.30344462361879,24.495306083135322]}"
647_0,0.6,0.08402714,6.39,0.67,25.1,0.11264857,12.3,8.06,226,0.31057143,0.41,19.3,0.13026,20,0.34434572,0.24904428,-0.729994943604921,1.78,180.0,202,222,"3/30/24, 12:00 AM",DUMKA,145,2024-12-31,5.01,3.6352136,428,424,370,354,0.92740995,2024-01-01,30.179941176470592,Joram,"{""geodesic"":false,""type"":""Point"",""coordinates"":[87.49182133869866,24.344658609988475]}"
648_0,0.74,0.08296216,2.1,0.94,46.32,0.10386757,78.12,0.21,145,0.20239459,0.16,13.69,0.11601081,14,0.23023243,0.18258108,-0.7315369605483989,2.59,-0.0,236,248,"4/22/24, 12:00 AM",DUMKA,236,2024-12-31,5.24,3.330229,395,387,369,366,0.92740995,2024-01-01,30.252742857142852,Semariya,"{""geodesic"":false,""type"":""Point"",""coordinates"":[86.94986772778935,24.54219814096636]}"
649_0,0.45,0.11489444,3.39,0.58,9.88,0.12589167,139.14,16.96,239,0.28334168,0.69,9.94,0.12310972,16.67,0.2856861,0.18921944,0.74825653011086,0.85,28.749214,231,238,"5/16/24, 12:00 AM",DUMKA,168,2024-12-31,5.73,3.4328725,393,395,377,367,2.1148272,2024-01-01,30.22142857142857,Sugnibad,"{""geodesic"":false,""type"":""Point"",""coordinates"":[87.14174787247728,24.299114025083618]}"
650_0,0.35,0.077363886,2.15,0.46,35.81,0.11201389,98.63,17.12,281,0.26179445,0.75,9.25,0.14135556,14.65,0.30342498,0.22193056,-1.6248665747764348,0.54,17.421726,217,229,"6/15/24, 12:00 AM",DUMKA,255,2024-12-31,5.46,3.3341472,415,406,367,365,6.7728605,2024-01-01,30.249085714285716,Raja Semaria,"{""geodesic"":false,""type"":""Point"",""coordinates"":[86.92076231258388,24.424698501803526]}"
651_0,0.56,0.073674284,4.12,0.31,82.16,0.09207143,126.33,19.27,389,0.23681715,0.52,14.51,0.101534285,8.89,0.28981143,0.23925143,-1.611662379187354,0.46,245.5221,221,234,"5/21/24, 12:00 AM",DUMKA,264,2024-12-31,5.73,3.3341472,416,405,363,361,2.2373273,2024-01-01,30.249085714285716,Karanpura,"{""geodesic"":false,""type"":""Point"",""coordinates"":[86.91968433424293,24.42254254512164]}"
652_0,0.57,0.098422855,5.34,0.42,35.38,0.12957714,140.56,3.354,280,0.27999142,0.85,8.58,0.15787715,16.67,0.33317143,0.26176572,-1.3036746109926314,1.08,124.32453,211,227,"5/21/24, 12:00 AM",DUMKA,255,2024-12-31,4.87,3.3341472,419,407,370,365,4.9223695,2024-01-01,30.236514285714286,Bhalua,"{""geodesic"":false,""type"":""Point"",""coordinates"":[86.93046411765236,24.44275463901433]}"
653_0,0.46,0.1013331,2.4,0.87,49.85,0.1177813,59.13,12.63,360,0.2686338,0.81,14.29,0.1340518,10,0.27524388,0.20932302,-2.2241542091300572,0.49,132.33145,215,231,"4/13/24, 12:00 AM",DUMKA,178,2024-12-31,5.48,3.58974,376,372,409,397,4.124723,2024-01-01,30.226555555555553,Amra,"{""geodesic"":false,""type"":""Point"",""coordinates"":[87.11345094102751,24.365140198466403]}"
654_0,0.44,0.1013331,5.2,1.12,52.19,0.1177813,51.22,14.16,128,0.2686338,0.35,27.24,0.1340518,9,0.27524388,0.20932302,-2.2241542091300572,1.44,132.33145,215,231,"4/11/24, 12:00 AM",DUMKA,178,2024-12-31,5.03,3.58974,376,372,409,397,4.124723,2024-01-01,30.226555555555553,Babukedaili,"{""geodesic"":false,""type"":""Point"",""coordinates"":[87.11345094102751,24.365140198466403]}"
655_0,0.5,0.078092426,1.22,0.41,25.6,0.09942121,183.456,25.22,263.52,0.21301211,0.43,10.44,0.12599848,8.42,0.28033635,0.2354303,-1.6126557875249308,1.42,65.534004,226,243,"5/8/24, 12:00 AM",DUMKA,206,2024-12-31,5.24,3.6432247,372,368,402,390,2.2383482,2024-01-01,30.278399999999998,Kandhara,"{""geodesic"":false,""type"":""Point"",""coordinates"":[87.29697675357313,24.49207214811249]}"
656_0,0.25,0.05376515,0.84,0.52,23.6,0.0731,163.74399999999997,28.24,212.15,0.23012424,0.42,16.85,0.0773894,12.04,0.23605151,0.17035152,-2.153809693516993,1.52,195.36124,226,243,"5/8/24, 12:00 AM",DUMKA,206,2024-12-31,5.34,3.6432247,372,368,402,390,3.841646,2024-01-01,30.258222222222223,Kandhara,"{""geodesic"":false,""type"":""Point"",""coordinates"":[87.29643776440267,24.491263664356783]}"
657_0,0.44,0.07078955,1.81,0.58,30.25,0.09907015,230.12,20.56,279.48,0.2703791,0.51,12.47,0.11436418,13.02,0.31408957,0.22682537,-1.820254815672393,1.45,47.697697,223,242,"5/7/24, 12:00 AM",DUMKA,193,2024-12-31,5.14,3.6432247,381,375,396,384,2.753992,2024-01-01,30.278399999999998,Susania,"{""geodesic"":false,""type"":""Point"",""coordinates"":[87.29994119401073,24.494228104794377]}"
658_0,0.65,0.06589552,1.56,0.43,20.15,0.09288508,164.28,26.35,245.17,0.30030447,0.42,10.44,0.10367612,10.42,0.2718418,0.18858956,-2.0445771401614006,0.88,323.7738,228,245,"5/7/24, 12:00 AM",DUMKA,197,2024-12-31,5.3,3.6432247,374,370,397,386,3.4450877,2024-01-01,30.278399999999998,Bara Simalpahari,"{""geodesic"":false,""type"":""Point"",""coordinates"":[87.29832422649932,24.493150126453433]}"
659_0,0.48,0.121511936,2.12,0.58,45.23,0.14139104,119.57,20.3432178,263,0.31989852,0.69,18.76,0.15090746,8.46,0.36999404,0.2587149,-1.6086144874238457,0.13,294.51422,192,214,"7/24/24, 12:00 AM",DUMKA,249,2024-12-31,5.73,3.6687794,432,415,375,371,2.2342198,2024-01-01,30.310666666666677,Khutojori,"{""geodesic"":false,""type"":""Point"",""coordinates"":[86.98059011050624,24.209372328200075]}"
660_0,0.24,0.07748508,4.1,0.91,14,0.10205821,247,0.45,196,0.26609254,0.45,17.3,0.11523283,12,0.27754328,0.20222835,-2.2257272197580615,1.77,132.30211,211,227,"3/30/24, 12:00 AM",DUMKA,198,2024-12-31,5.14,3.6432247,368,359,421,414,4.127035,2024-01-01,30.2688,Harwa Dangal,"{""geodesic"":false,""type"":""Point"",""coordinates"":[87.265984876271,24.495036588550086]}"
661_0,0.15,0.09013284,5.18,0.85,18,0.120713435,235,22.02,238,0.2942985,0.49,20.5,0.14393283,6,0.31822088,0.23931493,-1.3876368281730334,1.17,121.24372,210,227,"3/22/24, 12:00 AM",DUMKA,196,2024-12-31,4.82,3.6432247,364,356,426,418,3.5717204,2024-01-01,30.2688,Harwa Dangal,"{""geodesic"":false,""type"":""Point"",""coordinates"":[87.26625437085625,24.495036588550086]}"
662_0,0.34,0.057567626,6.47,0.63,18.31,0.08393022,165.01,17.25,235,0.29234603,0.69,9.31,0.08497698,15.49,0.25411296,0.16484532,-2.077626361372837,0.46,238.70953,202,218,"5/17/24, 12:00 AM",DUMKA,213,2024-12-31,4.87,3.5056844,399,388,399,394,3.5669372,2024-01-01,30.214628571428577,Hardipatti,"{""geodesic"":false,""type"":""Point"",""coordinates"":[87.06709787236694,24.26246276149154]}"
663_0,0.23,0.07553669,5.89,0.87,38.26,0.09919424,101.26,13.2,354,0.25668776,0.61,12.39,0.10733813,22.78,0.2816784,0.19311222,-1.5538773964848223,0.65,208.74008,211,227,"5/16/24, 12:00 AM",DUMKA,218,2024-12-31,5.51,3.5056844,396,384,393,389,2.1146421,2024-01-01,30.234857142857145,Simra,"{""geodesic"":false,""type"":""Point"",""coordinates"":[87.06871483987837,24.251143988911636]}"
664_0,0.81,0.07854545,2.29,0.61,25.64,0.09301667,150.06,22.32,208,0.26617727,0.61,14.6,0.08720151,13.87,0.21212122,0.1446091,-1.9202201466401603,1.23,270.0,196,207,"7/9/24, 12:00 AM",DUMKA,157,2024-12-31,5.59,3.4836266,451,451,353,342,3.0488257,2024-01-01,30.17217142857144,Dhamna,"{""geodesic"":false,""type"":""Point"",""coordinates"":[87.36704534573445,24.248179548474038]}"
666_0,0.34,0.08090145,2.68,0.61,38.62,0.10737971,100.11,9.26,361,0.27263477,0.61,18.51,0.12312609,15.49,0.31573623,0.2318884,-2.237501000893097,0.45,282.81345,227,249,"5/19/24, 12:00 AM",DUMKA,172,2024-12-31,5.59,3.4890735,385,376,388,375,4.1746817,2024-01-01,30.27268571428571,Machadih,"{""geodesic"":false,""type"":""Point"",""coordinates"":[87.11614588687988,24.52710644419315]}"
667_0,0.34,0.088262856,6.47,0.63,18.31,0.1304695,165.01,17.25,235,0.2783064,0.69,9.31,0.14203689,13.87,0.301961,0.21861774,1.1769810643817196,0.66,132.3305,212,237,"5/19/24, 12:00 AM",DUMKA,169,2024-12-31,4.87,3.58974,366,356,422,406,1.3770474,2024-01-01,30.25055555555555,Phulopani,"{""geodesic"":false,""type"":""Point"",""coordinates"":[87.11587639229464,24.369452111830174]}"
668_0,0.33,0.065908335,1.02,0.52,23.5,0.08843611,226.128,24.15,279.1,0.30147085,0.47,14.77125,0.078126386,9.48,0.22193334,0.13905555,-1.12749024846851,1.42,47.704945,218,237,"5/8/24, 12:00 AM",DUMKA,210,2024-12-31,5.44,3.6155806,423,416,359,347,1.3779835,2024-01-01,30.23233333333334,Dhobni,"{""geodesic"":false,""type"":""Point"",""coordinates"":[87.16465491222233,24.526028465852207]}"
669_0,0.41,0.08689394,6.11,0.78,58.62,0.109039396,107.89,26.3,368,0.2709197,0.83,17.41,0.111881815,18.48,0.2957803,0.21641667,-2.2116631956350075,0.34,90.0,225,246,"5/14/24, 12:00 AM",DUMKA,176,2024-12-31,5.83,3.5832176,365,357,410,396,4.069811,2024-01-01,30.27000000000001,Kendkhapra,"{""geodesic"":false,""type"":""Point"",""coordinates"":[87.12881213238596,24.488029729333952]}"
670_0,0.25,0.07655072,0.85,0.52,26.3,0.1079029,225.792,24.5,219.33,0.29848406,0.42,13.08,0.12545362,10.24,0.30296233,0.22090724,-1.7101735156593836,0.95,124.307976,214,235,"5/8/24, 12:00 AM",DUMKA,194,2024-12-31,5.06,3.4890735,384,373,403,391,4.9244423,2024-01-01,30.248666666666665,Bandarjora,"{""geodesic"":false,""type"":""Point"",""coordinates"":[87.13959191579539,24.520908068732727]}"
671_0,0.25,0.067371644,1.58,0.52,26.6,0.092262685,225.568,25.48,221.22,0.25790447,0.51,15.92,0.114346266,10.47,0.30325374,0.22315672,-2.4029753434849064,1.3,124.3134,225,243,"5/8/24, 12:00 AM",DUMKA,196,2024-12-31,5.2,3.6808677,378,371,397,385,4.923763,2024-01-01,30.278399999999998,Dhobni,"{""geodesic"":false,""type"":""Point"",""coordinates"":[87.30128866693691,24.495306083135322]}"
672_0,0.38,0.06637857,1.29,0.91,30.2,0.08578714,13.4,9.1,216,0.26731142,0.63,16.4,0.089672856,14,0.27464142,0.18141714,-0.8231117205965122,1.26,270.0,202,222,"3/30/24, 12:00 AM",DUMKA,145,2024-12-31,5.05,3.6352136,428,424,370,354,1.0179013,2024-01-01,30.179941176470592,Joram,"{""geodesic"":false,""type"":""Point"",""coordinates"":[87.49182133869866,24.344389115403242]}"
673_0,0.37,0.074197225,5.62,0.32,42.32,0.09737222,175.53,15.47,277,0.20044166,0.51,11.06,0.12862778,18.67,0.28253335,0.24214445,-1.9678208281019454,0.26,73.12339,221,238,"6/25/24, 12:00 AM",DUMKA,240,2024-12-31,4.73,3.2468905,385,375,394,388,3.1915073,2024-01-01,30.28872222222223,Jangalpur,"{""geodesic"":false,""type"":""Point"",""coordinates"":[86.9223792800953,24.47644146216881]}"
674_0,0.57,0.07215931,9.41,0.63,10.15,0.09566483,129.12,29.24,278,0.24375518,0.67,6.94,0.109848276,8.89,0.2781,0.21840759,-1.5547735045376232,2.11,28.757845,214,232,"6/24/24, 12:00 AM",DUMKA,227,2024-12-31,4.95,3.531301,402,388,384,380,2.1150017,2024-01-01,30.27361111111111,Bhorandih,"{""geodesic"":false,""type"":""Point"",""coordinates"":[86.99595130186468,24.344389115403242]}"
675_0,0.19,0.064172976,4.01,0.92,29.67,0.09462162,150.06,32.8,388,0.25866216,0.57,16.68,0.117254056,7.47,0.27846485,0.21100271,-0.7315664345343054,0.35,180.0,228,238,"5/29/24, 12:00 AM",DUMKA,232,2024-12-31,5.47,3.330229,383,379,389,383,0.92740995,2024-01-01,30.251199999999997,Raksa,"{""geodesic"":false,""type"":""Point"",""coordinates"":[86.94043541730609,24.546510054330135]}"
676_0,0.62,0.08193125,3.65,0.52,64.89,0.1047375,128.12,35.2,385,0.22244687,0.59,19.15,0.12344375,16.67,0.2580656,0.21099375,-1.1262851059810859,3.14,47.68241,226,240,"6/19/24, 12:00 AM",DUMKA,254,2024-12-31,5.83,3.3341472,404,392,370,368,1.3773884,2024-01-01,30.222057142857135,Tetaria,"{""geodesic"":false,""type"":""Point"",""coordinates"":[86.93504552560138,24.426584963900176]}"
677_0,0.81,0.053561863,2,0.42,38.34,0.07173051,115.31,37.6,376,0.23290677,0.56,15.08,0.06597712,15,0.20210339,0.1300678,4.225723615599451,2.77,47.678707,222,240,"6/5/24, 12:00 AM",DUMKA,231,2024-12-31,5.04,3.4005349,393,379,385,382,2.7529912,2024-01-01,30.234400000000004,Chadna,"{""geodesic"":false,""type"":""Point"",""coordinates"":[86.96927133792633,24.41014579420079]}"
678_0,0.62,0.062384374,8.93,0.42,18.72,0.095075,100.11,1.562,265,0.30892187,0.56,6.34,0.10021875,15.49,0.2918594,0.1926875,2.003318599552026,0.34,286.88348,215,231,"5/25/24, 12:00 AM",DUMKA,248,2024-12-31,5.04,3.3341472,414,402,371,368,3.1902475,2024-01-01,30.28741176470588,Amba,"{""geodesic"":false,""type"":""Point"",""coordinates"":[86.9345065364309,24.422003555951168]}"
679_0,0.78,0.070671126,1.35,0.63,38.43,0.0855162,122.34,13.36,254,0.24266902,0.69,8.21,0.07021972,21.47,0.18477324,0.11331338,-1.1357098024628407,0.65,180.0,231,247,"5/19/24, 12:00 AM",DUMKA,158,2024-12-31,4.87,3.6050391,345,341,424,411,2.7802885,2024-01-01,30.183257142857137,Jamogori,"{""geodesic"":false,""type"":""Point"",""coordinates"":[87.1832500386036,24.377267454802016]}"
680_0,0.69,0.088262856,2.68,0.47,38.62,0.1304695,100.11,9.26,361,0.2783064,0.63,18.51,0.14203689,8.97,0.301961,0.21861774,1.1769810643817196,0.46,132.3305,212,237,"5/21/24, 12:00 AM",DUMKA,169,2024-12-31,5.42,3.58974,366,356,422,406,1.3770474,2024-01-01,30.25055555555555,Pipra,"{""geodesic"":false,""type"":""Point"",""coordinates"":[87.11587639229464,24.369452111830174]}"
681_0,0.55,0.05089412,0.75,0.47,24.07,0.06835882,194.32,26.14,275.18,0.22180735,0.41,12.02,0.06776323,10.42,0.22303088,0.15911618,-1.1271643516598813,0.89,227.69884,231,246,"5/7/24, 12:00 AM",DUMKA,193,2024-12-31,4.82,3.6808677,367,363,403,391,1.3778218,2024-01-01,30.278399999999998,Susania,"{""geodesic"":false,""type"":""Point"",""coordinates"":[87.30775653698257,24.49907900732862]}"
682_0,0.48,0.06690882,0.85,0.43,25.8,0.092686765,159.82399999999998,24.15,254.15,0.26087058,0.42,14.23,0.10939265,14.2,0.3032794,0.21807206,-2.3766818378551546,1.53,219.49547,230,245,"5/7/24, 12:00 AM",DUMKA,192,2024-12-31,5.34,3.6808677,364,360,406,395,4.7964416,2024-01-01,30.278399999999998,Susania,"{""geodesic"":false,""type"":""Point"",""coordinates"":[87.30506159113021,24.498809512743385]}"
683_0,0.4,0.067371644,2.05,0.47,23.56,0.092262685,216.48,25.14,255.49,0.25790447,0.42,16.42,0.114346266,12.45,0.30325374,0.22315672,-2.4029753434849064,1.85,124.3134,225,243,"5/7/24, 12:00 AM",DUMKA,196,2024-12-31,4.94,3.6808677,378,371,397,385,4.923763,2024-01-01,30.278399999999998,Susania,"{""geodesic"":false,""type"":""Point"",""coordinates"":[87.30128866693691,24.495306083135322]}"
684_0,0.42,0.08524658,0.91,0.52,32.5,0.10681096,164.72,22.47,297.41,0.28372192,0.42,11.42,0.11146165,14.72,0.27765343,0.19154246,-2.441635878444652,0.78,63.15867,237,243,"5/7/24, 12:00 AM",DUMKA,105,2024-12-31,5.19,3.5241098,411,417,352,341,10.162795,2024-01-01,30.305542857142864,Amarpur,"{""geodesic"":false,""type"":""Point"",""coordinates"":[87.54006086945587,24.373225036023477]}"
685_0,0.65,0.11716567,5.34,0.37,35.379999999999995,0.13467164,140.56,20.3432354,280,0.23365523,0.58,8.58,0.15717015,15.67,0.30549702,0.26275223,-1.8275553846968022,0.45,180.0,195,212,"7/24/24, 12:00 AM",DUMKA,255,2024-12-31,5.529999999999999,3.6687794,435,422,370,366,2.7802885,2024-01-01,30.310666666666677,Khutojori,"{""geodesic"":false,""type"":""Point"",""coordinates"":[86.97735617548341,24.209372328200075]}"
686_0,0.45,0.06313485,3.8501,0.42,43.42,0.08815606,76.34,22.32,243,0.28039697,0.59,4.359999999999999,0.08690455,14.65,0.25418788,0.16857879,2.0553387023552294,0.23,-0.0,201,224,"7/23/24, 12:00 AM",DUMKA,251,2024-12-31,5.39,3.6687794,413,396,386,380,0.0,2024-01-01,30.29461111111111,Khutojori,"{""geodesic"":false,""type"":""Point"",""coordinates"":[86.98220707801765,24.205599404006776]}"
687_0,0.61,0.07438919,3.95,0.65,20.12,0.09973243,32,16.8,135,0.29156485,0.47,13.3,0.11057838,14,0.30824053,0.21144865,0.06864359945564723,1.26,77.16378,226,229,"4/6/24, 12:00 AM",DUMKA,104,2024-12-31,5.28,3.447776,401,411,373,360,4.1674213,2024-01-01,30.30115151515152,Domanpur,"{""geodesic"":false,""type"":""Point"",""coordinates"":[87.49532476830673,24.295341100890315]}"
688_0,0.36,0.075929165,1.83,0.85,31.24,0.08724306,31.23,22.64,165,0.25393888,0.43,28,0.076302774,15,0.18540834,0.10956806,-0.7290278047109882,1.402,-0.0,225,231,"4/9/24, 12:00 AM",DUMKA,134,2024-12-31,5.04,3.497992,396,397,379,371,0.92740995,2024-01-01,30.149550000000012,Mahadebraydih,"{""geodesic"":false,""type"":""Point"",""coordinates"":[87.21585888341714,24.22015211160951]}"
689_0,0.39,0.09084154,3.65,0.89,64.89,0.12147538,128.12,25.612,385,0.3085154,0.51,19.15,0.13573231,16.46,0.36418307,0.2555046,-0.7180530386179484,1.79,132.36926,192,216,"7/18/24, 12:00 AM",DUMKA,230,2024-12-31,5.02,3.6654937,422,402,386,382,2.7504675,2024-01-01,30.27666666666666,Bedia,"{""geodesic"":false,""type"":""Point"",""coordinates"":[86.99406483976803,24.196975577279225]}"
690_0,0.48,0.062453102,6.11,0.51,58.62,0.09203035,107.89,26.3,368,0.25941932,0.43,18,0.12365311,13.87,0.2897738,0.22297794,-2.7100472807427467,0.13,114.48067,223,236,"6/24/24, 12:00 AM",DUMKA,239,2024-12-31,5.77,3.4005349,400,389,377,376,6.684196,2024-01-01,30.244611111111098,Lusitanr,"{""geodesic"":false,""type"":""Point"",""coordinates"":[86.99163938850091,24.406372870007488]}"
691_0,0.26,0.05927297,4.12,0.98,82.16,0.084886484,126.33,19.27,389,0.25348377,0.85,14.51,0.091513515,12.49,0.2444,0.17150271,1.5740446404212172,0.5,39.50598,239,248,"5/22/24, 12:00 AM",DUMKA,225,2024-12-31,5.02,3.330229,384,381,377,370,4.7971635,2024-01-01,30.26165714285714,Bhaturia,"{""geodesic"":false,""type"":""Point"",""coordinates"":[86.94663379276652,24.545701570574426]}"
692_0,0.45,0.08296216,4.4,0.25,61.09,0.10386757,50.11,9.23,142,0.20239459,0.29,15.69,0.11601081,14,0.23023243,0.18258108,-0.7315369605483989,3.21,-0.0,236,248,"4/21/24, 12:00 AM",DUMKA,236,2024-12-31,5.6,3.330229,395,387,369,366,0.92740995,2024-01-01,30.252742857142852,Semariya,"{""geodesic"":false,""type"":""Point"",""coordinates"":[86.94986772778935,24.54219814096636]}"
693_0,0.19,0.07426956,5.23,0.71,42.22,0.116131656,140.17,31.4,242,0.2514,0.29,13.34,0.12770936,8.97,0.2990072,0.22488704,-2.2346385558948416,0.52,257.1682,232,246,"5/22/24, 12:00 AM",DUMKA,142,2024-12-31,5.5,3.5413055,374,370,394,383,4.168832,2024-01-01,30.26857142857143,Astajora,"{""geodesic"":false,""type"":""Point"",""coordinates"":[87.36300292695591,24.34061619120994]}"
695_0,0.48,0.07181667,2.78,0.89,63.27,0.101623915,106.77,0.482,358,0.28998116,0.51,13.37,0.12486159,9.47,0.33613986,0.24241957,-1.819177853287869,0.14,132.3223,224,237,"5/29/24, 12:00 AM",DUMKA,233,2024-12-31,5.02,3.4005349,392,383,384,380,2.7529383,2024-01-01,30.26283333333334,Amri,"{""geodesic"":false,""type"":""Point"",""coordinates"":[86.98085960509147,24.405833880837015]}"
696_0,0.39,0.082153626,5.09,0.44,50.56,0.11295217,165.01,16.97,368,0.24689999,0.71,17.23,0.13805218,15.47,0.2974942,0.23068985,3.7467153474888693,0.85,331.20715,227,249,"5/19/24, 12:00 AM",DUMKA,172,2024-12-31,5.83,3.4890735,385,376,388,375,2.1157105,2024-01-01,30.27268571428571,Machadih,"{""geodesic"":false,""type"":""Point"",""coordinates"":[87.11587639229464,24.526836949607915]}"
697_0,0.27,0.078768656,0.78,0.42,28.5,0.100368656,203.16,21.36,272.15,0.26101193,0.41,12.12,0.1081403,9.52,0.27489105,0.20111492,-0.9193937565493857,0.59,245.53256,219,242,"5/8/24, 12:00 AM",DUMKA,178,2024-12-31,5.41,3.5832176,364,355,417,403,2.2382255,2024-01-01,30.28965714285715,Upar Barachapar,"{""geodesic"":false,""type"":""Point"",""coordinates"":[87.13258505657926,24.483717815970177]}"
698_0,0.35,0.06999143,1.29,0.44,33.2,0.091825716,159.712,29.14,254.12,0.24365,0.47,14.05,0.100842856,11.02,0.24474715,0.18053,-2.0446587901455078,0.86,36.227814,224,243,"5/9/24, 12:00 AM",DUMKA,178,2024-12-31,5.12,3.4890735,368,362,408,395,3.4451592,2024-01-01,30.223351351351347,Suhoduho,"{""geodesic"":false,""type"":""Point"",""coordinates"":[87.1320460674088,24.500426480254802]}"
699_0,0.36,0.06961352,1.98,0.9,26.3,0.08688108,14.4,7.26,186,0.25323784,0.62,16.3,0.091191895,23,0.25346217,0.1916973,-0.8224927721536454,2.1,90.0,212,222,"3/30/24, 12:00 AM",DUMKA,135,2024-12-31,5.18,3.603517,402,408,386,370,1.0175847,2024-01-01,30.296400000000006,Pandanpahari,"{""geodesic"":false,""type"":""Point"",""coordinates"":[87.4387309054072,24.305042905958807]}"
700_0,0.53,0.07438813,5.34,0.58,35.38,0.10647203,140.56,3.354,280,0.25776103,0.73,8.58,0.12069661,7.47,0.25984237,0.18938136,4.225723615599451,0.26,47.678707,226,243,"6/4/24, 12:00 AM",DUMKA,231,2024-12-31,6,3.4005349,395,381,379,376,2.7529912,2024-01-01,30.234400000000004,Daldali,"{""geodesic"":false,""type"":""Point"",""coordinates"":[86.96927133792633,24.410415288786027]}"
701_0,0.51,0.07956986,3.1,1.04,81.23,0.09310137,151,25.4,193,0.24240547,0.39,17,0.09176301,9,0.21467534,0.15468767,-1.4224308692633063,1.98,180.0,186,205,"5/7/24, 12:00 AM",DUMKA,158,2024-12-31,5.44,3.405328,385,386,428,409,1.8543341,2024-01-01,30.214235294117643,Dhamna,"{""geodesic"":false,""type"":""Point"",""coordinates"":[87.34440780057464,24.253569440178758]}"
702_0,0.81,0.09042877,3.65,0.89,64.89,0.1127452,128.12,25.612,385,0.26843563,0.51,19.15,0.12782602,18.67,0.23790684,0.17726438,-2.1155780649754647,3.14,180.0,186,205,"7/18/24, 12:00 AM",DUMKA,158,2024-12-31,5.02,3.405328,385,386,428,409,3.7047918,2024-01-01,30.214235294117643,Dhabna,"{""geodesic"":false,""type"":""Point"",""coordinates"":[87.34467729515988,24.253569440178758]}"
703_0,0.65,0.058058824,4.03,0.43,90.91,0.085429415,140.56,22.66,243,0.24065,0.38,8.32,0.09577941,11.57,0.23620883,0.16250588,-1.8923292032790764,0.39,339.88885,218,232,"5/20/24, 12:00 AM",DUMKA,253,2024-12-31,5.73,3.3341472,410,400,372,368,2.9605062,2024-01-01,30.25638888888889,Karma,"{""geodesic"":false,""type"":""Point"",""coordinates"":[86.92426574219195,24.449492003645226]}"
704_0,0.26,0.08315786,3.65,0.43,46.55,0.11030357,96.87,21.01,238,0.26760715,0.47,26.01,0.11602357,22.78,0.27683356,0.19313,1.5119478042585994,0.81,216.20175,232,248,"5/19/24, 12:00 AM",DUMKA,154,2024-12-31,5.69,3.6050391,351,347,417,405,3.4440148,2024-01-01,30.183257142857137,Ghanshyampur,"{""geodesic"":false,""type"":""Point"",""coordinates"":[87.18513650070025,24.38023189523961]}"
705_0,1.18,0.070671126,5.65,0.89,51.57,0.0855162,96.87,15.48,212,0.24266902,0.49,11.36,0.07021972,13.46,0.18477324,0.11331338,-1.1357098024628407,0.45,180.0,231,247,"5/19/24, 12:00 AM",DUMKA,158,2024-12-31,5.31,3.6050391,345,341,424,411,2.7802885,2024-01-01,30.183257142857137,Jamogori,"{""geodesic"":false,""type"":""Point"",""coordinates"":[87.1832500386036,24.377267454802016]}"
706_0,0.54,0.07403383,1.59,0.48,30.6,0.103539705,194.32,25.84,301.23,0.28343087,0.41,14.75,0.13524118,14.24,0.35496765,0.26609707,0.2358255231511872,1.53,208.78087,228,247,"5/7/24, 12:00 AM",DUMKA,184,2024-12-31,4.8,3.5832176,371,362,401,391,2.115468,2024-01-01,30.25344444444444,Susania,"{""geodesic"":false,""type"":""Point"",""coordinates"":[87.1034796413738,24.46485319500367]}"
707_0,0.29,0.06999143,0.85,0.52,20.8,0.091825716,216.72,25.14,265.38,0.24365,0.44,10.45,0.100842856,13.22,0.24474715,0.18053,-2.0446587901455078,1.32,36.227814,224,243,"5/9/24, 12:00 AM",DUMKA,178,2024-12-31,5.81,3.4890735,368,362,408,395,3.4451592,2024-01-01,30.223351351351347,Bindasarai,"{""geodesic"":false,""type"":""Point"",""coordinates"":[87.1320460674088,24.500426480254802]}"
708_0,0.42,0.072149254,0.89,0.52,32.5,0.10061791,204.176,31.25,254.19,0.25260746,0.47,14.75,0.11736418,14.2,0.29318956,0.2066,-0.2833318550611269,0.86,200.1183,229,245,"5/8/24, 12:00 AM",DUMKA,179,2024-12-31,5.16,3.6808677,364,358,407,396,2.9606411,2024-01-01,30.278399999999998,Kamarbandha,"{""geodesic"":false,""type"":""Point"",""coordinates"":[87.30209715069262,24.49800102898768]}"
709_0,0.25,0.06364776,0.96,0.48,32.26,0.086502984,239.12,32.14,263.51,0.25823432,0.49,10.27,0.08896567,10.24,0.21702836,0.1412015,-1.8298224911975478,1.63,-0.0,231,246,"5/7/24, 12:00 AM",DUMKA,188,2024-12-31,5.14,3.6915154,365,360,404,393,2.7802885,2024-01-01,30.26022222222222,Susania,"{""geodesic"":false,""type"":""Point"",""coordinates"":[87.3042531073745,24.500965469425275]}"
710_0,0.15,0.07306205,1.78,0.73,22.8,0.09189781,12.8,6.45,219,0.24695109,0.41,17.5,0.096878834,17,0.2580518,0.17812482,0.2367130345572689,1.4,151.23674,205,216,"3/30/24, 12:00 AM",DUMKA,179,2024-12-31,5.19,3.5455499,380,381,416,403,2.115111,2024-01-01,30.25027777777778,Bhawanrpathar,"{""geodesic"":false,""type"":""Point"",""coordinates"":[87.3853709775305,24.372686046853005]}"
711_0,0.5,0.09035555,2.4,0.8,23.5,0.10614444,188,17.5,162,0.28787223,0.42,13.88,0.10603611,10,0.23895,0.16071667,-1.9643992492351388,0.31,253.09471,240,244,"3/27/24, 12:00 AM",DUMKA,66,2024-12-31,4.7,3.8513324,379,382,381,374,3.1862621,2024-01-01,30.4110303030303,Jhunki,"{""geodesic"":false,""type"":""Point"",""coordinates"":[87.62926357716894,24.24871853764451]}"
712_0,0.56,0.07136757,5.12,0.48,64.26,0.1000054,119.57,19.18,258,0.2602027,0.57,9.39,0.11366757,15.47,0.28225136,0.20225406,-1.055641285302568,0.35,15.367452,225,234,"5/29/24, 12:00 AM",DUMKA,235,2024-12-31,5.61,3.330229,381,377,394,388,3.8417602,2024-01-01,30.251199999999997,Matihara,"{""geodesic"":false,""type"":""Point"",""coordinates"":[86.93666249311279,24.54462359223348]}"
713_0,0.54,0.096605554,4.12,0.97,82.16,0.13935833,126.33,19.27,389,0.31160834,0.79,14.51,0.17676389,13.46,0.37885833,0.2951,-0.826401716165416,0.57,90.0,230,244,"5/29/24, 12:00 AM",DUMKA,229,2024-12-31,5.08,3.2510781,390,384,380,372,1.0195895,2024-01-01,30.25885714285715,Purana Dholgaria,"{""geodesic"":false,""type"":""Point"",""coordinates"":[86.94313036315846,24.55324741896103]}"
714_0,0.99,0.0979,5.65,0.9,51.57,0.12754461,105.49,15.48,211,0.293118,0.41,25.26,0.14960504,15.49,0.35462087,0.2752331,0.3689784958070842,0.58,-0.0,205,231,"5/16/24, 12:00 AM",DUMKA,176,2024-12-31,5.56,3.5056844,392,386,403,383,0.92740995,2024-01-01,30.245722222222216,Simra,"{""geodesic"":false,""type"":""Point"",""coordinates"":[87.06628938861124,24.298844530498382]}"
715_0,0.78,0.085693054,6.03,0.42,29.67,0.09757917,129.12,10.85,244,0.25142777,0.61,16.54,0.101195835,7.47,0.23278195,0.17779167,-1.4224512099580136,0.85,180.0,188,208,"7/9/24, 12:00 AM",DUMKA,166,2024-12-31,5.58,3.405328,406,403,406,389,1.8543341,2024-01-01,30.214235294117643,Dhamna,"{""geodesic"":false,""type"":""Point"",""coordinates"":[87.34683325184177,24.255455902275408]}"
716_0,0.99,0.07426956,2.45,0.95,38.34,0.116131656,160.5,22.32,203,0.2514,0.31,8.26,0.12770936,15.49,0.2990072,0.22488704,-2.2346385558948416,0.49,257.1682,232,246,"5/22/24, 12:00 AM",DUMKA,142,2024-12-31,5.68,3.5413055,374,370,394,383,4.168832,2024-01-01,30.26857142857143,Astajora,"{""geodesic"":false,""type"":""Point"",""coordinates"":[87.36300292695591,24.34061619120994]}"
717_0,0.78,0.09284,4.02,0.69,26.53,0.12092,98.63,1.304,258,0.29007715,0.59,10.34,0.1387,15.49,0.3189257,0.24108571,-0.45711032844447147,2.42,208.77666,211,227,"5/20/24, 12:00 AM",DUMKA,254,2024-12-31,4.68,3.3341472,419,407,370,365,2.1153827,2024-01-01,30.236514285714286,Bhalua,"{""geodesic"":false,""type"":""Point"",""coordinates"":[86.9307336122376,24.44275463901433]}"
718_0,0.48,0.09149143,2.78,0.93,63.27,0.11734286,106.77,0.482,358,0.27502573,0.69,13.37,0.13305715,7.48,0.29644856,0.22132857,-1.555724920219755,0.14,208.77672,211,227,"5/20/24, 12:00 AM",DUMKA,255,2024-12-31,4.72,3.3341472,419,407,370,365,2.1153836,2024-01-01,30.236514285714286,Bhalua,"{""geodesic"":false,""type"":""Point"",""coordinates"":[86.9307336122376,24.443024133599565]}"
719_0,0.48,0.08580286,6.98,0.46,33.21,0.11462285,107.88,14.55,269,0.25594285,0.98,13.36,0.13091429,22.78,0.2848857,0.20983428,1.6606474555557462,0.14,90.0,217,232,"5/18/24, 12:00 AM",DUMKA,257,2024-12-31,4.88,3.3341472,421,410,362,358,1.0184873,2024-01-01,30.27477777777777,Kendkhapra,"{""geodesic"":false,""type"":""Point"",""coordinates"":[86.91429444253822,24.41715265341692]}"
720_0,0.14,0.08914964,5.12,0.89,64.26,0.13646087,119.57,19.08,258,0.28781667,0.49,9.39,0.14596377,15.45,0.29318696,0.2125442,0.2752225358871411,0.41,90.0,216,231,"5/19/24, 12:00 AM",DUMKA,171,2024-12-31,5.31,3.58974,390,381,394,388,1.0180486,2024-01-01,30.226555555555553,Tarajora,"{""geodesic"":false,""type"":""Point"",""coordinates"":[87.11345094102751,24.362714747199277]}"
721_0,0.45,0.05855,5.47,0.37,47.12,0.086640626,98.63,4.892,243,0.24530312,0.71,4.36,0.09463438,16.67,0.24995938,0.17093125,3.3965615525680883,0.54,-0.0,215,231,"5/17/24, 12:00 AM",DUMKA,248,2024-12-31,5.07,3.3341472,414,402,371,368,0.92740995,2024-01-01,30.28741176470588,Amba,"{""geodesic"":false,""type"":""Point"",""coordinates"":[86.9345065364309,24.422273050536404]}"
722_0,0.43,0.062613435,0.85,0.49,30.25,0.07688955,215.376,26.42,285.12,0.1937612,0.45,12.42,0.079692535,10.42,0.19180298,0.14558806,-2.844214626695844,0.38,127.17704,225,246,"5/9/24, 12:00 AM",DUMKA,177,2024-12-31,5.26,3.5832176,376,367,399,387,7.6289425,2024-01-01,30.2704705882353,Parma,"{""geodesic"":false,""type"":""Point"",""coordinates"":[87.1298901107269,24.481831353873527]}"
723_0,0.48,0.06999143,1.23,0.54,20.4,0.091825716,240.24,25.33,201.23,0.24365,0.42,16.33,0.100842856,10.42,0.24474715,0.18053,-2.0446587901455078,0.45,36.227814,224,243,"5/9/24, 12:00 AM",DUMKA,178,2024-12-31,4.98,3.4890735,368,362,408,395,3.4451592,2024-01-01,30.223351351351347,Bindasarai,"{""geodesic"":false,""type"":""Point"",""coordinates"":[87.1320460674088,24.500426480254802]}"
724_0,0.68,0.09168657,5.78,0.46,59.83,0.113043286,100.11,11.26,262,0.20962687,0.39,6.31,0.1228403,7.48,0.23788656,0.18482538,-2.0821963763954714,2.11,277.42337,195,212,"7/22/24, 12:00 AM",DUMKA,254,2024-12-31,5.58,3.6687794,435,422,370,366,7.1414905,2024-01-01,30.310666666666677,Dhawadangal,"{""geodesic"":false,""type"":""Point"",""coordinates"":[86.97546971338676,24.210180811955784]}"
725_0,0.41,0.11059851,3.65,0.95,64.89,0.13175672,128.12,25.612,385,0.26801494,0.59,19.15,0.1462612,8.97,0.27868506,0.21367164,-1.9196347358607748,1.18,270.0,195,212,"7/24/24, 12:00 AM",DUMKA,258,2024-12-31,5.52,3.6687794,435,422,370,366,3.0479295,2024-01-01,30.310666666666677,Khutojori,"{""geodesic"":false,""type"":""Point"",""coordinates"":[86.97627819714246,24.21045030654102]}"
726_0,0.65,0.078460276,4.53,1,10.15,0.10398356,115.31,1.512,258,0.30486163,0.89,8.15,0.11360548,8.65,0.3123767,0.21261233,-1.9662783243865931,3.14,73.11045,237,239,"5/13/24, 12:00 AM",DUMKA,96,2024-12-31,5.64,3.5241098,409,417,354,344,3.189139,2024-01-01,30.305542857142864,Dumaria Bahiyar,"{""geodesic"":false,""type"":""Point"",""coordinates"":[87.54194733155252,24.37376402519395]}"
727_0,0.84,0.0796597,3.02,0.85,38,0.09918209,37,14.3,197,0.20239104,0.74,10.3,0.11905224,13,0.24488507,0.20647015,-1.6125565409705638,0.45,294.46725,218,234,"3/19/24, 12:00 AM",DUMKA,212,2024-12-31,5.1,3.6432247,373,368,409,398,2.238242,2024-01-01,30.25205714285714,Amrapahari,"{""geodesic"":false,""type"":""Point"",""coordinates"":[87.2907783781127,24.484795794311122]}"
728_0,0.47,0.078716666,1.38,0.36,33.75,0.102516666,30.2,16.02,133,0.2827861,0.54,16.3,0.11382778,15,0.29061666,0.20758334,2.05445271975564,1.54,-0.0,219,218,"4/6/24, 12:00 AM",DUMKA,126,2024-12-31,5.39,3.6352136,423,432,358,349,0.0,2024-01-01,30.252444444444443,Kanaidih,"{""geodesic"":false,""type"":""Point"",""coordinates"":[87.48077206070398,24.31986510814678]}"
729_0,0.65,0.06707778,7.46,0.81,69.5,0.093716666,139.14,1.676,254,0.24736944,0.55,8.21,0.10214722,13.46,0.24414444,0.16997223,4.077247567253594,3.07,312.3084,231,244,"6/25/24, 12:00 AM",DUMKA,222,2024-12-31,4.81,3.3529615,391,380,378,376,2.7536702,2024-01-01,30.283777777777775,Dhandih,"{""geodesic"":false,""type"":""Point"",""coordinates"":[86.95444913573836,24.467278646270792]}"
730_0,0.48,0.09084154,2.78,0.93,63.27,0.12147538,106.77,19.63482,358,0.3085154,0.69,13.37,0.13573231,7.48,0.36418307,0.2555046,-0.7180530386179484,0.14,132.36926,192,216,"7/18/24, 12:00 AM",DUMKA,230,2024-12-31,4.72,3.6654937,422,402,386,382,2.7504675,2024-01-01,30.27666666666666,Bedia,"{""geodesic"":false,""type"":""Point"",""coordinates"":[86.99406483976803,24.196975577279225]}"
731_0,0.82,0.069070585,3.48,0.82,93.26,0.10132353,130.36,8.05,215,0.25940883,0.25,10.24,0.12950294,12.49,0.28279412,0.22337647,-0.7310534840170441,0.23,-0.0,222,234,"6/25/24, 12:00 AM",DUMKA,240,2024-12-31,5.8,3.2468905,385,378,392,388,0.92740995,2024-01-01,30.27148571428572,Jangalpur,"{""geodesic"":false,""type"":""Point"",""coordinates"":[86.92022332341341,24.480483880947347]}"
732_0,0.45,0.10043143,0.3,0.6,29.34,0.13067715,46.4,7.8,234,0.32830858,0.45,16.34,0.14192571,16,0.36068857,0.258,-1.817381108902331,0.35,132.35588,242,248,"4/7/24, 12:00 AM",DUMKA,68,2024-12-31,5.34,3.583333,392,393,367,359,2.7511709,2024-01-01,30.39018181818182,Jhunki,"{""geodesic"":false,""type"":""Point"",""coordinates"":[87.62252621253805,24.256533880616352]}"
733_0,0.23,0.05551655,3.85,0.56,43.31,0.07464676,150.06,7.62,272,0.24730216,0.69,18.76,0.07558561,9.47,0.22207698,0.14142878,-1.2714510759422446,0.74,253.09634,202,218,"5/16/24, 12:00 AM",DUMKA,210,2024-12-31,5.63,3.5056844,399,388,399,394,3.186561,2024-01-01,30.214628571428577,Pachrukhi,"{""geodesic"":false,""type"":""Point"",""coordinates"":[87.06682837778172,24.261654277735833]}"
734_0,0.13,0.07426956,6.12,0.82,26.17,0.116131656,76.34,17.26,215,0.2514,0.25,10.24,0.12770936,22.78,0.2990072,0.22488704,-2.2346385558948416,0.65,257.1682,232,246,"5/22/24, 12:00 AM",DUMKA,142,2024-12-31,5.8,3.5413055,374,370,394,383,4.168832,2024-01-01,30.26857142857143,Astajora,"{""geodesic"":false,""type"":""Point"",""coordinates"":[87.36300292695591,24.34061619120994]}"
735_0,0.65,0.053561863,4.01,0.69,29.67,0.07173051,150.06,32.8,388,0.23290677,0.52,16.68,0.06597712,16.67,0.20210339,0.1300678,4.225723615599451,0.34,47.678707,222,240,"6/12/24, 12:00 AM",DUMKA,231,2024-12-31,5.06,3.4005349,393,379,385,382,2.7529912,2024-01-01,30.234400000000004,Bara,"{""geodesic"":false,""type"":""Point"",""coordinates"":[86.96927133792633,24.41014579420079]}"
736_0,1.13,0.087035716,3.39,0.58,9.88,0.11927021,139.14,16.96,239,0.24121277,0.69,9.94,0.1222844,14.65,0.2696603,0.20000993,-0.4320356777844036,0.62,47.66198,233,247,"5/22/24, 12:00 AM",DUMKA,149,2024-12-31,5.73,3.4132357,387,386,379,366,1.3768493,2024-01-01,30.279257142857148,Amjhari,"{""geodesic"":false,""type"":""Point"",""coordinates"":[87.34575527350083,24.336034783260928]}"
737_0,0.6,0.07001286,1.68,0.49,23.05,0.09870572,225.568,28.22,275.48,0.27446714,0.49,15.42,0.112192854,9.56,0.24889,0.17472428,-2.1540786423896914,1.49,344.63504,208,233,"5/8/24, 12:00 AM",DUMKA,212,2024-12-31,5.41,3.6155806,406,395,386,372,3.8417144,2024-01-01,30.23738888888889,Bauria,"{""geodesic"":false,""type"":""Point"",""coordinates"":[87.1689668255861,24.52333351999985]}"
738_0,0.27,0.078768656,1.16,0.53,32.65,0.100368656,240.576,19.65,301.22,0.26101193,0.41,10.77,0.1081403,10.47,0.27489105,0.20111492,-0.9193937565493857,0.95,245.53256,219,242,"5/9/24, 12:00 AM",DUMKA,178,2024-12-31,5.17,3.5832176,364,355,417,403,2.2382255,2024-01-01,30.28965714285715,Parma,"{""geodesic"":false,""type"":""Point"",""coordinates"":[87.13258505657926,24.483717815970177]}"
739_0,0.54,0.062613435,0.85,0.47,29.5,0.07688955,197.568,36.22,301.23,0.1937612,0.41,10.27,0.079692535,12.74,0.19180298,0.14558806,-2.844214626695844,1.45,127.17704,225,246,"5/7/24, 12:00 AM",DUMKA,177,2024-12-31,4.92,3.5832176,376,367,399,387,7.6289425,2024-01-01,30.2704705882353,Susania,"{""geodesic"":false,""type"":""Point"",""coordinates"":[87.1298901107269,24.481831353873527]}"
740_0,0.25,0.06853283,1.72,0.52,32.5,0.096537314,142.57,30.63,238.56,0.26252836,0.47,18.45,0.1286582,12.05,0.31781492,0.24056567,-1.5562233178799636,0.35,151.21326,225,243,"5/7/24, 12:00 AM",DUMKA,197,2024-12-31,4.79,3.6808677,378,371,397,385,2.115587,2024-01-01,30.278399999999998,Susania,"{""geodesic"":false,""type"":""Point"",""coordinates"":[87.30101917235167,24.495306083135322]}"
741_0,0.38,0.079038806,1.44,0.45,20.4,0.10721493,184.75,25.41,284.17,0.27211046,0.48,14.28,0.14173284,14.22,0.3564627,0.26728657,-2.0181669532190707,0.88,245.53453,223,242,"5/7/24, 12:00 AM",DUMKA,191,2024-12-31,5.42,3.6808677,381,375,396,384,6.6880555,2024-01-01,30.278399999999998,Dhoba,"{""geodesic"":false,""type"":""Point"",""coordinates"":[87.30021068859597,24.495036588550086]}"
742_0,0.58,0.08483731,3.65,0.89,64.89,0.1088403,128.12,25.612,385,0.25433433,0.51,19.15,0.10807463,15.49,0.25043285,0.1798806,-0.8373849908277088,2.22,259.66238,202,224,"7/22/24, 12:00 AM",DUMKA,250,2024-12-31,5.02,3.6687794,420,403,378,372,5.1546164,2024-01-01,30.310666666666677,Dhawadangal,"{""geodesic"":false,""type"":""Point"",""coordinates"":[86.97520021880152,24.210180811955784]}"
743_0,0.3,0.0893,3.4,0.7,88.6,0.111430556,184,17.6,163,0.3298611,0.31,11.31,0.10403611,14,0.2901528,0.19328055,-0.16967663331007765,2.4,-0.0,241,249,"3/25/24, 12:00 AM",DUMKA,65,2024-12-31,5.12,3.583333,393,395,366,356,3.7047918,2024-01-01,30.39018181818182,Jhunki,"{""geodesic"":false,""type"":""Point"",""coordinates"":[87.62468216921994,24.253838934763994]}"
744_0,0.46,0.07319058,5.09,0.98,50.56,0.10464348,165.01,2.74,368,0.27766377,0.68,17.23,0.11861739,14.65,0.29034057,0.20958406,-2.235634581965155,1.13,77.174644,224,237,"5/28/24, 12:00 AM",DUMKA,231,2024-12-31,5.63,3.4005349,392,383,384,380,4.1708794,2024-01-01,30.26283333333334,Patsar,"{""geodesic"":false,""type"":""Point"",""coordinates"":[86.9811290996767,24.40610337542225]}"
745_0,0.58,0.08094173,2.68,0.46,38.62,0.112460434,100.11,9.26,361,0.2788885,0.98,18.51,0.13511151,7.48,0.32988706,0.24993525,-1.6114220212170158,2.14,65.51929,224,237,"5/27/24, 12:00 AM",DUMKA,233,2024-12-31,4.88,3.4005349,392,383,384,380,2.237087,2024-01-01,30.266333333333325,Baghmara,"{""geodesic"":false,""type"":""Point"",""coordinates"":[86.98085960509147,24.40610337542225]}"
746_0,0.41,0.07839,4.58,0.87,67.45,0.10314143,128.12,3.32,348,0.25763285,0.61,11.38,0.10473572,7.48,0.26230428,0.18469,-2.04463235612801,2.17,216.22733,218,240,"5/14/24, 12:00 AM",DUMKA,171,2024-12-31,5.51,3.5832176,369,361,413,399,3.445138,2024-01-01,30.279771428571426,Kendkhapra,"{""geodesic"":false,""type"":""Point"",""coordinates"":[87.12557819736313,24.498270523572916]}"
747_0,0.29,0.07314776,0.85,0.46,26.53,0.10279403,205.41,26.33,269.35,0.27261493,0.44,16.77,0.13466418,14.22,0.34435374,0.25342387,-2.4289231895923367,0.45,23.728357,223,242,"5/7/24, 12:00 AM",DUMKA,191,2024-12-31,5.38,3.6432247,381,375,396,384,5.0525527,2024-01-01,30.278399999999998,Dudhua,"{""geodesic"":false,""type"":""Point"",""coordinates"":[87.29994119401073,24.494497599379613]}"
748_0,0.62,0.10747647,4.58,0.31,67.45,0.12857647,128.12,20.343232,348,0.26381764,0.63,11.38,0.15374412,15.47,0.30114853,0.24171911,-1.1236846645493077,0.47,227.63385,195,212,"7/18/24, 12:00 AM",DUMKA,258,2024-12-31,4.949999999999999,3.6687794,435,422,370,366,2.7506309,2024-01-01,30.310666666666677,Dhawadangal,"{""geodesic"":false,""type"":""Point"",""coordinates"":[86.97600870255722,24.210719801126256]}"
749_0,0.33,0.07300139,1.26,0.79,36.2,0.1006625,34.2,15.7,201,0.28800833,0.59,14.4,0.105943054,13,0.3065264,0.20855278,0.7865096848550315,1.42,270.0,196,197,"4/5/24, 12:00 AM",DUMKA,134,2024-12-31,5.14,3.603517,400,405,403,398,1.0178031,2024-01-01,30.21935135135135,Kalhajhor,"{""geodesic"":false,""type"":""Point"",""coordinates"":[87.43900039999242,24.33226185906763]}"
750_0,0.52,0.06843056,2.12,0.87,39.71,0.10126667,128.12,0.76,248,0.2599778,0.37,2.2,0.135875,7.48,0.3234639,0.2484111,-1.612343449642385,0.14,294.46976,231,243,"6/25/24, 12:00 AM",DUMKA,230,2024-12-31,5.05,3.3529615,391,380,379,377,2.2380252,2024-01-01,30.283777777777775,Dhandih,"{""geodesic"":false,""type"":""Point"",""coordinates"":[86.95202368447124,24.46997359212315]}"
751_0,0.76,0.12004167,1.35,0.63,16.75,0.16236389,195,21,177,0.30505556,0.69,17.26,0.20213056,11,0.38177776,0.3288361,8.744585952094821,0.64,294.50085,246,239,"3/30/24, 12:00 AM",DUMKA,78,2024-12-31,4.45,3.552041,400,410,354,350,4.4639397,2024-01-01,30.35629411764706,Bara Dhania Pahari,"{""geodesic"":false,""type"":""Point"",""coordinates"":[87.53440148316592,24.288064747088946]}"
752_0,0.97,0.07991781,6.47,0.48,18.31,0.098084934,165.01,17.25,235,0.26615617,0.85,9.31,0.09657123,22.78,0.2659589,0.17806302,-2.3625385238524643,0.43,167.6238,226,242,"5/18/24, 12:00 AM",DUMKA,173,2024-12-31,5.61,3.4328725,395,392,379,366,4.736964,2024-01-01,30.21829411764705,Bara,"{""geodesic"":false,""type"":""Point"",""coordinates"":[87.14174787247728,24.29237666045272]}"
753_0,0.54,0.08315786,3.25,0.39,37.16,0.11030357,113.29,14.2,245,0.26760715,0.53,11.28,0.11602357,16.67,0.27683356,0.19313,1.5119478042585994,0.75,216.20175,232,248,"5/19/24, 12:00 AM",DUMKA,154,2024-12-31,5.17,3.6050391,351,347,417,405,3.4440148,2024-01-01,30.183257142857137,Hardipatti,"{""geodesic"":false,""type"":""Point"",""coordinates"":[87.18513650070025,24.38023189523961]}"
754_0,0.58,0.08921944,1.7,0.68,81.02,0.10710278,28.34,2.68,130,0.3256153,0.18,18.99,0.108052775,15,0.27474582,0.18001528,-1.5537379474677153,0.86,151.26277,185,194,"4/30/24, 12:00 AM",DUMKA,148,2024-12-31,4.95,3.6011982,366,365,449,441,2.1145847,2024-01-01,30.21707692307692,Beharabank,"{""geodesic"":false,""type"":""Point"",""coordinates"":[87.29212585103889,24.236052292138428]}"
755_0,1.18,0.088262856,5.35,0.41,93.26,0.1304695,145.34,10.15,384,0.2783064,0.59,16.96,0.14203689,21.47,0.301961,0.21861774,1.1769810643817196,0.81,132.3305,212,237,"5/21/24, 12:00 AM",DUMKA,169,2024-12-31,5.09,3.58974,366,356,422,406,1.3770474,2024-01-01,30.25055555555555,Pipra,"{""geodesic"":false,""type"":""Point"",""coordinates"":[87.11587639229464,24.369452111830174]}"
756_0,0.82,0.07511493,6.08,0.69,26.65,0.1043388,114.51,11.26,300,0.2722746,0.61,11.19,0.1359597,13.87,0.33817312,0.25876418,-2.340602056281082,2.34,180.0,225,243,"5/14/24, 12:00 AM",DUMKA,192,2024-12-31,5.39,3.6808677,378,371,397,385,4.6273675,2024-01-01,30.278399999999998,Kusmaha,"{""geodesic"":false,""type"":""Point"",""coordinates"":[87.30074967776643,24.49476709396485]}"
757_0,0.85,0.09790149,4.88,0.63,36.95012,0.13248657,114.51,14.5,371,0.29977763,0.55,10.32,0.15467015,9.34,0.35184777,0.26205075,-2.446804748202251,0.23,280.3377,202,224,"7/18/24, 12:00 AM",DUMKA,249,2024-12-31,5.75,3.6687794,420,403,378,372,5.154584,2024-01-01,30.310666666666677,Dhawadangal,"{""geodesic"":false,""type"":""Point"",""coordinates"":[86.97466122963105,24.209372328200075]}"
758_0,0.53,0.055410203,7.39,1.15,66.01,0.0737,12.45,32.8,196,0.25033876,0.45,12.39,0.0720551,14,0.20072652,0.12323674,-0.02625701230899064,2.14,312.34402,208,216,"3/28/24, 12:00 AM",DUMKA,137,2024-12-31,4.65,3.5413055,384,384,407,400,1.3766912,2024-01-01,30.21154285714285,Majdiha,"{""geodesic"":false,""type"":""Point"",""coordinates"":[87.39588126635469,24.30935481932258]}"
759_0,0.45,0.06400376,6.11,1.02,58.62,0.09503158,271.5,26.3,248,0.3136421,0.41,9.26,0.10694511,13.46,0.26747894,0.19619624,-1.6114386298071728,2.42,294.48056,226,242,"6/25/24, 12:00 AM",DUMKA,242,2024-12-31,5.46,3.4005349,391,379,383,379,2.2370992,2024-01-01,30.266333333333325,Baghmari,"{""geodesic"":false,""type"":""Point"",""coordinates"":[86.9765476917277,24.40691185917796]}"
760_0,0.34,0.08510743,2.35,0.49,45.62,0.1127777,101.26,7.24,248,0.2699243,0.62,13.08,0.11935338,13.65,0.27878514,0.20205203,-1.1280208006214292,0.76,312.2852,242,254,"5/29/24, 12:00 AM",DUMKA,197,2024-12-31,4.93,3.184141,373,366,385,380,1.3782438,2024-01-01,30.290222222222226,Kordiha,"{""geodesic"":false,""type"":""Point"",""coordinates"":[87.0261346954111,24.56941709407518]}"
761_0,0.19,0.084232844,4.02,0.46,26.53,0.12480145,98.63,21.38,258,0.2937367,0.39,10.34,0.14700432,11.57,0.29500073,0.20478201,-0.2242189638957377,0.78,294.49164,232,243,"5/19/24, 12:00 AM",DUMKA,168,2024-12-31,5.58,3.5169094,384,383,384,374,2.2361522,2024-01-01,30.253588235294128,Katania,"{""geodesic"":false,""type"":""Point"",""coordinates"":[87.14632928042629,24.342233158721353]}"
762_0,0.2,0.062613435,1.25,0.46,20.45,0.07688955,208.768,14.26,275.48,0.1937612,0.42,13.33,0.079692535,13.22,0.19180298,0.14558806,-2.844214626695844,0.65,127.17704,225,246,"5/9/24, 12:00 AM",DUMKA,177,2024-12-31,5.47,3.5832176,376,367,399,387,7.6289425,2024-01-01,30.2704705882353,Parma,"{""geodesic"":false,""type"":""Point"",""coordinates"":[87.1298901107269,24.481831353873527]}"
763_0,0.49,0.06999143,0.98,0.52,25.39,0.091825716,215.46,26.14,264.22,0.24365,0.49,15.42,0.100842856,10.47,0.24474715,0.18053,-2.0446587901455078,1.87,36.227814,224,243,"5/10/24, 12:00 AM",DUMKA,178,2024-12-31,5.21,3.4890735,368,362,408,395,3.4451592,2024-01-01,30.223351351351347,Lachhmipur,"{""geodesic"":false,""type"":""Point"",""coordinates"":[87.1320460674088,24.500426480254802]}"
764_0,0.65,0.08528451,0.85,0.46,23.22,0.10553662,207.536,24.56,291.65,0.22855915,0.43,16.77312,0.118904226,12.04,0.25149295,0.20697747,-1.820416239771022,1.45,227.70071,226,246,"5/8/24, 12:00 AM",DUMKA,175,2024-12-31,5.42,3.4890735,374,365,400,389,2.7541518,2024-01-01,30.219243243243238,Khasia,"{""geodesic"":false,""type"":""Point"",""coordinates"":[87.12530870277789,24.507433339470932]}"
765_0,0.54,0.062613435,1.68,0.41,33.2,0.07688955,205.408,32.05,282.42,0.1937612,0.43,16.85,0.079692535,12.4,0.19180298,0.14558806,-2.844214626695844,0.39,127.17704,225,246,"5/9/24, 12:00 AM",DUMKA,177,2024-12-31,5.41,3.5832176,376,367,399,387,7.6289425,2024-01-01,30.2704705882353,Bhorandiha,"{""geodesic"":false,""type"":""Point"",""coordinates"":[87.1298901107269,24.481831353873527]}"
766_0,0.31,0.06999143,1.55,0.42,30.25,0.091825716,205.408,20.56,272.18,0.24365,0.47,14.05,0.100842856,14.22,0.24474715,0.18053,-2.0446587901455078,0.68,36.227814,224,243,"5/9/24, 12:00 AM",DUMKA,178,2024-12-31,5.19,3.4890735,368,362,408,395,3.4451592,2024-01-01,30.223351351351347,Bindasarai,"{""geodesic"":false,""type"":""Point"",""coordinates"":[87.1320460674088,24.500426480254802]}"
767_0,0.45,0.0653029,2.05,0.52,28.6,0.08048261,183.46,24.26,316.52,0.2292913,0.47,11.45,0.07960725,14.39,0.22100724,0.15313913,-2.3770329967644552,0.65,140.49744,222,237,"5/7/24, 12:00 AM",DUMKA,207,2024-12-31,4.91,3.6915154,371,363,408,399,4.7969284,2024-01-01,30.29627027027027,Bauria,"{""geodesic"":false,""type"":""Point"",""coordinates"":[87.30021068859597,24.530609873801218]}"
768_0,0.81,0.10747647,2.68,0.61,38.620000000000005,0.12857647,100.11,9.26,361,0.26381764,0.61,18.51,0.15374412,8.67,0.30114853,0.24171911,-1.1236846645493077,0.78,227.63385,195,212,"7/18/24, 12:00 AM",DUMKA,258,2024-12-31,5.59,3.6687794,435,422,370,366,2.7506309,2024-01-01,30.310666666666677,Dhawadangal,"{""geodesic"":false,""type"":""Point"",""coordinates"":[86.97600870255722,24.210719801126256]}"
769_0,0.84,0.18769863,2.53,0.51,27.02,0.19253835,23.4,23.28,168,0.2182178,0.45,16,0.19533972,13,0.22461918,0.21146986,-1.5545562978763354,2.316,208.75345,237,252,"3/30/24, 12:00 AM",DUMKA,146,2024-12-31,4.53,3.5740879,398,392,366,356,2.1149127,2024-01-01,30.15,Satrukha,"{""geodesic"":false,""type"":""Point"",""coordinates"":[87.21585888341714,24.321482075658192]}"
770_0,0.78,0.071725376,4.58,0.88,67.45,0.090234324,128.12,20.343232,348,0.25290596,0.59,11.38,0.091507465,9.34,0.23608358,0.15294926,0.32167413736307854,2.04,238.68846,207,226,"7/23/24, 12:00 AM",DUMKA,215,2024-12-31,5.619999999999999,3.6654937,417,407,376,367,3.5647864,2024-01-01,30.251294117647063,Kapsio,"{""geodesic"":false,""type"":""Point"",""coordinates"":[86.95687458700549,24.156820884079085]}"
771_0,0.48,0.098135136,4.3,0.59,94.15,0.12325405,125.53,1.91,173,0.2718973,0.48,18.69,0.13416757,11,0.28646755,0.20513242,0.6396991830526436,2.39,90.0,242,261,"4/22/24, 12:00 AM",DUMKA,208,2024-12-31,5.12,3.3526697,402,391,356,348,3.056575,2024-01-01,30.24216666666667,Dhanwe,"{""geodesic"":false,""type"":""Point"",""coordinates"":[86.9601085220283,24.569147599489945]}"
772_0,0.65,0.08985151,5.12,0.48,64.26,0.1218,119.57,19.08,258,0.27633637,0.57,9.39,0.15564546,16.67,0.3259788,0.2441303,-2.15326049054304,1.08,15.353654,226,241,"6/19/24, 12:00 AM",DUMKA,253,2024-12-31,5.61,3.3341472,403,390,371,369,3.8415067,2024-01-01,30.214166666666667,Amba,"{""geodesic"":false,""type"":""Point"",""coordinates"":[86.94205238481752,24.426045974729703]}"
773_0,0.26,0.09042877,3.4,0.63,69.23,0.1127452,212,12.6,175,0.26843563,0.38,13,0.12782602,10,0.23790684,0.17726438,-2.1155780649754647,1.81,180.0,186,205,"5/7/24, 12:00 AM",DUMKA,158,2024-12-31,5.37,3.405328,385,386,428,409,3.7047918,2024-01-01,30.214235294117643,Kalipathar,"{""geodesic"":false,""type"":""Point"",""coordinates"":[87.34467729515988,24.253569440178758]}"
774_0,0.41,0.09042877,4.01,0.98,29.67,0.1127452,150.06,32.8,388,0.26843563,0.68,16.68,0.12782602,9.47,0.23790684,0.17726438,-2.1155780649754647,2.14,180.0,186,205,"7/18/24, 12:00 AM",DUMKA,158,2024-12-31,5.63,3.405328,385,386,428,409,3.7047918,2024-01-01,30.214235294117643,Dhabna,"{""geodesic"":false,""type"":""Point"",""coordinates"":[87.34467729515988,24.253569440178758]}"
775_0,0.54,0.088262856,1.4,0.26,84.11,0.1304695,26.12,1.13,167,0.2783064,0.35,15.43,0.14203689,15,0.301961,0.21861774,1.1769810643817196,2.69,132.3305,212,237,"4/30/24, 12:00 AM",DUMKA,169,2024-12-31,4.12,3.58974,366,356,422,406,1.3770474,2024-01-01,30.25055555555555,Jangla,"{""geodesic"":false,""type"":""Point"",""coordinates"":[87.11587639229464,24.369452111830174]}"
776_0,0.25,0.088262856,3.3,0.34,71.27,0.1304695,75.12,5.33,192,0.2783064,0.65,18.6,0.14203689,15,0.301961,0.21861774,1.1769810643817196,2.1,132.3305,212,237,"4/30/24, 12:00 AM",DUMKA,169,2024-12-31,5.38,3.58974,366,356,422,406,1.3770474,2024-01-01,30.25055555555555,Katania,"{""geodesic"":false,""type"":""Point"",""coordinates"":[87.11587639229464,24.369452111830174]}"
777_0,0.36,0.1013331,5.4,0.85,56.1,0.1177813,78.12,22.8,131,0.2686338,0.41,24.32,0.1340518,9,0.27524388,0.20932302,-2.2241542091300572,0.53,132.33145,215,231,"4/11/24, 12:00 AM",DUMKA,178,2024-12-31,5.46,3.58974,376,372,409,397,4.124723,2024-01-01,30.226555555555553,Amra,"{""geodesic"":false,""type"":""Point"",""coordinates"":[87.11345094102751,24.365140198466403]}"
778_0,0.48,0.07342958,1.83,0.42,21.58,0.096577466,219.744,23.85,272.45,0.2590648,0.43,11.25,0.10549859,10.42,0.24394226,0.17285493,-2.2258441586251907,0.69,312.29996,222,241,"5/9/24, 12:00 AM",DUMKA,191,2024-12-31,5.14,3.4890735,388,377,390,382,4.1272044,2024-01-01,30.240499999999997,Patgora,"{""geodesic"":false,""type"":""Point"",""coordinates"":[87.14066989413634,24.504468899033338]}"
779_0,0.69,0.06730909,0.79,0.43,25.3,0.093587875,196.336,26.37,188.51,0.2894182,0.52,11.45,0.10564091,12.4,0.25791818,0.19375,-1.6126539749176412,1.25,114.46605,226,243,"5/8/24, 12:00 AM",DUMKA,207,2024-12-31,4.96,3.6432247,372,368,402,390,2.2383442,2024-01-01,30.278399999999998,Kandhara,"{""geodesic"":false,""type"":""Point"",""coordinates"":[87.2967072589879,24.491802653527255]}"
780_0,0.44,0.056049254,0.99,0.42,25.8,0.07905373,202.272,14.26,194.11,0.25919253,0.47,18.52,0.078602985,13.32,0.24558358,0.15726417,-1.9680596215639334,1.72,106.8746,228,245,"5/8/24, 12:00 AM",DUMKA,195,2024-12-31,5.44,3.6432247,374,370,397,386,3.1918745,2024-01-01,30.278399999999998,Dhobni,"{""geodesic"":false,""type"":""Point"",""coordinates"":[87.29886321566978,24.492341642697724]}"
781_0,0.49,0.083377615,1.58,0.46,25.6,0.11898657,229.936,32.12,275.48,0.29789552,0.24,13.489999999999991,0.16891642,13.02,0.38660598,0.3090597,-0.31517338872547235,1.92,90.0,223,243,"5/10/24, 12:00 AM",DUMKA,186,2024-12-31,5.34,3.6915154,378,367,399,389,3.0555687,2024-01-01,30.31108108108108,Kusbana,"{""geodesic"":false,""type"":""Point"",""coordinates"":[87.30506159113021,24.52791492794886]}"
782_0,0.24,0.08705113,4.44,1.09,95,0.102068424,170,9.16,202,0.26143533,0.39,7.27,0.11096466,14,0.25383234,0.19377969,-1.8185245918151687,0.06,47.665546,216,227,"3/19/24, 12:00 AM",DUMKA,173,2024-12-31,5.23,3.5455499,384,385,401,388,2.752298,2024-01-01,30.253526315789475,Khairbani,"{""geodesic"":false,""type"":""Point"",""coordinates"":[87.3937253096728,24.351934963789844]}"
783_0,0.85,0.07328611,1.33,0.47,27.8,0.09494722,30.2,14.06,162,0.28145,0.47,13.3,0.101219445,15,0.2694611,0.18685,-1.1249964103813535,2.34,312.34164,219,218,"4/6/24, 12:00 AM",DUMKA,126,2024-12-31,5.02,3.6352136,423,432,358,349,1.3767537,2024-01-01,30.252444444444443,Kanaidih,"{""geodesic"":false,""type"":""Point"",""coordinates"":[87.48050256611876,24.320134602732015]}"
784_0,0.54,0.067462966,1.95,0.52,22.4,0.08130593,37.1,8.96,189,0.22128,0.31,10.3,0.088533334,14,0.21035926,0.15187408,-2.235375821895102,0.46,102.82705,204,209,"3/31/24, 12:00 AM",DUMKA,211,2024-12-31,5.6,3.5455499,415,410,380,382,4.1703405,2024-01-01,30.23217647058823,Bamerjhanti,"{""geodesic"":false,""type"":""Point"",""coordinates"":[87.37944209665531,24.388855721967158]}"
785_0,0.48,0.072927535,3.1241,0.63,10.150000000000006,0.09588551,129.12,29.24,278,0.31843624,0.67,6.94,0.08748696,13.46,0.23496522,0.15085797,-1.513355329749856,1.35,90.0,227,245,"7/23/24, 12:00 AM",DUMKA,236,2024-12-31,4.949999999999999,3.5200946,423,412,349,343,2.032187,2024-01-01,30.28605882352941,Kapsio,"{""geodesic"":false,""type"":""Point"",""coordinates"":[86.94690328735176,24.1584378515905]}"
786_0,0.39,0.066427775,2.68,0.47,38.62,0.0976,100.11,9.26,361,0.2629389,0.63,18.51,0.112569444,8.97,0.3027861,0.21579167,3.9983976542973063,0.46,-0.0,238,256,"5/29/24, 12:00 AM",DUMKA,205,2024-12-31,5.42,3.3526697,386,375,376,369,0.0,2024-01-01,30.24216666666667,Matihara,"{""geodesic"":false,""type"":""Point"",""coordinates"":[86.96064751119879,24.573190018268484]}"
787_0,0.49,0.07148944,6.88,0.71,45.62,0.09180634,101.26,7.24,248,0.25772464,0.59,13.08,0.09325634,8.97,0.26501268,0.18038099,1.215519033412195,0.78,180.0,232,252,"5/18/24, 12:00 AM",DUMKA,166,2024-12-31,5.51,3.6050391,344,336,424,411,1.8543341,2024-01-01,30.198457142857148,Katariya,"{""geodesic"":false,""type"":""Point"",""coordinates"":[87.16734985807469,24.393976119086638]}"
788_0,0.99,0.09469296,2.45,0.5,27.15,0.10938169,129.12,16.97,225,0.26491973,0.76,9.39,0.11667887,21.47,0.25873804,0.18184225,-0.7291531041423517,0.72,-0.0,185,194,"6/29/24, 12:00 AM",DUMKA,149,2024-12-31,5.37,3.6011982,366,365,449,441,0.92740995,2024-01-01,30.21707692307692,Beharabank,"{""geodesic"":false,""type"":""Point"",""coordinates"":[87.29239534562413,24.236052292138428]}"
789_0,0.78,0.07026389,5.35,0.93,93.26,0.10253333,145.34,10.15,384,0.2904639,0.69,16.96,0.124075,16.67,0.33273888,0.23813055,-0.13126558694684873,1.79,90.0,210,226,"5/28/24, 12:00 AM",DUMKA,250,2024-12-31,4.72,3.3341472,412,401,377,373,3.053133,2024-01-01,30.22308571428571,Raja Semaria,"{""geodesic"":false,""type"":""Point"",""coordinates"":[86.92210978551006,24.427123953070648]}"
790_0,1.39,0.084232844,3.39,0.63,9.88,0.12480145,139.14,16.96,239,0.2937367,0.67,9.94,0.14700432,8.97,0.29500073,0.20478201,-0.2242189638957377,0.45,294.49164,232,243,"5/18/24, 12:00 AM",DUMKA,168,2024-12-31,4.95,3.5169094,384,383,384,374,2.2361522,2024-01-01,30.253588235294128,Chiknia,"{""geodesic"":false,""type"":""Point"",""coordinates"":[87.14632928042629,24.342233158721353]}"
791_0,0.26,0.070671126,5.12,0.89,64.26,0.0855162,119.57,19.08,258,0.24266902,0.49,9.39,0.07021972,8.97,0.18477324,0.11331338,-1.1357098024628407,0.45,180.0,231,247,"5/19/24, 12:00 AM",DUMKA,158,2024-12-31,5.31,3.6050391,345,341,424,411,2.7802885,2024-01-01,30.183257142857137,Jamogori,"{""geodesic"":false,""type"":""Point"",""coordinates"":[87.1832500386036,24.377267454802016]}"
792_0,0.48,0.06843428,5.9,0.43,54.66,0.09983715,110.3,7.29,147,0.2688343,0.75,19.03,0.11143143,14,0.2818857,0.19722857,0.9674980520193587,0.88,90.0,217,232,"4/30/24, 12:00 AM",DUMKA,257,2024-12-31,5.53,3.3341472,421,410,362,358,2.036336,2024-01-01,30.27477777777777,Karma,"{""geodesic"":false,""type"":""Point"",""coordinates"":[86.91402494795298,24.417422148002156]}"
793_0,0.36,0.07078955,0.85,0.48,21.45,0.09907015,153.28,25.64,279.2,0.2703791,0.49,14.23,0.11436418,9.42,0.31408957,0.22682537,-1.820254815672393,1.27,47.697697,223,242,"5/7/24, 12:00 AM",DUMKA,193,2024-12-31,5.12,3.6432247,381,375,396,384,2.753992,2024-01-01,30.278399999999998,Dudhua,"{""geodesic"":false,""type"":""Point"",""coordinates"":[87.29994119401073,24.494228104794377]}"
794_0,0.4,0.101878874,2.53,0.56,26.55,0.14194225,216.72,20.69,288.51,0.28252113,0.42,13.02,0.18709718,10.48,0.346631,0.2539873,-2.65510176411984,0.75,28.791977,210,236,"5/8/24, 12:00 AM",DUMKA,205,2024-12-31,5.14,3.6155806,417,405,373,360,6.324157,2024-01-01,30.23738888888889,Bauria,"{""geodesic"":false,""type"":""Point"",""coordinates"":[87.16384642846663,24.52252503624414]}"
795_0,0.52,0.070722856,1.48,0.42,20.8,0.09160857,205.184,26.38,263.42,0.25901714,0.23,15.42,0.101012856,10.42,0.27349427,0.18850286,-1.4228516485465035,0.84,33.406246,222,237,"5/10/24, 12:00 AM",DUMKA,199,2024-12-31,5.36,3.6915154,371,363,408,399,5.537939,2024-01-01,30.29627027027027,Kusbana,"{""geodesic"":false,""type"":""Point"",""coordinates"":[87.30209715069262,24.53168785214216]}"
796_0,0.72,0.06587164,7.13,0.58,19.82,0.0912597,169.6,12.77,236,0.2539612,0.69,11.65,0.12055672,18.67,0.314903,0.23256418,-1.5562227538864057,2.77,151.21332,225,243,"5/14/24, 12:00 AM",DUMKA,193,2024-12-31,5.73,3.6808677,378,371,397,385,2.1155858,2024-01-01,30.278399999999998,Kusmaha,"{""geodesic"":false,""type"":""Point"",""coordinates"":[87.30155816152214,24.495036588550086]}"
797_0,0.33,0.048111767,1.29,0.46,31.6,0.06575441,175.616,26.48,304.28,0.23903823,0.45,15.986879999999998,0.05972647,10.47,0.18683529,0.11235588,-1.8927750056542734,0.36,159.88145,231,246,"5/7/24, 12:00 AM",DUMKA,187,2024-12-31,5.44,3.6808677,367,363,403,391,2.9606457,2024-01-01,30.278399999999998,Susania,"{""geodesic"":false,""type"":""Point"",""coordinates"":[87.30883451532351,24.499617996499094]}"
798_0,0.36,0.07748508,4.9,0.59,35,0.10205821,207,14.16,218,0.26609254,0.34,13.2,0.11523283,12,0.27754328,0.20222835,-2.2257272197580615,1.15,132.30211,211,227,"3/22/24, 12:00 AM",DUMKA,198,2024-12-31,4.91,3.6432247,368,359,421,414,4.127035,2024-01-01,30.2688,Harwa Dangal,"{""geodesic"":false,""type"":""Point"",""coordinates"":[87.265984876271,24.495036588550086]}"
799_0,0.36,0.07727971,0.84,0.45,29.4,0.093897104,225.568,26.33,249.51,0.23712464,0.49,12.22,0.099155076,13.22,0.24509421,0.1795971,-2.08126764888086,0.65,121.236534,222,237,"5/10/24, 12:00 AM",DUMKA,206,2024-12-31,5.13,3.6915154,371,363,408,399,3.5724573,2024-01-01,30.29627027027027,Mathtola,"{""geodesic"":false,""type"":""Point"",""coordinates"":[87.3004801831812,24.530609873801218]}"
801_0,0.34,0.072831884,5.12,0.73,64.26,0.11546475,100.12,19.08,245,0.25770646,0.37,22.35,0.12546402,9.47,0.30321655,0.2259741,-2.4009402010599104,0.78,235.65395,232,246,"5/22/24, 12:00 AM",DUMKA,144,2024-12-31,5.05,3.5413055,374,370,394,383,4.9196754,2024-01-01,30.26857142857143,Astajora,"{""geodesic"":false,""type"":""Point"",""coordinates"":[87.36300292695591,24.340885685795175]}"
802_0,0.46,0.07438813,5.35,0.87,93.26,0.10647203,145.34,10.15,384,0.25776103,0.89,16.96,0.12069661,21.47,0.25984237,0.18938136,4.225723615599451,2.11,47.678707,226,243,"6/10/24, 12:00 AM",DUMKA,231,2024-12-31,5.39,3.4005349,395,381,379,376,2.7529912,2024-01-01,30.234400000000004,Barmasa,"{""geodesic"":false,""type"":""Point"",""coordinates"":[86.96927133792633,24.410415288786027]}"
803_0,0.42,0.07438813,4,0.87,93.26,0.10647203,145.34,10.15,384,0.25776103,0.89,16.96,0.12069661,16.67,0.25984237,0.18938136,4.225723615599451,0.34,47.678707,226,243,"6/6/24, 12:00 AM",DUMKA,231,2024-12-31,5.39,3.4005349,395,381,379,376,2.7529912,2024-01-01,30.234400000000004,Chadna,"{""geodesic"":false,""type"":""Point"",""coordinates"":[86.96927133792633,24.410415288786027]}"
804_0,0.81,0.07026389,4.12,0.95,82.16,0.10253333,126.33,4.158,389,0.2904639,0.59,14.51,0.124075,13.87,0.33273888,0.23813055,-0.13126558694684873,3.14,90.0,210,226,"5/28/24, 12:00 AM",DUMKA,250,2024-12-31,5.52,3.3341472,412,401,377,373,3.053133,2024-01-01,30.22308571428571,Raja Semaria,"{""geodesic"":false,""type"":""Point"",""coordinates"":[86.92210978551006,24.427123953070648]}"
805_0,0.52,0.089805715,2.76,0.97,24.5,0.11609,15.4,8.65,193,0.2754443,0.51,12.4,0.12987286,15,0.28601,0.20355572,4.750583052283919,0.35,180.0,202,222,"3/31/24, 12:00 AM",DUMKA,139,2024-12-31,5.03,3.6352136,428,424,370,354,0.92740995,2024-01-01,30.179941176470592,Joram,"{""geodesic"":false,""type"":""Point"",""coordinates"":[87.49047386577247,24.343580631647534]}"
806_0,0.5,0.07001286,2.68,0.45,32.5,0.09870572,142.91199999999998,21.45,269.7,0.27446714,0.41,19.85,0.112192854,12.42,0.24889,0.17472428,-2.1540786423896914,0.9,344.63504,208,233,"5/8/24, 12:00 AM",DUMKA,212,2024-12-31,5.28,3.6155806,406,395,386,372,3.8417144,2024-01-01,30.23738888888889,Bauria,"{""geodesic"":false,""type"":""Point"",""coordinates"":[87.1689668255861,24.52333351999985]}"
807_0,0.81,0.078768656,5.71,0.27,60.54,0.100368656,153.2,9.85,276,0.26101193,0.56,8.38,0.1081403,15.45,0.27489105,0.20111492,-0.9193937565493857,0.78,245.53256,219,242,"5/10/24, 12:00 AM",DUMKA,178,2024-12-31,5.63,3.5832176,364,355,417,403,2.2382255,2024-01-01,30.28965714285715,Kendkhapra,"{""geodesic"":false,""type"":""Point"",""coordinates"":[87.13258505657926,24.483717815970177]}"
808_0,0.42,0.06999143,2.05,0.42,30.6,0.091825716,213.696,24.15,244.51,0.24365,0.42,15.42,0.100842856,14.22,0.24474715,0.18053,-2.0446587901455078,0.74,36.227814,224,243,"5/9/24, 12:00 AM",DUMKA,178,2024-12-31,5.24,3.4890735,368,362,408,395,3.4451592,2024-01-01,30.223351351351347,Suhoduho,"{""geodesic"":false,""type"":""Point"",""coordinates"":[87.1320460674088,24.500426480254802]}"
809_0,0.59,0.07133572,1.56,0.56,33.4,0.08945572,208.768,24.15,229.12,0.26976427,0.45,18.74,0.08684714,11.42,0.23418428,0.15873,-0.9822513769584504,0.65,58.7574,224,243,"5/9/24, 12:00 AM",DUMKA,177,2024-12-31,5.44,3.4890735,368,362,408,395,3.5718355,2024-01-01,30.223351351351347,Bhorandiha,"{""geodesic"":false,""type"":""Point"",""coordinates"":[87.13231556199402,24.500426480254802]}"
810_0,0.43,0.055715386,1.55,0.46,24.51,0.07947539,159.376,24.26,241.22,0.27859384,0.47,16.85,0.07545538,11.02,0.25921077,0.16232,-1.8202296721038351,1.25,47.697254,226,244,"5/8/24, 12:00 AM",DUMKA,206,2024-12-31,5.38,3.6432247,368,363,406,393,2.753969,2024-01-01,30.277828571428568,Kandhara,"{""geodesic"":false,""type"":""Point"",""coordinates"":[87.29589877523219,24.492341642697724]}"
811_0,0.25,0.083377615,0.81,0.42,31.6,0.11898657,175.168,22.43,288.31,0.29789552,0.41,18.180000000000003,0.16891642,13.42,0.38660598,0.3090597,-0.31517338872547235,1.05,90.0,223,243,"5/10/24, 12:00 AM",DUMKA,186,2024-12-31,5.09,3.6915154,378,367,399,389,3.0555687,2024-01-01,30.31108108108108,Kusbana,"{""geodesic"":false,""type"":""Point"",""coordinates"":[87.30506159113021,24.52791492794886]}"
812_0,0.45,0.07511515,5.89,0.45,38.26,0.10462121,101.26,13.2,354,0.30784696,0.61,12.39,0.12148788,9.34,0.33083335,0.22949395,-0.7289173681585238,1.87,-0.0,201,224,"7/16/24, 12:00 AM",DUMKA,250,2024-12-31,5.819999999999999,3.6687794,413,396,386,380,0.92740995,2024-01-01,30.29461111111111,Dhawadangal,"{""geodesic"":false,""type"":""Point"",""coordinates"":[86.98247657260289,24.205599404006776]}"
813_0,0.65,0.06466165,3.65,0.52,64.89,0.08545592,128.12,35.2,385,0.23865126,0.59,19.15,0.0857785,16.46,0.21919534,0.14924732,-0.43003436363698305,0.45,278.62994,215,227,"6/24/24, 12:00 AM",DUMKA,196,2024-12-31,5.83,3.502762,389,381,396,392,6.1573195,2024-01-01,30.25016666666667,Kherwa,"{""geodesic"":false,""type"":""Point"",""coordinates"":[87.0652114102703,24.408528826689373]}"
814_0,0.62,0.07470853,2.45,0.63,38.34,0.10017372,115.31,37.6,376,0.2764983,0.48,15.08,0.10527406,9.47,0.265528,0.18217508,2.4850018137680703,0.49,132.32399,217,233,"6/22/24, 12:00 AM",DUMKA,205,2024-12-31,5.71,3.5921476,413,402,370,366,1.3772193,2024-01-01,30.2712,Kherwa,"{""geodesic"":false,""type"":""Point"",""coordinates"":[87.0547011214461,24.398288032450413]}"
815_0,0.45,0.07407879,5.09,0.59,50.56,0.09252576,165.01,16.9674,368,0.27535304,0.42,17.23,0.088807575,18.48,0.25559393,0.1707591,-1.5394377167408442,2.2,257.15503,201,224,"7/23/24, 12:00 AM",DUMKA,250,2024-12-31,5.81,3.6687794,413,396,386,380,4.1646376,2024-01-01,30.29461111111111,Khutojori,"{""geodesic"":false,""type"":""Point"",""coordinates"":[86.98193758343241,24.205599404006776]}"
816_0,0.19,0.111275,3.75,0.55,38.45,0.14641428,150.06,14.99,284,0.32747164,0.59,6.47,0.21798226,12.49,0.38704255,0.3087319,-1.125224581631625,0.46,312.33734,237,249,"5/17/24, 12:00 AM",DUMKA,173,2024-12-31,5.47,3.5169094,380,379,383,372,1.3768675,2024-01-01,30.246941176470592,Palasi,"{""geodesic"":false,""type"":""Point"",""coordinates"":[87.14605978584105,24.33926871828376]}"
817_0,0.23,0.09553813,5.24,0.41,57.82,0.12654461,113.29,6.36,318,0.29349136,0.57,11.36,0.1465367,9.47,0.35677913,0.27524534,-0.0261236947150182,0.65,312.3464,205,231,"5/16/24, 12:00 AM",DUMKA,176,2024-12-31,5.61,3.5056844,392,386,403,383,1.3766286,2024-01-01,30.245722222222216,Simra,"{""geodesic"":false,""type"":""Point"",""coordinates"":[87.06655888319648,24.298844530498382]}"
818_0,0.45,0.07822558,2.15,0.59,35.81,0.108055815,98.63,17.12,281,0.30402443,0.71,9.28,0.12472093,16.46,0.27956396,0.19967471,-1.9692593630382542,0.62,73.13546,224,239,"5/28/24, 12:00 AM",DUMKA,224,2024-12-31,5.58,3.3526697,396,389,380,372,3.1937208,2024-01-01,30.273714285714284,Babupur,"{""geodesic"":false,""type"":""Point"",""coordinates"":[86.99999372064322,24.571573050757067]}"
819_0,0.34,0.08296216,2.44,0.47,40.6,0.10386757,126.33,13.63,276,0.20239459,0.81,8.38,0.11601081,15.49,0.23023243,0.18258108,-0.7315369605483989,0.81,-0.0,236,248,"5/22/24, 12:00 AM",DUMKA,236,2024-12-31,5.14,3.330229,395,387,369,366,0.92740995,2024-01-01,30.252742857142852,Babupur,"{""geodesic"":false,""type"":""Point"",""coordinates"":[86.94986772778935,24.54219814096636]}"
820_0,0.36,0.057567626,5.78,0.46,59.83,0.08393022,100.11,11.26,262,0.29234603,0.39,6.31,0.08497698,15.47,0.25411296,0.16484532,-2.077626361372837,0.85,238.70953,202,218,"5/17/24, 12:00 AM",DUMKA,213,2024-12-31,5.58,3.5056844,399,388,399,394,3.5669372,2024-01-01,30.214628571428577,Kundadih,"{""geodesic"":false,""type"":""Point"",""coordinates"":[87.06709787236694,24.26246276149154]}"
821_0,0.45,0.116297185,2.12,0.89,39.71,0.1342169,118.47,0.76,246,0.20206197,0.38,9.62,0.14727043,13.46,0.23329858,0.19986902,-1.6123912689361493,1.18,245.53076,231,248,"5/15/24, 12:00 AM",DUMKA,163,2024-12-31,6.1,3.5832176,371,369,397,383,2.2380702,2024-01-01,30.263470588235304,Majhdiha,"{""geodesic"":false,""type"":""Point"",""coordinates"":[87.13150707823831,24.472938032560744]}"
822_0,0.81,0.098462686,3.56,0.35,40.42,0.117738806,118.47,11.73,235,0.20463881,0.35,9.31,0.14948657,13.65,0.2898567,0.2537,-0.8210381457592124,2.42,90.0,195,212,"7/23/24, 12:00 AM",DUMKA,258,2024-12-31,4.989999999999999,3.6687794,435,422,370,366,1.0168358,2024-01-01,30.310666666666677,Karmatanr,"{""geodesic"":false,""type"":""Point"",""coordinates"":[86.97627819714246,24.21125879029673]}"
823_0,0.76,0.08195,2.87,0.52,74.09,0.10840758,118.47,20.3432436,267,0.2686015,0.56,11.54,0.13164394,13.87,0.32693332,0.24117728,2.38640823665869,0.46,200.07558,203,225,"7/22/24, 12:00 AM",DUMKA,243,2024-12-31,5.73,3.6687794,413,396,385,379,2.959835,2024-01-01,30.280722222222224,Dhawadangal,"{""geodesic"":false,""type"":""Point"",""coordinates"":[86.98005112133576,24.205599404006776]}"
824_0,0.29,0.06825833,2.54,0.12,96.58,0.09345555,130,21.5,125,0.26189166,0.06,24.62,0.10245556,11,0.2619,0.19182777,-1.4242392875619259,0.77,180.0,234,246,"3/24/24, 12:00 AM",DUMKA,231,2024-12-31,4.4,3.2468905,372,363,394,391,1.8543341,2024-01-01,30.27661111111111,Baspuriya,"{""geodesic"":false,""type"":""Point"",""coordinates"":[86.94366935232893,24.48560427806683]}"
825_0,0.45,0.0521,1.64,0.46,26.1,0.07527429,145.34,12.36,232,0.25792572,0.39,8.72,0.07788857,12.49,0.24190858,0.1648,-2.9597087704603102,0.81,288.84482,231,245,"6/24/24, 12:00 AM",DUMKA,239,2024-12-31,5.58,3.2468905,389,379,380,376,8.55026,2024-01-01,30.278500000000008,Gadi Kamardiha,"{""geodesic"":false,""type"":""Point"",""coordinates"":[86.94393884691416,24.47590247299834]}"
826_0,0.81,0.06118108,4.12,0.98,82.16,0.08812973,126.33,19.27,389,0.24451081,0.85,14.51,0.09585405,8.46,0.26112163,0.18533513,2.5265350728734144,0.85,-0.0,238,252,"5/29/24, 12:00 AM",DUMKA,224,2024-12-31,5.02,3.330229,380,377,382,371,1.8543341,2024-01-01,30.26165714285714,Barhait,"{""geodesic"":false,""type"":""Point"",""coordinates"":[86.94690328735176,24.545701570574426]}"
827_0,0.81,0.08510743,5.62,0.32,42.32,0.1127777,175.53,15.47,277,0.2699243,0.51,11.06,0.11935338,11.57,0.27878514,0.20205203,-1.1280208006214292,0.41,312.2852,242,254,"5/29/24, 12:00 AM",DUMKA,197,2024-12-31,4.73,3.184141,373,366,385,380,1.3782438,2024-01-01,30.290222222222226,Kordiha,"{""geodesic"":false,""type"":""Point"",""coordinates"":[87.0261346954111,24.56941709407518]}"
828_0,0.54,0.072233334,2.68,0.47,38.62,0.10138889,100.11,9,361,0.23946944,0.63,18.51,0.12149444,18.67,0.28031388,0.213875,-1.4247709119948841,0.39,180.0,230,244,"5/29/24, 12:00 AM",DUMKA,232,2024-12-31,5.42,3.2510781,390,384,380,372,1.8543341,2024-01-01,30.25885714285715,Baija,"{""geodesic"":false,""type"":""Point"",""coordinates"":[86.94420834149939,24.552977924375792]}"
829_0,0.13,0.080272466,4.07,0.25,61.33,0.09597971,76.12,20.66,230,0.24010715,0.59,16.15,0.14032714,18.67,0.2573857,0.20678571,-0.8216481222193777,0.8,90.0,194,206,"7/12/24, 12:00 AM",DUMKA,164,2024-12-31,5.79,3.5459766,452,451,354,343,1.0171509,2024-01-01,30.18441176470589,Kurumpahari,"{""geodesic"":false,""type"":""Point"",""coordinates"":[87.36327242154115,24.2508744943264]}"
830_0,0.34,0.08459296,2.89,0.29,44.57,0.15325417,107.89,31.06,264,0.29433194,0.56,9.39,0.15955555,8.67,0.3145486,0.22114861,0.8798089962084092,0.48,-0.0,226,240,"5/16/24, 12:00 AM",DUMKA,167,2024-12-31,5.27,3.4328725,393,392,381,368,1.8543341,2024-01-01,30.22142857142857,Mahulbana,"{""geodesic"":false,""type"":""Point"",""coordinates"":[87.14174787247728,24.299383519668854]}"
831_0,0.45,0.09306364,2.45,0.42,38.34,0.12743637,115.31,37.6,376,0.26871818,0.56,15.08,0.1782697,8.67,0.34317878,0.27039394,-2.2487026013718676,0.23,331.22653,226,241,"6/18/24, 12:00 AM",DUMKA,252,2024-12-31,5.04,3.3341472,403,390,371,369,4.224885,2024-01-01,30.214166666666667,Amba,"{""geodesic"":false,""type"":""Point"",""coordinates"":[86.94178289023228,24.426045974729703]}"
832_0,0.45,0.09625278,3.39,0.63,9.88,0.13378888,139.14,2.202,239,0.31166112,0.67,9.94,0.18215278,8.97,0.38851112,0.30034444,-2.2247959859210047,1.39,132.31941,217,235,"5/27/24, 12:00 AM",DUMKA,256,2024-12-31,4.95,3.3341472,420,406,364,359,4.1256714,2024-01-01,30.249085714285716,Raja Semaria,"{""geodesic"":false,""type"":""Point"",""coordinates"":[86.91698938839058,24.4185001263431]}"
833_0,0.39,0.070671126,5.12,0.48,64.26,0.0855162,119.57,19.08,258,0.24266902,0.57,9.39,0.07021972,16.67,0.18477324,0.11331338,-1.1357098024628407,0.48,180.0,231,247,"5/19/24, 12:00 AM",DUMKA,158,2024-12-31,5.61,3.6050391,345,341,424,411,2.7802885,2024-01-01,30.183257142857137,Jamogori,"{""geodesic"":false,""type"":""Point"",""coordinates"":[87.1832500386036,24.377267454802016]}"
834_0,1.08,0.116929166,4.02,0.53,47.55,0.13068472,100.11,17.26,204,0.30518332,0.37,12.23,0.136,12.49,0.3075125,0.209125,-1.5535114107109351,0.58,151.2672,204,214,"6/29/24, 12:00 AM",DUMKA,135,2024-12-31,4.52,3.6011982,400,395,397,390,2.1144953,2024-01-01,30.131658536585363,Beharabank,"{""geodesic"":false,""type"":""Point"",""coordinates"":[87.27784263802138,24.212875757808142]}"
835_0,0.43,0.074842855,5.89,0.87,38.26,0.09370285,101.26,13.2,354,0.26014,0.61,12.39,0.09118,9.47,0.25866428,0.17988715,0.8700023105096095,1.13,106.915085,210,219,"7/23/24, 12:00 AM",DUMKA,166,2024-12-31,5.51,3.46991,386,383,405,398,3.1844735,2024-01-01,30.216628571428576,Jhilua,"{""geodesic"":false,""type"":""Point"",""coordinates"":[87.16923632017134,24.170295613340876]}"
836_0,0.27,0.07001286,2.06,0.54,29.3,0.09870572,216.608,32.05,201.06,0.27446714,0.51,12.12,0.112192854,10.48,0.24889,0.17472428,-2.1540786423896914,0.75,344.63504,208,233,"5/8/24, 12:00 AM",DUMKA,212,2024-12-31,5.47,3.6155806,406,395,386,372,3.8417144,2024-01-01,30.23738888888889,Bauria,"{""geodesic"":false,""type"":""Point"",""coordinates"":[87.1689668255861,24.52333351999985]}"
837_0,0.42,0.06999143,1.96,0.52,29.5,0.091825716,183.12,32.56,267.32,0.24365,0.43,16.33,0.100842856,13.635,0.24474715,0.18053,-2.0446587901455078,0.61,36.227814,224,243,"5/9/24, 12:00 AM",DUMKA,178,2024-12-31,5.41,3.4890735,368,362,408,395,3.4451592,2024-01-01,30.223351351351347,Suhoduho,"{""geodesic"":false,""type"":""Point"",""coordinates"":[87.1320460674088,24.500426480254802]}"
838_0,0.31,0.06337385,2.34,0.49,25.3,0.090607695,225.792,26.35,213.22,0.26885384,0.49,12.22,0.09732154,14.22,0.27330154,0.18264154,-1.6834469514504509,1.65,140.5064,226,243,"5/10/24, 12:00 AM",DUMKA,197,2024-12-31,5.41,3.6432247,372,368,402,390,4.7963133,2024-01-01,30.258222222222223,Tharikhasia,"{""geodesic"":false,""type"":""Point"",""coordinates"":[87.2967072589879,24.490455180601074]}"
839_0,0.47,0.07314776,0.56,0.58,23.5,0.10279403,175.42,25.28,320.11,0.27261493,0.47,16.85,0.13466418,13.64,0.34435374,0.25342387,-2.4289231895923367,0.48,23.728357,223,242,"5/7/24, 12:00 AM",DUMKA,191,2024-12-31,4.8,3.6432247,381,375,396,384,5.0525527,2024-01-01,30.278399999999998,Susania,"{""geodesic"":false,""type"":""Point"",""coordinates"":[87.29994119401073,24.494497599379613]}"
840_0,0.37,0.07206383,7.01,0.42,43.42,0.10448369,76.34,22.32,243,0.2694404,0.59,4.36,0.12408936,9.34,0.29950213,0.22201985,0.1857969410441048,1.08,180.0,228,243,"6/10/24, 12:00 AM",DUMKA,233,2024-12-31,5.39,3.4005349,389,377,384,379,1.8543341,2024-01-01,30.26283333333334,Tilauna,"{""geodesic"":false,""type"":""Point"",""coordinates"":[86.98436303469954,24.407450848348432]}"
841_0,0.48,0.053561863,4.56,0.72,60.34,0.07173051,118.47,0.862,248,0.23290677,0.47,6.39,0.06597712,11.57,0.20210339,0.1300678,4.225723615599451,2.17,47.678707,222,240,"6/10/24, 12:00 AM",DUMKA,231,2024-12-31,5.72,3.4005349,393,379,385,382,2.7529912,2024-01-01,30.234400000000004,Barmasa,"{""geodesic"":false,""type"":""Point"",""coordinates"":[86.96927133792633,24.41014579420079]}"
842_0,0.47,0.082153626,2.78,0.93,63.27,0.11295217,106.77,19.63,358,0.24689999,0.69,13.37,0.13805218,12.49,0.2974942,0.23068985,3.7467153474888693,0.45,331.20715,227,249,"5/19/24, 12:00 AM",DUMKA,172,2024-12-31,4.72,3.4890735,385,376,388,375,2.1157105,2024-01-01,30.27268571428571,Machadih,"{""geodesic"":false,""type"":""Point"",""coordinates"":[87.11587639229464,24.526836949607915]}"
843_0,0.65,0.088262856,3.1,0.26,80.17,0.1304695,75.12,4.12,160,0.2783064,0.69,15.02,0.14203689,14,0.301961,0.21861774,1.1769810643817196,3.18,132.3305,212,237,"4/30/24, 12:00 AM",DUMKA,169,2024-12-31,4.26,3.58974,366,356,422,406,1.3770474,2024-01-01,30.25055555555555,Kadarjoria,"{""geodesic"":false,""type"":""Point"",""coordinates"":[87.11587639229464,24.369452111830174]}"
844_0,0.42,0.06812222,1.41,0.51,28.1,0.09210555,192.976,31.25,269.7,0.28405833,0.49,15.47,0.09957917,12.42,0.24639028,0.17962083,-0.43434798564146815,1.26,47.70501,218,237,"5/8/24, 12:00 AM",DUMKA,207,2024-12-31,5.49,3.6155806,423,416,359,347,1.3779851,2024-01-01,30.23233333333334,Gamharia,"{""geodesic"":false,""type"":""Point"",""coordinates"":[87.1651939013928,24.526297960437443]}"
845_0,0.41,0.06836716,1.67,0.44,29.5,0.09202687,182.42,28.44,301.26,0.24474329,0.41,12.12,0.11689851,14.51,0.3119612,0.22865522,-0.7311715672302302,0.65,-0.0,225,243,"5/7/24, 12:00 AM",DUMKA,197,2024-12-31,4.8,3.6808677,378,371,397,385,0.92740995,2024-01-01,30.278399999999998,Susania,"{""geodesic"":false,""type"":""Point"",""coordinates"":[87.30074967776643,24.495575577720555]}"
846_0,0.34,0.06991176,1.96,0.56,28.2,0.089833826,183.12,24.15,141.2,0.22319706,0.26,18.180000000000003,0.102295585,11.05,0.25371617,0.20324117,-1.1271655634077455,0.83,132.3011,230,245,"5/7/24, 12:00 AM",DUMKA,192,2024-12-31,4.82,3.6808677,364,360,406,395,1.3778235,2024-01-01,30.278399999999998,Susania,"{""geodesic"":false,""type"":""Point"",""coordinates"":[87.3072175478121,24.499348501913857]}"
847_0,0.45,0.08483731,2.45,0.42,38.34,0.1088403,115.31,22.32,376,0.25433433,0.56,15.079999999999998,0.10807463,8.67,0.25043285,0.1798806,-0.8373849908277088,0.23,259.66238,202,224,"7/22/24, 12:00 AM",DUMKA,250,2024-12-31,5.04,3.6687794,420,403,378,372,5.1546164,2024-01-01,30.310666666666677,Dhawadangal,"{""geodesic"":false,""type"":""Point"",""coordinates"":[86.97520021880152,24.210180811955784]}"
848_0,0.45,0.092846766,5.65,0.83,51.57,0.1253741,96.87,15.48,212,0.30108345,0.48,11.36,0.13736115,8.89,0.3098115,0.22791152,-0.43161111247491885,0.75,320.4872,248,261,"5/29/24, 12:00 AM",DUMKA,204,2024-12-31,5.51,3.184141,392,384,360,354,4.7976303,2024-01-01,30.275085714285705,Saraiya,"{""geodesic"":false,""type"":""Point"",""coordinates"":[87.01589390117213,24.57615445870608]}"
849_0,1.13,0.097020864,5.89,0.87,38.26,0.12933813,101.26,13.2,354,0.2918144,0.61,12.39,0.14706546,9.47,0.3179813,0.23874821,-0.30423148883164863,0.43,331.1977,248,261,"5/29/24, 12:00 AM",DUMKA,206,2024-12-31,5.51,3.184141,392,384,360,354,4.22605,2024-01-01,30.275085714285705,Saraiya,"{""geodesic"":false,""type"":""Point"",""coordinates"":[87.01616339575737,24.57615445870608]}"
850_0,0.65,0.097020864,2.78,0.39,63.27,0.12933813,106.77,19.63,358,0.2918144,0.89,13.37,0.14706546,13.87,0.3179813,0.23874821,-0.30423148883164863,0.65,331.1977,248,261,"5/29/24, 12:00 AM",DUMKA,206,2024-12-31,5.64,3.184141,392,384,360,354,4.22605,2024-01-01,30.275085714285705,Saraiya,"{""geodesic"":false,""type"":""Point"",""coordinates"":[87.01616339575737,24.57615445870608]}"
851_0,0.14,0.097020864,3.65,0.45,46.55,0.12933813,96.87,21.01,238,0.2918144,0.69,26.01,0.14706546,7.47,0.3179813,0.23874821,-0.30423148883164863,0.75,331.1977,248,261,"5/29/24, 12:00 AM",DUMKA,206,2024-12-31,5.7,3.184141,392,384,360,354,4.22605,2024-01-01,30.275085714285705,Saraiya,"{""geodesic"":false,""type"":""Point"",""coordinates"":[87.01616339575737,24.57615445870608]}"
852_0,0.45,0.097020864,5.62,0.45,42.32,0.12933813,175.53,15.47,277,0.2918144,0.94,11.06,0.14706546,18.65,0.3179813,0.23874821,-0.30423148883164863,0.75,331.1977,248,261,"5/29/24, 12:00 AM",DUMKA,206,2024-12-31,5.47,3.184141,392,384,360,354,4.22605,2024-01-01,30.275085714285705,Saraiya,"{""geodesic"":false,""type"":""Point"",""coordinates"":[87.01616339575737,24.57615445870608]}"
853_0,1.08,0.097020864,3.86,0.89,54.74,0.12933813,134.07,24.45,278,0.2918144,0.47,18.28,0.14706546,15.45,0.3179813,0.23874821,-0.30423148883164863,0.37,331.1977,248,261,"5/29/24, 12:00 AM",DUMKA,206,2024-12-31,5.46,3.184141,392,384,360,354,4.22605,2024-01-01,30.275085714285705,Saraiya,"{""geodesic"":false,""type"":""Point"",""coordinates"":[87.01616339575737,24.57615445870608]}"
854_0,0.49,0.097020864,2.89,0.87,44.57,0.12933813,107.89,31.06,264,0.2918144,0.37,9.39,0.14706546,7.48,0.3179813,0.23874821,-0.30423148883164863,0.49,331.1977,248,261,"5/29/24, 12:00 AM",DUMKA,206,2024-12-31,5.05,3.184141,392,384,360,354,4.22605,2024-01-01,30.275085714285705,Saraiya,"{""geodesic"":false,""type"":""Point"",""coordinates"":[87.01616339575737,24.57615445870608]}"
855_0,0.34,0.075354055,6.47,0.63,18.31,0.10205946,165.01,17.25,235,0.2298027,0.69,9.31,0.120164864,15.49,0.28590542,0.20901081,-1.9688192788247307,0.46,106.86824,245,255,"5/22/24, 12:00 AM",DUMKA,225,2024-12-31,4.87,3.4973216,386,383,369,362,3.193042,2024-01-01,30.252742857142852,Dondiya,"{""geodesic"":false,""type"":""Point"",""coordinates"":[86.95417964115312,24.542467635551596]}"
856_0,1.35,0.071719445,3.65,0.49,46.55,0.100883335,96.87,21.01,238,0.24712777,0.69,26.01,0.11949167,15.49,0.28081945,0.20923333,-1.556790084961186,0.85,331.2021,230,244,"5/29/24, 12:00 AM",DUMKA,231,2024-12-31,5.52,3.2510781,390,384,380,372,2.1158135,2024-01-01,30.25885714285715,Baija,"{""geodesic"":false,""type"":""Point"",""coordinates"":[86.94420834149939,24.55324741896103]}"
857_0,0.49,0.071719445,4.07,0.42,61.3,0.100883335,76.12,20.66,230,0.24712777,0.61,16.5,0.11949167,8.46,0.28081945,0.20923333,-1.556790084961186,0.78,331.2021,230,244,"5/29/24, 12:00 AM",DUMKA,231,2024-12-31,5.58,3.2510781,390,384,380,372,2.1158135,2024-01-01,30.25885714285715,Baija,"{""geodesic"":false,""type"":""Point"",""coordinates"":[86.94420834149939,24.55324741896103]}"
858_0,0.46,0.08910811,2.2,0.43,45.27,0.113643244,79.12,1.91,213,0.26526216,0.49,11.02,0.1215,14,0.2711135,0.19333243,1.0080195271693222,0.96,28.801027,242,261,"4/24/24, 12:00 AM",DUMKA,209,2024-12-31,5.17,3.3526697,402,391,356,348,2.1158767,2024-01-01,30.24216666666667,Baija,"{""geodesic"":false,""type"":""Point"",""coordinates"":[86.95983902744308,24.56941709407518]}"
859_0,0.41,0.09025946,5.4,0.42,80.21,0.11174324,47.62,1.13,213,0.27447838,0.39,16.98,0.113627024,10,0.27227297,0.18636486,0.5957386656791208,1.12,73.13515,242,261,"4/23/24, 12:00 AM",DUMKA,210,2024-12-31,5.31,3.3526697,402,391,356,348,3.1936626,2024-01-01,30.24216666666667,Baija,"{""geodesic"":false,""type"":""Point"",""coordinates"":[86.95983902744308,24.569147599489945]}"
860_0,0.87,0.06118108,3.3,0.58,9.88,0.08812973,139.14,16.96,239,0.24451081,0.69,9.94,0.09585405,22.78,0.26112163,0.18533513,2.5265350728734144,0.82,-0.0,238,252,"5/29/24, 12:00 AM",DUMKA,224,2024-12-31,5.73,3.330229,380,377,382,371,1.8543341,2024-01-01,30.26165714285714,Barhait,"{""geodesic"":false,""type"":""Point"",""coordinates"":[86.94690328735176,24.545701570574426]}"
861_0,0.78,0.06118108,3.65,0.53,46.55,0.08812973,96.87,21.01,238,0.24451081,0.39,26.01,0.09585405,17.48,0.26112163,0.18533513,2.5265350728734144,0.65,-0.0,238,252,"5/29/24, 12:00 AM",DUMKA,224,2024-12-31,4.68,3.330229,380,377,382,371,1.8543341,2024-01-01,30.26165714285714,Barhait,"{""geodesic"":false,""type"":""Point"",""coordinates"":[86.94690328735176,24.545701570574426]}"
862_0,0.19,0.06118108,1.64,0.58,26.1,0.08812973,145.34,12.36,232,0.24451081,0.26,8.72,0.09585405,14.65,0.26112163,0.18533513,2.5265350728734144,0.46,-0.0,238,252,"5/29/24, 12:00 AM",DUMKA,224,2024-12-31,4.88,3.330229,380,377,382,371,1.8543341,2024-01-01,30.26165714285714,Barhait,"{""geodesic"":false,""type"":""Point"",""coordinates"":[86.94690328735176,24.545701570574426]}"
863_0,0.39,0.06118108,4.03,0.43,90.91,0.08812973,140.56,22.666,342,0.24451081,0.38,8.32,0.09585405,13.87,0.26112163,0.18533513,2.5265350728734144,0.81,-0.0,238,252,"5/29/24, 12:00 AM",DUMKA,224,2024-12-31,5.73,3.330229,380,377,382,371,1.8543341,2024-01-01,30.26165714285714,Barhait,"{""geodesic"":false,""type"":""Point"",""coordinates"":[86.94690328735176,24.545701570574426]}"
864_0,0.99,0.06118108,4.56,0.72,60.35,0.08812973,118.47,9.67,248,0.24451081,0.47,6.39,0.09585405,8.46,0.26112163,0.18533513,2.5265350728734144,0.65,-0.0,238,252,"5/29/24, 12:00 AM",DUMKA,224,2024-12-31,5.72,3.330229,380,377,382,371,1.8543341,2024-01-01,30.26165714285714,Barhait,"{""geodesic"":false,""type"":""Point"",""coordinates"":[86.94690328735176,24.545701570574426]}"
865_0,0.19,0.06118108,5.44,0.65,48.83,0.08812973,129.12,11.42,247,0.24451081,0.59,18.56,0.09585405,13.46,0.26112163,0.18533513,2.5265350728734144,0.57,-0.0,238,252,"5/29/24, 12:00 AM",DUMKA,224,2024-12-31,6.05,3.330229,380,377,382,371,1.8543341,2024-01-01,30.26165714285714,Barhait,"{""geodesic"":false,""type"":""Point"",""coordinates"":[86.94690328735176,24.545701570574426]}"
866_0,0.46,0.06118108,4.92,0.77,90.4,0.08812973,112.4,25.3,239,0.24451081,0.8,17.47,0.09585405,13.46,0.26112163,0.18533513,2.5265350728734144,0.35,-0.0,238,252,"5/29/24, 12:00 AM",DUMKA,224,2024-12-31,5.61,3.330229,380,377,382,371,1.8543341,2024-01-01,30.26165714285714,Barhait,"{""geodesic"":false,""type"":""Point"",""coordinates"":[86.94690328735176,24.545701570574426]}"
867_0,0.56,0.07523889,3.65,0.89,64.89,0.10546111,128.12,25.61,385,0.2592361,0.51,19.15,0.11980833,8.67,0.29103333,0.21755555,3.9098303318261705,0.48,90.0,231,245,"5/29/24, 12:00 AM",DUMKA,225,2024-12-31,5.02,3.2510781,390,383,379,372,1.0195918,2024-01-01,30.25885714285715,Barhait,"{""geodesic"":false,""type"":""Point"",""coordinates"":[86.94528631984033,24.553516913546265]}"
868_0,0.78,0.07197222,2.78,0.93,63.27,0.10141111,106.77,19.63,358,0.258825,0.96,13.37,0.112955555,9.34,0.2818778,0.20505278,-0.7316255849040365,0.52,180.0,231,245,"5/29/24, 12:00 AM",DUMKA,225,2024-12-31,4.72,3.2510781,390,383,379,372,1.8543341,2024-01-01,30.249371428571436,Barhait,"{""geodesic"":false,""type"":""Point"",""coordinates"":[86.94555581442557,24.553516913546265]}"
869_0,0.99,0.080518246,5.23,0.27,42.22,0.110289186,113.29,31.4,265,0.2788196,0.46,6.34,0.118369594,8.46,0.27171013,0.19334324,2.8883684648242105,0.82,132.28552,249,260,"5/28/24, 12:00 AM",DUMKA,193,2024-12-31,5.63,3.184141,379,372,373,368,2.7548778,2024-01-01,30.290222222222226,Chilra,"{""geodesic"":false,""type"":""Point"",""coordinates"":[87.02478722248492,24.568069621149]}"
870_0,0.47,0.080518246,1.5,0.34,52.13,0.110289186,46.87,3.11,179,0.2788196,0.29,16.35,0.118369594,13,0.27171013,0.19334324,2.8883684648242105,0.85,132.28552,249,260,"4/24/24, 12:00 AM",DUMKA,193,2024-12-31,6.31,3.184141,379,372,373,368,2.7548778,2024-01-01,30.290222222222226,Chilra,"{""geodesic"":false,""type"":""Point"",""coordinates"":[87.02478722248492,24.568069621149]}"
871_0,0.26,0.082973756,1.5,0.72,80.07,0.11487589,78.12,5.36,184,0.28743193,0.39,12.3,0.12416525,11,0.27201205,0.1993078,-2.3648456076667026,0.87,192.40308,247,262,"4/21/24, 12:00 AM",DUMKA,205,2024-12-31,6.44,3.184141,384,376,369,362,4.73745,2024-01-01,30.283111111111104,Hararwa,"{""geodesic"":false,""type"":""Point"",""coordinates"":[87.01858884702449,24.574806985779897]}"
872_0,0.23,0.082973756,3.85,0.49,43.42,0.11487589,96.81,22.32,208,0.28743193,0.62,14.6,0.12416525,21.47,0.27201205,0.1993078,-2.3648456076667026,0.57,192.40308,247,262,"5/28/24, 12:00 AM",DUMKA,205,2024-12-31,4.93,3.184141,384,376,369,362,4.73745,2024-01-01,30.283111111111104,Hararwa,"{""geodesic"":false,""type"":""Point"",""coordinates"":[87.01858884702449,24.574806985779897]}"
873_0,0.36,0.082973756,4.21,0.41,57.53,0.11487589,128.12,19.63,225,0.28743193,0.63,9.39,0.12416525,9.47,0.27201205,0.1993078,-2.3648456076667026,0.62,192.40308,247,262,"5/28/24, 12:00 AM",DUMKA,205,2024-12-31,5.13,3.184141,384,376,369,362,4.73745,2024-01-01,30.283111111111104,Hararwa,"{""geodesic"":false,""type"":""Point"",""coordinates"":[87.01858884702449,24.574806985779897]}"
874_0,0.39,0.082973756,6.47,0.63,18.31,0.11487589,165.1,17.26,235,0.28743193,0.69,9.31,0.12416525,18.67,0.27201205,0.1993078,-2.3648456076667026,0.45,192.40308,247,262,"5/28/24, 12:00 AM",DUMKA,205,2024-12-31,4.87,3.184141,384,376,369,362,4.73745,2024-01-01,30.283111111111104,Hararwa,"{""geodesic"":false,""type"":""Point"",""coordinates"":[87.01858884702449,24.574806985779897]}"
875_0,0.81,0.082973756,4.12,0.98,82.16,0.11487589,126.33,19.27,389,0.28743193,0.85,14.51,0.12416525,8.46,0.27201205,0.1993078,-2.3648456076667026,0.85,192.40308,247,262,"5/28/24, 12:00 AM",DUMKA,205,2024-12-31,5.02,3.184141,384,376,369,362,4.73745,2024-01-01,30.283111111111104,Hararwa,"{""geodesic"":false,""type"":""Point"",""coordinates"":[87.01858884702449,24.574806985779897]}"
876_0,0.56,0.082973756,2.12,0.43,45.23,0.11487589,119.57,20.34,263,0.28743193,0.47,18.76,0.12416525,19.58,0.27201205,0.1993078,-2.3648456076667026,0.45,192.40308,247,262,"5/22/24, 12:00 AM",DUMKA,205,2024-12-31,5.69,3.184141,384,376,369,362,4.73745,2024-01-01,30.283111111111104,Hararwa,"{""geodesic"":false,""type"":""Point"",""coordinates"":[87.01858884702449,24.574806985779897]}"
877_0,1.08,0.06139722,6.12,0.61,26.17,0.08964722,76.34,17.26,215,0.24296944,0.69,10.24,0.10555278,15.45,0.27491668,0.19579166,-1.1280404757762497,0.53,227.71506,234,251,"5/29/24, 12:00 AM",DUMKA,211,2024-12-31,5.38,3.3526697,395,384,371,365,1.3782505,2024-01-01,30.24216666666667,Cheharbhenk,"{""geodesic"":false,""type"":""Point"",""coordinates"":[86.95983902744308,24.570495072416126]}"
878_0,0.78,0.06542778,6.03,0.42,29.67,0.09585278,129.12,10.85,244,0.24711667,0.61,16.54,0.114469446,7.47,0.276025,0.19699444,0.8626348252384433,0.85,121.228485,234,251,"5/29/24, 12:00 AM",DUMKA,211,2024-12-31,5.58,3.3526697,395,384,371,365,3.5732825,2024-01-01,30.24216666666667,Cheharbhenk,"{""geodesic"":false,""type"":""Point"",""coordinates"":[86.95983902744308,24.57022557783089]}"
879_0,0.26,0.07090556,5.34,0.58,35.38,0.10102778,140.56,20.34,280,0.23893055,0.73,8.58,0.12268889,7.47,0.29014722,0.22648056,-2.6277591124246866,0.53,138.66331,239,258,"5/28/24, 12:00 AM",DUMKA,214,2024-12-31,5.48,3.3526697,397,386,363,356,6.1525855,2024-01-01,30.24216666666667,Babupur,"{""geodesic"":false,""type"":""Point"",""coordinates"":[86.96037801661355,24.571034061586595]}"
883_0,1.35,0.08510743,6.47,0.63,18.31,0.1127777,165.01,17.25,235,0.2699243,0.69,9.31,0.11935338,14.65,0.27878514,0.20205203,-1.1280208006214292,0.42,312.2852,242,254,"5/29/24, 12:00 AM",DUMKA,197,2024-12-31,4.87,3.184141,373,366,385,380,1.3782438,2024-01-01,30.290222222222226,Kordiha,"{""geodesic"":false,""type"":""Point"",""coordinates"":[87.0261346954111,24.56941709407518]}"
884_0,0.54,0.07546351,5.12,0.89,64.26,0.104656756,119.57,19.08,258,0.26887026,0.49,9.39,0.113310814,8.67,0.25753176,0.18764122,4.839728820509059,0.5,90.0,242,254,"5/29/24, 12:00 AM",DUMKA,194,2024-12-31,5.31,3.184141,373,366,385,380,1.0197115,2024-01-01,30.290222222222226,Kordiha,"{""geodesic"":false,""type"":""Point"",""coordinates"":[87.02586520082586,24.568339115734236]}"
885_0,0.64,0.08462808,4.2,0.24,67.23,0.10627534,115.01,1.59,139,0.2198137,0.62,13.59,0.118073285,15,0.23194246,0.17712535,-0.826845518826055,1.76,270.0,228,242,"4/21/24, 12:00 AM",DUMKA,211,2024-12-31,5.6,3.184141,389,381,383,377,1.01982,2024-01-01,30.293777777777784,Pindra,"{""geodesic"":false,""type"":""Point"",""coordinates"":[87.02263126580303,24.581544350410795]}"
886_0,0.46,0.082973756,5.12,0.89,64.26,0.11487589,119.57,19.08,258,0.28743193,0.49,9.39,0.12416525,12.49,0.27201205,0.1993078,-2.3648456076667026,0.48,192.40308,247,262,"5/22/24, 12:00 AM",DUMKA,205,2024-12-31,5.31,3.184141,384,376,369,362,4.73745,2024-01-01,30.283111111111104,Pindra,"{""geodesic"":false,""type"":""Point"",""coordinates"":[87.01858884702449,24.574806985779897]}"
887_0,0.81,0.05927297,5.35,0.87,93.26,0.084886484,145.34,10.15,384,0.25348377,0.89,16.96,0.091513515,7.47,0.2444,0.17150271,1.5740446404212172,0.35,39.50598,239,248,"5/22/24, 12:00 AM",DUMKA,225,2024-12-31,5.39,3.330229,384,381,377,370,4.7971635,2024-01-01,30.26165714285714,Bhaturia,"{""geodesic"":false,""type"":""Point"",""coordinates"":[86.94663379276652,24.545701570574426]}"
888_0,1.08,0.05927297,2.15,0.59,35.81,0.084886484,98.63,17.12,281,0.25348377,0.71,9.28,0.091513515,21.47,0.2444,0.17150271,1.5740446404212172,0.75,39.50598,239,248,"5/22/24, 12:00 AM",DUMKA,225,2024-12-31,5.58,3.330229,384,381,377,370,4.7971635,2024-01-01,30.26165714285714,Bhaturia,"{""geodesic"":false,""type"":""Point"",""coordinates"":[86.94663379276652,24.545701570574426]}"
889_0,0.45,0.086542,2.35,0.59,38.45,0.11154867,122.34,13.36,254,0.292436,0.47,8.21,0.11441933,12.34,0.29347134,0.20031467,-2.724683286913013,0.35,342.55997,246,258,"5/29/24, 12:00 AM",DUMKA,194,2024-12-31,4.95,3.184141,382,376,372,366,6.7735333,2024-01-01,30.30483333333333,Bhaturia,"{""geodesic"":false,""type"":""Point"",""coordinates"":[87.02370924414397,24.565374675296642]}"
890_0,0.26,0.047937836,6.42,0.27,28.36,0.06948919,118.47,25.33,266,0.2227919,0.81,11.49,0.07409459,15.67,0.24021351,0.16108648,-3.2147251979906057,0.58,213.40846,241,258,"5/22/24, 12:00 AM",DUMKA,224,2024-12-31,4.85,3.4973216,388,380,371,362,10.974569,2024-01-01,30.255485714285715,Jiyajor,"{""geodesic"":false,""type"":""Point"",""coordinates"":[86.95768307076119,24.54219814096636]}"
891_0,0.34,0.047937836,6.11,0.31,47.54,0.06948919,99.68,22.32,274,0.2227919,0.47,6.36,0.07409459,13.65,0.24021351,0.16108648,-3.2147251979906057,0.46,213.40846,241,258,"5/22/24, 12:00 AM",DUMKA,224,2024-12-31,5.07,3.4973216,388,380,371,362,10.974569,2024-01-01,30.255485714285715,Jiyajor,"{""geodesic"":false,""type"":""Point"",""coordinates"":[86.95768307076119,24.54219814096636]}"
892_0,0.81,0.047937836,2.78,0.27,12.77,0.06948919,119.57,30.5,261,0.2227919,0.55,8.2,0.07409459,11.57,0.24021351,0.16108648,-3.2147251979906057,0.39,213.40846,241,258,"5/22/24, 12:00 AM",DUMKA,224,2024-12-31,5.28,3.4973216,388,380,371,362,10.974569,2024-01-01,30.255485714285715,Jiyajor,"{""geodesic"":false,""type"":""Point"",""coordinates"":[86.95768307076119,24.54219814096636]}"
893_0,0.34,0.075354055,5.34,0.42,35.38,0.10205946,140.56,20.34,280,0.2298027,0.85,8.58,0.120164864,15.45,0.28590542,0.20901081,-1.9688192788247307,0.45,106.86824,245,255,"5/22/24, 12:00 AM",DUMKA,225,2024-12-31,4.87,3.4973216,386,383,369,362,3.193042,2024-01-01,30.252742857142852,Jamunia,"{""geodesic"":false,""type"":""Point"",""coordinates"":[86.95417964115312,24.542467635551596]}"
894_0,0.46,0.082973756,2.56,0.55,35.3,0.11487589,129.12,37.42,246,0.28743193,0.48,9.62,0.12416525,15.49,0.27201205,0.1993078,-2.3648456076667026,0.5,192.40308,247,262,"5/28/24, 12:00 AM",DUMKA,205,2024-12-31,5.69,3.184141,384,376,369,362,4.73745,2024-01-01,30.283111111111104,Pinrra,"{""geodesic"":false,""type"":""Point"",""coordinates"":[87.01858884702449,24.574806985779897]}"
895_0,0.34,0.08185834,3.65,0.59,64.89,0.11844166,128.12,25.61,385,0.26780277,0.42,19.15,0.14113055,12.49,0.29964444,0.22368889,-1.519561409031634,0.34,90.0,230,244,"5/29/24, 12:00 AM",DUMKA,227,2024-12-31,5.33,3.2510781,390,384,380,372,2.0385518,2024-01-01,30.25885714285715,Dhawatanr,"{""geodesic"":false,""type"":""Point"",""coordinates"":[86.94366935232893,24.554325397301973]}"
896_0,0.46,0.08185834,2.68,0.96,38.61,0.11844166,100.11,9.26,361,0.26780277,0.67,18.51,0.14113055,13.87,0.29964444,0.22368889,-1.519561409031634,0.46,90.0,230,244,"5/29/24, 12:00 AM",DUMKA,227,2024-12-31,5.13,3.2510781,390,384,380,372,2.0385518,2024-01-01,30.25885714285715,Dhawatanr,"{""geodesic"":false,""type"":""Point"",""coordinates"":[86.94366935232893,24.554325397301973]}"
897_0,0.45,0.073969446,2.87,0.46,74.09,0.10468055,118.47,20.64,267,0.29571944,0.98,11.54,0.11994167,7.48,0.34073612,0.24090834,-2.452128350623327,0.45,100.31015,230,244,"5/29/24, 12:00 AM",DUMKA,230,2024-12-31,4.88,3.2510781,390,384,380,372,5.168133,2024-01-01,30.25885714285715,Dhawatanr,"{""geodesic"":false,""type"":""Point"",""coordinates"":[86.94313036315846,24.554055902716737]}"
898_0,0.65,0.08296216,1.3,0.36,58.25,0.10386757,51.26,5.26,155,0.20239459,0.62,19.03,0.11601081,14,0.23023243,0.18258108,-0.7315369605483989,2.63,-0.0,236,248,"4/21/24, 12:00 AM",DUMKA,236,2024-12-31,5.37,3.330229,395,387,369,366,0.92740995,2024-01-01,30.252742857142852,Parasdah,"{""geodesic"":false,""type"":""Point"",""coordinates"":[86.94986772778935,24.54219814096636]}"
899_0,0.58,0.08186757,1.4,0.24,51.27,0.11295946,80.15,9.32,184,0.29514188,0.72,18.59,0.12105203,14,0.28741217,0.20159933,4.285361306938201,1.45,270.0,242,254,"4/21/24, 12:00 AM",DUMKA,191,2024-12-31,5.67,3.184141,373,366,385,380,1.019707,2024-01-01,30.290222222222226,Dhanwe,"{""geodesic"":false,""type"":""Point"",""coordinates"":[87.02559570624062,24.567800126563764]}"
900_0,0.29,0.08296216,3.1,0.26,80.17,0.10386757,110.3,4.12,160,0.20239459,0.69,15.02,0.11601081,15,0.23023243,0.18258108,-0.7315369605483989,3.18,-0.0,236,248,"4/22/24, 12:00 AM",DUMKA,236,2024-12-31,5.26,3.330229,395,387,369,366,0.92740995,2024-01-01,30.252742857142852,Semariya,"{""geodesic"":false,""type"":""Point"",""coordinates"":[86.94986772778935,24.54219814096636]}"
901_0,0.48,0.08296216,3.3,0.54,99.45,0.10386757,47.62,1.85,162,0.20239459,0.86,15.69,0.11601081,11,0.23023243,0.18258108,-0.7315369605483989,2.33,-0.0,236,248,"4/22/24, 12:00 AM",DUMKA,236,2024-12-31,5.54,3.330229,395,387,369,366,0.92740995,2024-01-01,30.252742857142852,Semariya,"{""geodesic"":false,""type"":""Point"",""coordinates"":[86.94986772778935,24.54219814096636]}"
902_0,0.66,0.08296216,2.4,0.48,88.99,0.10386757,48.63,0.68,159,0.20239459,0.16,18.56,0.11601081,13,0.23023243,0.18258108,-0.7315369605483989,2.06,-0.0,236,248,"4/21/24, 12:00 AM",DUMKA,236,2024-12-31,5.22,3.330229,395,387,369,366,0.92740995,2024-01-01,30.252742857142852,Semariya,"{""geodesic"":false,""type"":""Point"",""coordinates"":[86.94986772778935,24.54219814096636]}"
903_0,1.08,0.06118108,6.59,0.98,41.24,0.08812973,128.12,16.96,262,0.24451081,0.18,6.31,0.09585405,18.48,0.26112163,0.18533513,2.5265350728734144,0.41,-0.0,238,252,"5/29/24, 12:00 AM",DUMKA,224,2024-12-31,5.99,3.330229,380,377,382,371,1.8543341,2024-01-01,30.26165714285714,Saljorabandri,"{""geodesic"":false,""type"":""Point"",""coordinates"":[86.94690328735176,24.545701570574426]}"
904_0,0.26,0.073674284,2.15,0.96,35.81,0.09207143,98.63,17.12,281,0.23681715,0.87,9.28,0.101534285,7.48,0.28981143,0.23925143,-1.611662379187354,0.47,245.5221,221,234,"5/28/24, 12:00 AM",DUMKA,264,2024-12-31,5.13,3.3341472,416,405,363,361,2.2373273,2024-01-01,30.249085714285716,Bamankheta,"{""geodesic"":false,""type"":""Point"",""coordinates"":[86.91968433424293,24.42254254512164]}"
906_0,1.18,0.06825833,3.35,0.41,93.26,0.09968056,145.34,10.15,384,0.26422778,0.59,16,0.11660278,21.47,0.30748335,0.22073612,0.7437375603670312,0.81,47.71562,238,256,"5/29/24, 12:00 AM",DUMKA,205,2024-12-31,5.09,3.3526697,386,375,376,369,2.754938,2024-01-01,30.24216666666667,Matihara,"{""geodesic"":false,""type"":""Point"",""coordinates"":[86.96037801661355,24.573190018268484]}"
907_0,0.14,0.066427775,6.11,0.51,58.62,0.0976,107.89,26.3,368,0.2629389,0.45,17.41,0.112569444,8.46,0.3027861,0.21579167,3.9983976542973063,0.65,-0.0,238,256,"5/29/24, 12:00 AM",DUMKA,205,2024-12-31,5.77,3.3526697,386,375,376,369,0.0,2024-01-01,30.24216666666667,Matihara,"{""geodesic"":false,""type"":""Point"",""coordinates"":[86.96064751119879,24.573190018268484]}"
908_0,0.34,0.066427775,4.88,0.56,36.95,0.0976,114.51,14.5,371,0.2629389,0.37,10.32,0.112569444,17.48,0.3027861,0.21579167,3.9983976542973063,0.54,-0.0,238,256,"5/29/24, 12:00 AM",DUMKA,205,2024-12-31,5.79,3.3526697,386,375,376,369,0.0,2024-01-01,30.24216666666667,Matihara,"{""geodesic"":false,""type"":""Point"",""coordinates"":[86.96064751119879,24.573190018268484]}"
909_0,0.39,0.073674284,3.65,0.78,64.89,0.09207143,128.12,25.92,385,0.23681715,0.83,19.15,0.101534285,8.67,0.28981143,0.23925143,-1.611662379187354,0.65,245.5221,221,234,"5/28/24, 12:00 AM",DUMKA,264,2024-12-31,5.83,3.3341472,416,405,363,361,2.2373273,2024-01-01,30.249085714285716,Amgachhi,"{""geodesic"":false,""type"":""Point"",""coordinates"":[86.91968433424293,24.42254254512164]}"
910_0,0.13,0.07090556,5.35,0.49,93.26,0.10102778,145.34,10.15,384,0.23893055,0.63,16.96,0.12268889,9.47,0.29014722,0.22648056,-2.6277591124246866,0.81,138.66331,239,258,"5/28/24, 12:00 AM",DUMKA,214,2024-12-31,5.45,3.3526697,397,386,363,356,6.1525855,2024-01-01,30.24216666666667,Belodih,"{""geodesic"":false,""type"":""Point"",""coordinates"":[86.96037801661355,24.571034061586595]}"
911_0,0.78,0.06723333,5.62,0.32,42.32,0.09511389,175.53,15.47,277,0.25650278,0.51,11.06,0.10281666,8.89,0.247425,0.17492223,0.8088019042279817,0.45,-0.0,232,247,"5/28/24, 12:00 AM",DUMKA,224,2024-12-31,4.73,3.2510781,386,379,382,374,2.7802885,2024-01-01,30.249371428571436,Mohila,"{""geodesic"":false,""type"":""Point"",""coordinates"":[86.94852025486317,24.555942364813387]}"
912_0,0.54,0.07136757,5.89,0.88,38.26,0.1000054,101.26,13.2,354,0.2602027,0.59,12.39,0.11366757,9.34,0.28225136,0.20225406,-1.055641285302568,0.46,15.367452,225,234,"5/29/24, 12:00 AM",DUMKA,235,2024-12-31,5.62,3.330229,381,377,394,388,3.8417602,2024-01-01,30.251199999999997,Raksa,"{""geodesic"":false,""type"":""Point"",""coordinates"":[86.93666249311279,24.54462359223348]}"
913_0,0.13,0.07270278,5.35,0.49,93.26,0.10313056,145.34,10.15,384,0.25385833,0.63,16.96,0.12067778,9.47,0.28122222,0.20947222,-1.9250140186587672,0.81,90.0,230,244,"5/29/24, 12:00 AM",DUMKA,231,2024-12-31,5.45,3.2510781,390,384,380,372,3.0561898,2024-01-01,30.25885714285715,Raksa,"{""geodesic"":false,""type"":""Point"",""coordinates"":[86.94447783608463,24.55324741896103]}"
914_0,0.45,0.08349257,5.23,0.31,42.22,0.112196624,113.29,31.4,265,0.2695493,0.63,6.34,0.119416215,13.46,0.27704662,0.20102027,-1.4248927101556312,0.78,180.0,242,254,"5/29/24, 12:00 AM",DUMKA,196,2024-12-31,4.95,3.184141,373,366,385,380,1.8543341,2024-01-01,30.290222222222226,Matihani,"{""geodesic"":false,""type"":""Point"",""coordinates"":[87.0261346954111,24.569147599489945]}"
915_0,0.41,0.08689394,3.25,0.65,96.34,0.109039396,113.29,14.2,245,0.2709197,0.38,11.28,0.111881815,22.78,0.2957803,0.21641667,-2.2116631956350075,1.13,90.0,225,246,"5/14/24, 12:00 AM",DUMKA,176,2024-12-31,5.61,3.5832176,365,357,410,396,4.069811,2024-01-01,30.27000000000001,Bandarjori,"{""geodesic"":false,""type"":""Point"",""coordinates"":[87.12881213238596,24.488029729333952]}"
916_0,0.72,0.08897945,2.29,0.89,25.64,0.11046439,150.06,22.32,208,0.26892054,0.47,14.6,0.12241918,13.54,0.27414247,0.19206986,-1.459672898893075,2.2,15.347543,237,243,"5/13/24, 12:00 AM",DUMKA,102,2024-12-31,5.46,3.5241098,411,417,352,341,3.8413947,2024-01-01,30.305542857142864,Jhunjhi,"{""geodesic"":false,""type"":""Point"",""coordinates"":[87.54033036404111,24.373225036023477]}"
917_0,0.45,0.08524658,4.91,0.98,60.37,0.10681096,114.51,8.87,239,0.28372192,0.47,18.21,0.11146165,18.65,0.27765343,0.19154246,-2.441635878444652,1.79,63.15867,237,243,"5/13/24, 12:00 AM",DUMKA,105,2024-12-31,5.58,3.5241098,411,417,352,341,10.162795,2024-01-01,30.305542857142864,Jhunjhi,"{""geodesic"":false,""type"":""Point"",""coordinates"":[87.54006086945587,24.373225036023477]}"
918_0,0.49,0.08969178,2.12,0.87,39.71,0.11356712,128.12,0.76,248,0.30416986,0.37,2.2,0.12099726,17.65,0.3254822,0.22739863,-1.708215396279798,0.14,55.660736,237,243,"5/13/24, 12:00 AM",DUMKA,104,2024-12-31,5.05,3.5241098,411,417,352,341,4.920525,2024-01-01,30.305542857142864,Jhunjhi,"{""geodesic"":false,""type"":""Point"",""coordinates"":[87.54033036404111,24.37295554143824]}"
919_0,0.5,0.116297185,5.24,0.87,57.82,0.1342169,113.29,6.36,212,0.20206197,0.49,11.36,0.14727043,11.57,0.23329858,0.19986902,-1.6123912689361493,2.91,245.53076,231,248,"5/15/24, 12:00 AM",DUMKA,163,2024-12-31,4.87,3.5832176,371,369,397,383,2.2380702,2024-01-01,30.263470588235304,Majhdiha,"{""geodesic"":false,""type"":""Point"",""coordinates"":[87.13150707823831,24.472938032560744]}"
920_0,0.27,0.116297185,1.63,0.48,20.53,0.1342169,213.696,26.33,254.17,0.20206197,0.42,14.75,0.14727043,11.42,0.23329858,0.19986902,-1.6123912689361493,0.65,245.53076,231,248,"5/9/24, 12:00 AM",DUMKA,163,2024-12-31,5.09,3.5832176,371,369,397,383,2.2380702,2024-01-01,30.263470588235304,Majhdiha,"{""geodesic"":false,""type"":""Point"",""coordinates"":[87.13150707823831,24.472938032560744]}"
921_0,0.42,0.116297185,0.89,0.48,25.6,0.1342169,148.512,31.25,211.23,0.20206197,0.42,12.88,0.14727043,12.74,0.23329858,0.19986902,-1.6123912689361493,0.39,245.53076,231,248,"5/9/24, 12:00 AM",DUMKA,163,2024-12-31,5.26,3.5832176,371,369,397,383,2.2380702,2024-01-01,30.263470588235304,Majhdiha,"{""geodesic"":false,""type"":""Point"",""coordinates"":[87.13150707823831,24.472938032560744]}"
922_0,0.23,0.116297185,0.84,0.53,25.6,0.1342169,235.536,32.14,282.24,0.20206197,0.53,12.34,0.14727043,10.24,0.23329858,0.19986902,-1.6123912689361493,0.65,245.53076,231,248,"5/15/24, 12:00 AM",DUMKA,163,2024-12-31,5.23,3.5832176,371,369,397,383,2.2380702,2024-01-01,30.263470588235304,Majhdiha,"{""geodesic"":false,""type"":""Point"",""coordinates"":[87.13150707823831,24.472938032560744]}"
923_0,0.42,0.10759305,2.12,0.43,45.23,0.118147224,119.57,3.178,263,0.25894028,0.47,18.76,0.1243,12.49,0.27459446,0.1929875,-0.7293961737445752,0.39,-0.0,187,199,"6/19/24, 12:00 AM",DUMKA,162,2024-12-31,5.69,3.5459766,426,426,388,375,0.92740995,2024-01-01,30.205833333333334,Baghiya Kusumdih,"{""geodesic"":false,""type"":""Point"",""coordinates"":[87.36300292695591,24.267313664025785]}"
924_0,0.48,0.06322466,3.48,0.82,93.26,0.08579178,130.36,8.05,349,0.28844658,0.25,10.24,0.07678219,16.46,0.24580821,0.15364932,-2.645985865529285,0.36,53.91957,226,237,"5/13/24, 12:00 AM",DUMKA,106,2024-12-31,5.8,3.5241098,422,423,352,341,6.2743998,2024-01-01,30.316499999999994,Machkol,"{""geodesic"":false,""type"":""Point"",""coordinates"":[87.53682693443305,24.375380992705363]}"
925_0,0.52,0.053561863,6.11,0.78,58.62,0.07173051,107.89,26.3,368,0.23290677,0.83,17.41,0.06597712,15.47,0.20210339,0.1300678,4.225723615599451,1.35,47.678707,222,240,"6/6/24, 12:00 AM",DUMKA,231,2024-12-31,5.83,3.4005349,393,379,385,382,2.7529912,2024-01-01,30.234400000000004,Balathar,"{""geodesic"":false,""type"":""Point"",""coordinates"":[86.96927133792633,24.41014579420079]}"
926_0,0.39,0.053561863,5,0.95,8.01,0.07173051,114.51,14.5,371,0.23290677,0.59,10.32,0.06597712,8.89,0.20210339,0.1300678,4.225723615599451,0,47.678707,222,240,"6/6/24, 12:00 AM",DUMKA,231,2024-12-31,5.52,3.4005349,393,379,385,382,2.7529912,2024-01-01,30.234400000000004,Balathar,"{""geodesic"":false,""type"":""Point"",""coordinates"":[86.96927133792633,24.41014579420079]}"
927_0,0.76,0.08094173,2.87,0.49,74.09,0.112460434,118.47,3.436,267,0.2788885,0.65,11.54,0.13511151,14.48,0.32988706,0.24993525,-1.6114220212170158,3.14,65.51929,224,237,"6/29/24, 12:00 AM",DUMKA,233,2024-12-31,5.53,3.4005349,392,383,384,380,2.237087,2024-01-01,30.266333333333325,Balathar,"{""geodesic"":false,""type"":""Point"",""coordinates"":[86.98085960509147,24.40610337542225]}"
928_0,0.8,0.08094173,4.07,0.25,61.33,0.112460434,76.12,20.66,230,0.2788885,0.59,16.15,0.13511151,18.67,0.32988706,0.24993525,-1.6114220212170158,0.13,65.51929,224,237,"5/27/24, 12:00 AM",DUMKA,233,2024-12-31,5.79,3.4005349,392,383,384,380,2.237087,2024-01-01,30.266333333333325,Balathar,"{""geodesic"":false,""type"":""Point"",""coordinates"":[86.98085960509147,24.40610337542225]}"
929_0,0.35,0.07181667,3.25,0.69,96.34,0.101623915,113.29,14.2,245,0.28998116,0.69,11.28,0.12486159,8.97,0.33613986,0.24241957,-1.819177853287869,0.26,132.3223,224,237,"5/27/24, 12:00 AM",DUMKA,233,2024-12-31,5.65,3.4005349,392,383,384,380,2.7529383,2024-01-01,30.26283333333334,Balathar,"{""geodesic"":false,""type"":""Point"",""coordinates"":[86.98085960509147,24.405833880837015]}"
930_0,0.45,0.054265626,6.11,0.87,58.62,0.07415938,107.89,26.3,368,0.20851563,0.61,17.41,0.09135,11.57,0.23555937,0.1846125,-1.6116826027276314,0.78,294.47766,221,236,"6/19/24, 12:00 AM",DUMKA,259,2024-12-31,5.51,3.3341472,406,394,372,370,2.2373478,2024-01-01,30.28741176470588,Tetaria,"{""geodesic"":false,""type"":""Point"",""coordinates"":[86.93666249311279,24.423890018047818]}"
931_0,0.46,0.06335313,2.68,0.47,38.62,0.086096875,100.11,9.26,361,0.21732813,0.63,18.51,0.09839375,8.97,0.23765,0.17910938,-2.0438467865171437,0.39,323.78882,221,236,"6/19/24, 12:00 AM",DUMKA,258,2024-12-31,5.42,3.3341472,406,394,372,370,3.444429,2024-01-01,30.28741176470588,Tetaria,"{""geodesic"":false,""type"":""Point"",""coordinates"":[86.93639299852755,24.423890018047818]}"
932_0,0.42,0.0514875,3.65,0.52,64.89,0.075315624,128.12,35.2,385,0.21555,0.59,19.15,0.0827125,15.67,0.23292187,0.16281563,-2.224887586373556,0.49,227.68228,226,240,"6/19/24, 12:00 AM",DUMKA,252,2024-12-31,5.83,3.3341472,404,392,370,368,4.1258054,2024-01-01,30.222057142857135,Tetaria,"{""geodesic"":false,""type"":""Point"",""coordinates"":[86.93477603101614,24.426045974729703]}"
933_0,0.46,0.0514875,4.12,0.31,82.16,0.075315624,126.33,4.158,389,0.21555,0.52,14.51,0.0827125,8.89,0.23292187,0.16281563,-2.224887586373556,0.56,227.68228,226,240,"6/19/24, 12:00 AM",DUMKA,252,2024-12-31,5.73,3.3341472,404,392,370,368,4.1258054,2024-01-01,30.222057142857135,Tetaria,"{""geodesic"":false,""type"":""Point"",""coordinates"":[86.93477603101614,24.426045974729703]}"
934_0,0.39,0.062384374,5.78,0.46,59.83,0.095075,100.11,11.26,262,0.30892187,0.39,6.31,0.10021875,21.47,0.2918594,0.1926875,2.003318599552026,2.42,286.88348,215,231,"5/21/24, 12:00 AM",DUMKA,248,2024-12-31,5.58,3.3341472,414,402,371,368,3.1902475,2024-01-01,30.28741176470588,Tetaria,"{""geodesic"":false,""type"":""Point"",""coordinates"":[86.9345065364309,24.422003555951168]}"
935_0,0.78,0.06275,2.87,0.52,74.09,0.09143611,118.47,3.436,267,0.23995556,0.56,11.54,0.09453055,14.48,0.22920278,0.15624444,1.4782076876184962,1.35,90.0,218,228,"6/15/24, 12:00 AM",DUMKA,250,2024-12-31,5.73,3.3341472,413,405,369,367,4.067799,2024-01-01,30.22308571428571,Raja Semaria,"{""geodesic"":false,""type"":""Point"",""coordinates"":[86.92076231258388,24.425506985559235]}"
936_0,0.49,0.06275,4.01,0.72,29.67,0.09143611,150.06,32.8,388,0.23995556,0.55,16.68,0.09453055,16.67,0.22920278,0.15624444,1.4782076876184962,2.17,90.0,218,228,"6/15/24, 12:00 AM",DUMKA,250,2024-12-31,5.52,3.3341472,413,405,369,367,4.067799,2024-01-01,30.22308571428571,Raja Semaria,"{""geodesic"":false,""type"":""Point"",""coordinates"":[86.92076231258388,24.425506985559235]}"
937_0,0.48,0.091749996,5.62,0.32,42.32,0.13729444,175.53,15.47,277,0.292925,0.51,11.06,0.1824,14.48,0.35158056,0.26848888,-2.116905073289169,2.14,-0.0,217,229,"6/15/24, 12:00 AM",DUMKA,258,2024-12-31,4.73,3.3341472,415,406,367,365,3.7047918,2024-01-01,30.249085714285716,Raja Semaria,"{""geodesic"":false,""type"":""Point"",""coordinates"":[86.92076231258388,24.42442900721829]}"
938_0,0.81,0.091749996,6.89,0.59,38.45,0.13729444,126.33,13.36,254,0.292925,0.47,8.21,0.1824,8.97,0.35158056,0.26848888,-2.116905073289169,0.14,-0.0,217,229,"6/15/24, 12:00 AM",DUMKA,258,2024-12-31,4.95,3.3341472,415,406,367,365,3.7047918,2024-01-01,30.249085714285716,Raja Semaria,"{""geodesic"":false,""type"":""Point"",""coordinates"":[86.92076231258388,24.42442900721829]}"
939_0,0.35,0.08921944,5.09,0.97,50.56,0.14201666,165.01,2.74,368,0.18340555,0.79,17.23,0.17288333,8.46,0.2164,0.15946111,-1.5555665943447334,0.19,151.22643,218,228,"6/14/24, 12:00 AM",DUMKA,253,2024-12-31,5.08,3.3341472,413,405,369,367,4.2248893,2024-01-01,30.22308571428571,Raja Semaria,"{""geodesic"":false,""type"":""Point"",""coordinates"":[86.92130130175435,24.426584963900176]}"
940_0,0.65,0.07386,5.65,0.16,51.57,0.106994286,96.87,15.48,212,0.28140858,0.21,11.36,0.14546286,13.46,0.36310858,0.27848285,-1.5555004056130735,0.39,28.772345,217,234,"5/27/24, 12:00 AM",DUMKA,265,2024-12-31,5.8,3.3341472,422,410,361,356,2.1152952,2024-01-01,30.249085714285716,Raja Semaria,"{""geodesic"":false,""type"":""Point"",""coordinates"":[86.91833686131676,24.42038658843975]}"
941_0,0.78,0.08094173,5.12,0.25,64.26,0.112460434,119.57,19.08,258,0.2788885,0.72,9.39,0.13511151,16.67,0.32988706,0.24993525,-1.6114220212170158,0.19,65.51929,224,237,"5/27/24, 12:00 AM",DUMKA,233,2024-12-31,5.35,3.4005349,392,383,384,380,2.237087,2024-01-01,30.266333333333325,Bairbana,"{""geodesic"":false,""type"":""Point"",""coordinates"":[86.98085960509147,24.40610337542225]}"
942_0,0.35,0.08818571,4.56,0.87,60.34,0.112085715,147.88,0.862,248,0.28909713,0.37,2.2,0.119791426,14.65,0.27855715,0.20665714,-2.2362081146094748,0.39,257.17828,211,227,"5/16/24, 12:00 AM",DUMKA,257,2024-12-31,5.05,3.3341472,419,407,370,365,4.1720366,2024-01-01,30.236514285714286,Bhaluwa,"{""geodesic"":false,""type"":""Point"",""coordinates"":[86.93100310682284,24.443024133599565]}"
943_0,0.5,0.08818571,6.11,1.02,58.62,0.112085715,271.5,26.3,248,0.28909713,0.41,9.26,0.119791426,8.89,0.27855715,0.20665714,-2.2362081146094748,3.14,257.17828,211,227,"5/16/24, 12:00 AM",DUMKA,257,2024-12-31,5.46,3.3341472,419,407,370,365,4.1720366,2024-01-01,30.236514285714286,Bhaluwa,"{""geodesic"":false,""type"":""Point"",""coordinates"":[86.93100310682284,24.443024133599565]}"
944_0,0.81,0.09284,3.65,0.54,64.89,0.12092,160.5,35.2,242,0.29007715,0.43,24.02,0.1387,13.87,0.3189257,0.24108571,-0.45711032844447147,0.13,208.77666,211,227,"5/16/24, 12:00 AM",DUMKA,254,2024-12-31,5.63,3.3341472,419,407,370,365,2.1153827,2024-01-01,30.236514285714286,Bhaluwa,"{""geodesic"":false,""type"":""Point"",""coordinates"":[86.9307336122376,24.44275463901433]}"
945_0,0.46,0.09149143,6.12,0.45,26.17,0.11734286,139.14,5.83,336,0.27502573,0.25,10.34,0.13305715,8.97,0.29644856,0.22132857,-1.555724920219755,0.56,208.77672,211,227,"5/16/24, 12:00 AM",DUMKA,255,2024-12-31,5.24,3.3341472,419,407,370,365,2.1153836,2024-01-01,30.236514285714286,Bhaluwa,"{""geodesic"":false,""type"":""Point"",""coordinates"":[86.9307336122376,24.443024133599565]}"
946_0,0.46,0.06914638,4.88,0.56,8.012,0.08988044,114.51,14.5,371,0.21257898,0.37,10.32,0.09868044,13.46,0.24722247,0.17766304,-1.2060101702304407,0.23,114.480194,225,241,"6/15/24, 12:00 AM",DUMKA,239,2024-12-31,5.79,3.4005349,390,378,385,381,4.467463,2024-01-01,30.236444444444444,Tilauna,"{""geodesic"":false,""type"":""Point"",""coordinates"":[86.98085960509147,24.409067815859846]}"
947_0,0.46,0.07247063,5.35,0.49,93.26,0.104325175,145.34,10.15,384,0.27092376,0.63,16.96,0.12396993,8.89,0.30784824,0.22658461,-0.13094739870900352,1.18,270.0,216,232,"6/15/24, 12:00 AM",DUMKA,234,2024-12-31,5.45,3.4005349,404,390,380,377,4.06721,2024-01-01,30.26283333333334,Tilauna,"{""geodesic"":false,""type"":""Point"",""coordinates"":[86.98678848596666,24.407181353763196]}"
948_0,0.49,0.07117412,6.59,0.37,47.85,0.09998811,128.12,15.66,274,0.30112028,0.68,10.59,0.11376713,22.78,0.32372516,0.22270629,4.538686742768337,2.11,-0.0,216,232,"6/15/24, 12:00 AM",DUMKA,233,2024-12-31,5.46,3.4005349,404,390,380,377,0.0,2024-01-01,30.26283333333334,Tilauna,"{""geodesic"":false,""type"":""Point"",""coordinates"":[86.98571050762573,24.406642364592724]}"
949_0,0.56,0.07117412,6.88,0.49,45.62,0.09998811,101.26,7.24,248,0.30112028,0.62,13.08,0.11376713,18.48,0.32372516,0.22270629,4.538686742768337,0.39,-0.0,216,232,"6/15/24, 12:00 AM",DUMKA,233,2024-12-31,4.93,3.4005349,404,390,380,377,0.0,2024-01-01,30.26283333333334,Tilauna,"{""geodesic"":false,""type"":""Point"",""coordinates"":[86.98571050762573,24.406642364592724]}"
950_0,0.62,0.06998042,3.48,0.48,93.26,0.099318884,99.68,8.05,225,0.31017414,0.57,8.26,0.10588182,7.48,0.31198952,0.20956713,0.9295340671877946,1.08,151.23021,216,232,"6/14/24, 12:00 AM",DUMKA,234,2024-12-31,5.61,3.4005349,404,390,380,377,2.1152434,2024-01-01,30.26283333333334,Tilauna,"{""geodesic"":false,""type"":""Point"",""coordinates"":[86.98571050762573,24.40691185917796]}"
951_0,0.82,0.06998042,5.12,0.89,64.26,0.099318884,119.57,19.08,258,0.31017414,0.49,9.39,0.10588182,22.78,0.31198952,0.20956713,0.9295340671877946,1.35,151.23021,216,232,"6/14/24, 12:00 AM",DUMKA,234,2024-12-31,5.31,3.4005349,404,390,380,377,2.1152434,2024-01-01,30.26283333333334,Tilauna,"{""geodesic"":false,""type"":""Point"",""coordinates"":[86.98571050762573,24.40691185917796]}"
952_0,0.46,0.06998042,4.01,0.72,29.67,0.099318884,150.06,32.8,388,0.31017414,0.55,16.68,0.10588182,18.48,0.31198952,0.20956713,0.9295340671877946,1.08,151.23021,216,232,"6/14/24, 12:00 AM",DUMKA,234,2024-12-31,5.52,3.4005349,404,390,380,377,2.1152434,2024-01-01,30.26283333333334,Tilauna,"{""geodesic"":false,""type"":""Point"",""coordinates"":[86.98571050762573,24.40691185917796]}"
953_0,0.46,0.06998042,3.65,0.49,46.55,0.099318884,96.87,21.01,238,0.31017414,0.69,26.1,0.10588182,16.67,0.31198952,0.20956713,0.9295340671877946,0.39,151.23021,216,232,"6/14/24, 12:00 AM",DUMKA,234,2024-12-31,5.52,3.4005349,404,390,380,377,2.1152434,2024-01-01,30.26283333333334,Tilauna,"{""geodesic"":false,""type"":""Point"",""coordinates"":[86.98571050762573,24.40691185917796]}"
954_0,0.48,0.06998042,5.62,0.32,42.32,0.099318884,175.53,15.47,277,0.31017414,0.51,11.06,0.10588182,18.65,0.31198952,0.20956713,0.9295340671877946,0.46,151.23021,216,232,"6/13/24, 12:00 AM",DUMKA,234,2024-12-31,4.73,3.4005349,404,390,380,377,2.1152434,2024-01-01,30.26283333333334,Tilauna,"{""geodesic"":false,""type"":""Point"",""coordinates"":[86.98571050762573,24.40691185917796]}"
955_0,0.52,0.06998042,4.33,0.39,87.92,0.099318884,101.22,13.66,248,0.31017414,0.47,10.38,0.10588182,15.49,0.31198952,0.20956713,0.9295340671877946,2.91,151.23021,216,232,"6/13/24, 12:00 AM",DUMKA,234,2024-12-31,4.98,3.4005349,404,390,380,377,2.1152434,2024-01-01,30.26283333333334,Tilauna,"{""geodesic"":false,""type"":""Point"",""coordinates"":[86.98571050762573,24.40691185917796]}"
956_0,0.35,0.06998042,6.59,0.37,47.85,0.099318884,128.12,15.66,274,0.31017414,0.68,10.59,0.10588182,15.67,0.31198952,0.20956713,0.9295340671877946,0.26,151.23021,216,232,"6/12/24, 12:00 AM",DUMKA,234,2024-12-31,5.46,3.4005349,404,390,380,377,2.1152434,2024-01-01,30.26283333333334,Tilauna,"{""geodesic"":false,""type"":""Point"",""coordinates"":[86.98571050762573,24.40691185917796]}"
957_0,0.39,0.07206383,4.02,0.69,26.53,0.10448369,98.63,1.304,258,0.2694404,0.59,10.34,0.12408936,12.49,0.29950213,0.22201985,0.1857969410441048,1.69,180.0,228,243,"6/10/24, 12:00 AM",DUMKA,233,2024-12-31,4.68,3.4005349,389,377,384,379,1.8543341,2024-01-01,30.26283333333334,Tilauna,"{""geodesic"":false,""type"":""Point"",""coordinates"":[86.98436303469954,24.407450848348432]}"
958_0,0.65,0.06998042,6.47,0.63,18.31,0.099318884,165.01,5.39,235,0.31017414,0.69,9.31,0.10588182,13.87,0.31198952,0.20956713,0.9295340671877946,0.34,151.23021,216,232,"6/4/24, 12:00 AM",DUMKA,234,2024-12-31,4.87,3.4005349,404,390,380,377,2.1152434,2024-01-01,30.26283333333334,Tilauna,"{""geodesic"":false,""type"":""Point"",""coordinates"":[86.98571050762573,24.40691185917796]}"
959_0,0.37,0.0934528,3.65,0.59,64.89,0.130912,128.12,35.2,385,0.297748,0.42,19.15,0.175768,8.46,0.3533184,0.2970928,-1.829096707086843,2.11,180.0,225,241,"6/24/24, 12:00 AM",DUMKA,232,2024-12-31,5.33,3.4005349,394,383,380,376,5.547545,2024-01-01,30.294999999999998,Lusitanr,"{""geodesic"":false,""type"":""Point"",""coordinates"":[86.9727747675344,24.40772034293367]}"
960_0,0.42,0.0934528,2.48,0.48,63.27,0.130912,106.77,0.482,358,0.297748,0.39,13.37,0.175768,15.47,0.3533184,0.2970928,-1.829096707086843,0.39,180.0,225,241,"6/24/24, 12:00 AM",DUMKA,232,2024-12-31,4.69,3.4005349,394,383,380,376,5.547545,2024-01-01,30.294999999999998,Lusitanr,"{""geodesic"":false,""type"":""Point"",""coordinates"":[86.9727747675344,24.40772034293367]}"
961_0,0.65,0.07582932,4.21,0.41,57.53,0.10917744,128.12,0.484,225,0.2877466,0.63,9.39,0.13799098,9.34,0.30845714,0.23134586,-1.1260709931696538,0.13,132.32155,232,246,"6/20/24, 12:00 AM",DUMKA,245,2024-12-31,5.13,3.4005349,391,380,378,374,1.3772839,2024-01-01,30.236444444444444,Lusitanr,"{""geodesic"":false,""type"":""Point"",""coordinates"":[86.97924263758006,24.409067815859846]}"
962_0,0.41,0.08969178,8.22,0.5,3.64,0.11356712,129.12,2.948,225,0.30416986,0.76,9.39,0.12099726,17.48,0.3254822,0.22739863,-1.708215396279798,0.39,55.660736,237,243,"5/13/24, 12:00 AM",DUMKA,104,2024-12-31,5.37,3.5241098,411,417,352,341,4.920525,2024-01-01,30.305542857142864,Dumaria Bahiyar,"{""geodesic"":false,""type"":""Point"",""coordinates"":[87.54033036404111,24.37295554143824]}"
963_0,0.81,0.08969178,3.56,0.35,40.42,0.11356712,118.47,11.73,235,0.30416986,0.35,9.31,0.12099726,13.65,0.3254822,0.22739863,-1.708215396279798,2.42,55.660736,237,243,"5/13/24, 12:00 AM",DUMKA,104,2024-12-31,4.99,3.5241098,411,417,352,341,4.920525,2024-01-01,30.305542857142864,Dumaria Bahiyar,"{""geodesic"":false,""type"":""Point"",""coordinates"":[87.54033036404111,24.37295554143824]}"
964_0,0.46,0.08524658,5.24,0.47,57.82,0.10681096,105.48,6.36,276,0.28372192,0.81,8.38,0.11146165,13.65,0.27765343,0.19154246,-2.441635878444652,2.14,63.15867,237,243,"5/13/24, 12:00 AM",DUMKA,105,2024-12-31,5.14,3.5241098,411,417,352,341,10.162795,2024-01-01,30.305542857142864,Dumaria Bahiyar,"{""geodesic"":false,""type"":""Point"",""coordinates"":[87.54006086945587,24.373225036023477]}"
965_0,0.52,0.0852338,4.91,0.45,37.52,0.10608028,107.89,7.09,265,0.28924227,0.94,6.34,0.095249295,12.56,0.20996478,0.13019013,0.7513390889403766,1.13,350.41452,223,241,"5/13/24, 12:00 AM",DUMKA,115,2024-12-31,5.47,3.5241098,434,426,344,333,12.047365,2024-01-01,30.342294117647057,Dumaria Bahiyar,"{""geodesic"":false,""type"":""Point"",""coordinates"":[87.54949317993913,24.35678586632409]}"
966_0,0.49,0.07116713,4.02,0.77,26.53,0.09217124,152.56,1.304,401,0.28782603,0.8,19.46,0.07788082,16.67,0.19883287,0.1156274,-2.9581731584673885,0.34,71.14086,237,243,"5/13/24, 12:00 AM",DUMKA,127,2024-12-31,5.61,3.5241098,411,417,352,341,8.5441,2024-01-01,30.305542857142864,Dumaria Bahiyar,"{""geodesic"":false,""type"":""Point"",""coordinates"":[87.53925238570017,24.372686046853005]}"
967_0,1.23,0.10766571,2.12,0.43,45.23,0.12970285,119.14,3.178,263,0.21803144,0.47,18.76,0.14872572,9.4,0.25998,0.22182286,-0.730765624980665,2.22,180.0,211,228,"5/20/24, 12:00 AM",DUMKA,262,2024-12-31,5.69,3.3341472,420,407,369,365,0.92740995,2024-01-01,30.236514285714286,Karma,"{""geodesic"":false,""type"":""Point"",""coordinates"":[86.92588270970336,24.444102111940506]}"
968_0,0.41,0.072134286,7.01,0.42,43.42,0.097642854,76.34,22.32,243,0.23342857,0.59,4.36,0.11621428,13.46,0.26944286,0.21862286,0.17977910131876387,0.23,65.5259,211,228,"5/20/24, 12:00 AM",DUMKA,261,2024-12-31,5.39,3.3341472,420,407,369,365,2.2376535,2024-01-01,30.236514285714286,Karma,"{""geodesic"":false,""type"":""Point"",""coordinates"":[86.9261522042886,24.444641101110978]}"
969_0,0.46,0.07532,6.47,0.63,18.31,0.09857143,165.01,5.39,235,0.20247714,0.69,9.31,0.12799428,15.49,0.28027144,0.24009715,-0.2523067600384883,0.34,323.78424,211,228,"5/20/24, 12:00 AM",DUMKA,260,2024-12-31,4.87,3.3341472,420,407,369,365,3.4446297,2024-01-01,30.236514285714286,Karma,"{""geodesic"":false,""type"":""Point"",""coordinates"":[86.9261522042886,24.444910595696214]}"
970_0,0.48,0.08509429,4.02,0.69,26.53,0.113277145,98.63,1.304,258,0.27148286,0.59,10.34,0.13371715,8.67,0.27444285,0.20848571,-1.1265091235424907,2.42,227.6865,211,228,"5/20/24, 12:00 AM",DUMKA,262,2024-12-31,4.68,3.3341472,420,407,369,365,1.3774961,2024-01-01,30.25638888888889,Karma,"{""geodesic"":false,""type"":""Point"",""coordinates"":[86.92507422594765,24.444641101110978]}"
971_0,0.85,0.08580286,2.78,0.93,63.27,0.11462285,106.77,0.482,358,0.25594285,0.69,13.37,0.13091429,8.97,0.2848857,0.20983428,1.6606474555557462,2.2,90.0,217,232,"5/20/24, 12:00 AM",DUMKA,257,2024-12-31,4.72,3.3341472,421,410,362,358,1.0184873,2024-01-01,30.27477777777777,Karma,"{""geodesic"":false,""type"":""Point"",""coordinates"":[86.91429444253822,24.41715265341692]}"
972_0,0.54,0.06843428,2.1,0.94,57.12,0.09983715,26.34,10.26,147,0.2688343,0.55,11.65,0.11143143,14,0.2818857,0.19722857,0.9674980520193587,0.81,90.0,217,232,"4/30/24, 12:00 AM",DUMKA,257,2024-12-31,5.35,3.3341472,421,410,362,358,2.036336,2024-01-01,30.27477777777777,Karma,"{""geodesic"":false,""type"":""Point"",""coordinates"":[86.91402494795298,24.417422148002156]}"
973_0,0.57,0.06830211,2.68,0.96,38.62,0.08606127,100.11,9.62,361,0.22577253,0.67,18.51,0.09619789,18.65,0.25624296,0.17928451,0.5596346533836047,0.13,238.73595,232,252,"5/18/24, 12:00 AM",DUMKA,167,2024-12-31,5.13,3.6050391,344,336,424,411,3.5696383,2024-01-01,30.198457142857148,Katariya,"{""geodesic"":false,""type"":""Point"",""coordinates"":[87.16734985807469,24.394245613671874]}"
974_0,0.62,0.07148944,9.41,0.63,10.15,0.09180634,129.12,29.24,278,0.25772464,0.67,6.94,0.09325634,16.46,0.26501268,0.18038099,1.215519033412195,0.81,180.0,232,252,"5/18/24, 12:00 AM",DUMKA,166,2024-12-31,4.95,3.6050391,344,336,424,411,1.8543341,2024-01-01,30.198457142857148,Katariya,"{""geodesic"":false,""type"":""Point"",""coordinates"":[87.16734985807469,24.393976119086638]}"
975_0,0.32,0.06830211,3.74,0.39,18.31,0.08606127,115.31,21.6,301,0.22577253,0.63,8.28,0.09619789,15.47,0.25624296,0.17928451,0.5596346533836047,0.36,238.73595,232,252,"5/18/24, 12:00 AM",DUMKA,167,2024-12-31,4.96,3.6050391,344,336,424,411,3.5696383,2024-01-01,30.198457142857148,Katariya,"{""geodesic"":false,""type"":""Point"",""coordinates"":[87.16734985807469,24.394245613671874]}"
976_0,0.46,0.07148944,3.75,0.55,38.45,0.09180634,15.06,14.99,284,0.25772464,0.59,6.47,0.09325634,12.49,0.26501268,0.18038099,1.215519033412195,0.19,180.0,232,252,"5/18/24, 12:00 AM",DUMKA,166,2024-12-31,5.47,3.6050391,344,336,424,411,1.8543341,2024-01-01,30.198457142857148,Katariya,"{""geodesic"":false,""type"":""Point"",""coordinates"":[87.16734985807469,24.393976119086638]}"
977_0,0.75,0.07148944,6.08,0.69,26.65,0.09180634,114.51,11.26,300,0.25772464,0.91,11.19,0.09325634,11.57,0.26501268,0.18038099,1.215519033412195,0.39,180.0,232,252,"5/18/24, 12:00 AM",DUMKA,166,2024-12-31,5.39,3.6050391,344,336,424,411,1.8543341,2024-01-01,30.198457142857148,Katariya,"{""geodesic"":false,""type"":""Point"",""coordinates"":[87.16734985807469,24.393976119086638]}"
978_0,0.26,0.072736114,1.03,0.45,65.32,0.104597226,152,17.8,151,0.26865557,0.6,24.25,0.12048333,12,0.2916889,0.22190556,-1.8297118133752566,0.71,-0.0,226,240,"3/24/24, 12:00 AM",DUMKA,223,2024-12-31,4.31,3.2468905,379,373,394,387,2.7802885,2024-01-01,30.27661111111111,Logain,"{""geodesic"":false,""type"":""Point"",""coordinates"":[86.93612350394233,24.48668225640777]}"
979_0,0.48,0.07215931,2.15,0.59,35.81,0.09566483,98.63,17.12,281,0.24375518,0.71,9.28,0.109848276,8.67,0.2781,0.21840759,-1.5547735045376232,0.39,28.757845,214,232,"6/24/24, 12:00 AM",DUMKA,227,2024-12-31,5.58,3.531301,402,388,384,380,2.1150017,2024-01-01,30.27361111111111,Bhorandih,"{""geodesic"":false,""type"":""Point"",""coordinates"":[86.99595130186468,24.344389115403242]}"
980_0,0.62,0.07319058,3.39,0.42,9.88,0.10464348,139.14,2.202,239,0.27766377,0.85,9.94,0.11861739,12.49,0.29034057,0.20958406,-2.235634581965155,0.81,77.174644,224,237,"5/28/24, 12:00 AM",DUMKA,231,2024-12-31,4.87,3.4005349,392,383,384,380,4.1708794,2024-01-01,30.26283333333334,Jhanakpur,"{""geodesic"":false,""type"":""Point"",""coordinates"":[86.9811290996767,24.40610337542225]}"
981_0,0.39,0.06466165,5.35,0.49,93.26,0.08545592,145.34,10.15,384,0.23865126,0.63,16.96,0.0857785,15.45,0.21919534,0.14924732,-0.43003436363698305,0.34,278.62994,215,227,"6/22/24, 12:00 AM",DUMKA,196,2024-12-31,5.45,3.502762,389,381,396,392,6.1573195,2024-01-01,30.25016666666667,Kherwa,"{""geodesic"":false,""type"":""Point"",""coordinates"":[87.0652114102703,24.408528826689373]}"
987_0,0.46,0.053561863,4.12,0.49,82.16,0.07173051,126.33,4.158,389,0.23290677,0.67,14.51,0.06597712,7.47,0.20210339,0.1300678,4.225723615599451,0.99,47.678707,222,240,"6/4/24, 12:00 AM",DUMKA,231,2024-12-31,4.98,3.4005349,393,379,385,382,2.7529912,2024-01-01,30.234400000000004,Chadna,"{""geodesic"":false,""type"":""Point"",""coordinates"":[86.96927133792633,24.41014579420079]}"
988_0,0.48,0.053561863,5.35,0.41,93.26,0.07173051,145.34,10.15,384,0.23290677,0.59,16.96,0.06597712,8.97,0.20210339,0.1300678,4.225723615599451,0.46,47.678707,222,240,"6/4/24, 12:00 AM",DUMKA,231,2024-12-31,5.09,3.4005349,393,379,385,382,2.7529912,2024-01-01,30.234400000000004,Chadna,"{""geodesic"":false,""type"":""Point"",""coordinates"":[86.96927133792633,24.41014579420079]}"
989_0,0.75,0.09284,5.65,0.93,51.57,0.12092,96.87,15.48,212,0.29007715,0.48,11.36,0.1387,8.89,0.3189257,0.24108571,-0.45711032844447147,0.45,208.77666,211,227,"5/21/24, 12:00 AM",DUMKA,254,2024-12-31,5.51,3.3341472,419,407,370,365,2.1153827,2024-01-01,30.236514285714286,Bhalua,"{""geodesic"":false,""type"":""Point"",""coordinates"":[86.9307336122376,24.44275463901433]}"
990_0,1.23,0.08928,4.58,0.88,67.45,0.11662572,128.12,3.32,348,0.27012572,0.59,11.38,0.13457714,12.49,0.30243143,0.23207143,-1.9673202012140136,2.14,106.88082,211,227,"5/21/24, 12:00 AM",DUMKA,256,2024-12-31,5.62,3.3341472,419,407,370,365,3.1907356,2024-01-01,30.236514285714286,Bhalua,"{""geodesic"":false,""type"":""Point"",""coordinates"":[86.93046411765236,24.443024133599565]}"
991_0,0.46,0.09284,2.78,0.93,63.27,0.12092,106.77,0.482,358,0.29007715,0.69,13.37,0.1387,13.46,0.3189257,0.24108571,-0.45711032844447147,0.26,208.77666,211,227,"5/21/24, 12:00 AM",DUMKA,254,2024-12-31,4.72,3.3341472,419,407,370,365,2.1153827,2024-01-01,30.236514285714286,Bhalua,"{""geodesic"":false,""type"":""Point"",""coordinates"":[86.9307336122376,24.44275463901433]}"
992_0,0.81,0.09149143,5.09,0.97,50.56,0.11734286,165.01,2.74,368,0.27502573,0.79,17.23,0.13305715,15.49,0.29644856,0.22132857,-1.555724920219755,0.34,208.77672,211,227,"5/21/24, 12:00 AM",DUMKA,255,2024-12-31,5.08,3.3341472,419,407,370,365,2.1153836,2024-01-01,30.236514285714286,Bhalua,"{""geodesic"":false,""type"":""Point"",""coordinates"":[86.9307336122376,24.443024133599565]}"
993_0,0.82,0.09284,3.39,0.58,9.88,0.12092,139.14,2.202,239,0.29007715,0.69,9.94,0.1387,22.78,0.3189257,0.24108571,-0.45711032844447147,0.47,208.77666,211,227,"5/21/24, 12:00 AM",DUMKA,254,2024-12-31,5.73,3.3341472,419,407,370,365,2.1153827,2024-01-01,30.236514285714286,Bhalua,"{""geodesic"":false,""type"":""Point"",""coordinates"":[86.9307336122376,24.44275463901433]}"
994_0,0.45,0.09149143,2.12,0.43,4.23,0.11734286,119.57,3.178,263,0.27502573,0.47,18.76,0.13305715,19.58,0.29644856,0.22132857,-1.555724920219755,0.56,208.77672,211,227,"5/21/24, 12:00 AM",DUMKA,255,2024-12-31,5.69,3.3341472,419,407,370,365,2.1153836,2024-01-01,30.236514285714286,Bhalua,"{""geodesic"":false,""type"":""Point"",""coordinates"":[86.9307336122376,24.443024133599565]}"
995_0,0.36,0.089004345,4.96,1.09,81.82,0.11471884,135,12.3,125,0.3020826,0.29,12.35,0.1192029,10,0.2910768,0.21656811,-2.153817542024762,2.57,195.36133,224,247,"3/24/24, 12:00 AM",DUMKA,163,2024-12-31,4.89,3.5832176,380,371,395,382,3.8416479,2024-01-01,30.279771428571426,Lagwa,"{""geodesic"":false,""type"":""Point"",""coordinates"":[87.11857133814699,24.492341642697724]}"
996_0,0.58,0.08094173,4.01,0.92,29.67,0.112460434,150.06,32.8,388,0.2788885,0.57,16.68,0.13511151,8.67,0.32988706,0.24993525,-1.6114220212170158,3.14,65.51929,224,237,"5/29/24, 12:00 AM",DUMKA,233,2024-12-31,5.47,3.4005349,392,383,384,380,2.237087,2024-01-01,30.266333333333325,Amri,"{""geodesic"":false,""type"":""Point"",""coordinates"":[86.98085960509147,24.40610337542225]}"
997_0,0.46,0.07181667,4.88,0.98,8.012,0.101623915,114.51,14.5,371,0.28998116,0.68,10.32,0.12486159,9.34,0.33613986,0.24241957,-1.819177853287869,2.2,132.3223,224,237,"5/29/24, 12:00 AM",DUMKA,233,2024-12-31,5.63,3.4005349,392,383,384,380,2.7529383,2024-01-01,30.26283333333334,Amri,"{""geodesic"":false,""type"":""Point"",""coordinates"":[86.98085960509147,24.405833880837015]}"
998_0,0.81,0.09874,2.45,0.63,38.34,0.12004,115.31,37.6,376,0.29768285,0.48,15.08,0.12023714,18.65,0.25133428,0.17334858,-1.126353376256659,0.26,47.683666,202,218,"6/24/24, 12:00 AM",DUMKA,248,2024-12-31,5.71,3.3341472,412,400,386,382,1.3774215,2024-01-01,30.22308571428571,Tilwamarni,"{""geodesic"":false,""type"":""Point"",""coordinates"":[86.92453523677717,24.43224435019013]}"
999_0,1.23,0.040775,8.27,0.39,31.61,0.061636113,145.34,9.45,258,0.24688056,0.89,8.15,0.054877777,7.47,0.189325,0.111625,-1.55599002520073,2.42,151.21796,229,242,"6/26/24, 12:00 AM",DUMKA,231,2024-12-31,5.64,3.3529615,390,380,380,378,2.1154916,2024-01-01,30.29438888888889,Dhandih,"{""geodesic"":false,""type"":""Point"",""coordinates"":[86.95148469530076,24.47078207587886]}"
1000_0,0.81,0.061180554,7.18,0.49,43.31,0.089544445,76.12,7.62,243,0.27477223,0.65,8.32,0.101791665,15.47,0.28911668,0.20747222,-1.8276535784417056,3.22,33.392635,231,245,"6/25/24, 12:00 AM",DUMKA,225,2024-12-31,5.53,3.3529615,392,382,376,374,5.537077,2024-01-01,30.283777777777775,Dhandih,"{""geodesic"":false,""type"":""Point"",""coordinates"":[86.95310166281217,24.46673965710032]}"
1001_0,0.35,0.06843056,2.29,0.89,25.64,0.10126667,150.06,22.32,208,0.2599778,0.47,14.6,0.135875,15.45,0.3234639,0.2484111,-1.612343449642385,2.2,294.46976,231,243,"6/25/24, 12:00 AM",DUMKA,230,2024-12-31,5.46,3.3529615,391,380,379,377,2.2380252,2024-01-01,30.283777777777775,Dhandih,"{""geodesic"":false,""type"":""Point"",""coordinates"":[86.95202368447124,24.46997359212315]}"
1002_0,0.52,0.0521,6.47,0.42,18.31,0.07527429,165.01,5.39,235,0.25792572,0.59,9.31,0.07788857,16.46,0.24190858,0.1648,-2.9597087704603102,0.13,288.84482,231,245,"6/24/24, 12:00 AM",DUMKA,239,2024-12-31,5.39,3.2468905,389,379,380,376,8.55026,2024-01-01,30.278500000000008,Gadi Kamardiha,"{""geodesic"":false,""type"":""Point"",""coordinates"":[86.94393884691416,24.47590247299834]}"
1003_0,0.68,0.048333332,4.56,0.69,60.34,0.0679,118.47,0.862,248,0.24261944,0.59,6.39,0.06587778,8.97,0.20626111,0.13518889,-1.735608431707786,2.77,203.72528,229,244,"6/24/24, 12:00 AM",DUMKA,237,2024-12-31,4.68,3.2468905,393,384,378,372,5.052434,2024-01-01,30.278500000000008,Gadi Kamardiha,"{""geodesic"":false,""type"":""Point"",""coordinates"":[86.94232187940274,24.476171967583575]}"
1004_0,0.52,0.05052857,9.41,0.61,10.15,0.07566571,129.12,29.24,278,0.24566571,0.69,6.94,0.08385429,7.48,0.23771429,0.17096858,-2.4968414127459058,0.36,290.00427,231,245,"6/21/24, 12:00 AM",DUMKA,243,2024-12-31,5.38,3.2468905,389,379,380,376,5.4063935,2024-01-01,30.278500000000008,Gadi Kamardiha,"{""geodesic"":false,""type"":""Point"",""coordinates"":[86.94420834149939,24.47590247299834]}"
1005_0,0.35,0.05052857,3.39,0.43,9.88,0.07566571,139.14,2.202,239,0.24566571,0.61,9.94,0.08385429,14.48,0.23771429,0.17096858,-2.4968414127459058,1.18,290.00427,231,245,"6/20/24, 12:00 AM",DUMKA,243,2024-12-31,5.46,3.2468905,389,379,380,376,5.4063935,2024-01-01,30.278500000000008,Gadi Kamardiha,"{""geodesic"":false,""type"":""Point"",""coordinates"":[86.94420834149939,24.47590247299834]}"
1006_0,0.42,0.073674284,5.34,0.87,35.38,0.09207143,140.56,3.354,280,0.23681715,0.89,8.58,0.101534285,16.67,0.28981143,0.23925143,-1.611662379187354,0.45,245.5221,221,234,"5/28/24, 12:00 AM",DUMKA,264,2024-12-31,5.39,3.3341472,416,405,363,361,2.2373273,2024-01-01,30.249085714285716,Paharpur,"{""geodesic"":false,""type"":""Point"",""coordinates"":[86.91968433424293,24.42254254512164]}"
1007_0,0.45,0.073674284,3.39,0.46,9.88,0.09207143,139.14,2.202,239,0.23681715,0.98,9.94,0.101534285,15.47,0.28981143,0.23925143,-1.611662379187354,0.49,245.5221,221,234,"5/28/24, 12:00 AM",DUMKA,264,2024-12-31,4.88,3.3341472,416,405,363,361,2.2373273,2024-01-01,30.249085714285716,Paharpur,"{""geodesic"":false,""type"":""Point"",""coordinates"":[86.91968433424293,24.42254254512164]}"
1008_0,0.48,0.051785715,6.47,0.63,18.31,0.07965143,165.01,5.39,235,0.23244286,0.69,9.31,0.08976286,13.87,0.22924286,0.16022857,2.05324321919564,0.34,-0.0,218,235,"6/20/24, 12:00 AM",DUMKA,239,2024-12-31,4.87,3.2468905,395,385,388,380,0.0,2024-01-01,30.28788888888889,Kairbank,"{""geodesic"":false,""type"":""Point"",""coordinates"":[86.92884715014095,24.47590247299834]}"
1009_0,0.45,0.04755,6.89,0.59,38.45,0.07267647,126.33,13.36,254,0.27515882,0.47,8.21,0.06843823,18.65,0.22991765,0.14617647,-1.8200397354689588,0.81,47.69379,218,235,"6/20/24, 12:00 AM",DUMKA,242,2024-12-31,4.95,3.2468905,395,385,388,380,2.7537863,2024-01-01,30.28788888888889,Kairbank,"{""geodesic"":false,""type"":""Point"",""coordinates"":[86.9299251284819,24.476980451339283]}"
1010_0,0.62,0.046238236,5.78,0.46,59.83,0.06891177,100.11,11.26,262,0.23845589,0.39,6.31,0.06757059,16.67,0.22188236,0.14275,-1.5560455816521968,0.45,28.783216,218,235,"6/20/24, 12:00 AM",DUMKA,241,2024-12-31,5.58,3.2468905,395,385,388,380,2.1155155,2024-01-01,30.28788888888889,Kairbank,"{""geodesic"":false,""type"":""Point"",""coordinates"":[86.93019462306714,24.476980451339283]}"
1011_0,0.42,0.051467795,4.01,0.72,29.67,0.07170085,150.06,32.8,388,0.26437202,0.55,16.68,0.059972033,15.45,0.18260762,0.107550845,3.7403242230365787,1.87,65.52,222,240,"6/4/24, 12:00 AM",DUMKA,233,2024-12-31,5.52,3.4005349,393,379,385,382,4.4674954,2024-01-01,30.234400000000004,Daldali,"{""geodesic"":false,""type"":""Point"",""coordinates"":[86.96900184334109,24.41014579420079]}"
1012_0,0.75,0.051467795,3.65,0.52,64.89,0.07170085,128.12,35.2,385,0.26437202,0.59,19.15,0.059972033,7.48,0.18260762,0.107550845,3.7403242230365787,2.78,65.52,222,240,"6/4/24, 12:00 AM",DUMKA,233,2024-12-31,5.83,3.4005349,393,379,385,382,4.4674954,2024-01-01,30.234400000000004,Daldali,"{""geodesic"":false,""type"":""Point"",""coordinates"":[86.96900184334109,24.41014579420079]}"
1013_0,0.41,0.053561863,2.87,0.52,74.09,0.07173051,118.47,3.436,267,0.23290677,0.56,11.54,0.06597712,21.47,0.20210339,0.1300678,4.225723615599451,0.45,47.678707,222,240,"6/4/24, 12:00 AM",DUMKA,231,2024-12-31,5.73,3.4005349,393,379,385,382,2.7529912,2024-01-01,30.234400000000004,Daldali,"{""geodesic"":false,""type"":""Point"",""coordinates"":[86.96927133792633,24.41014579420079]}"
1014_0,1.23,0.09460959,4.12,0.87,82.16,0.118534245,208,4.158,382,0.30700547,0.59,20.21,0.12736027,8.46,0.31544247,0.22239041,-2.64059654643219,0.39,77.171394,237,243,"5/13/24, 12:00 AM",DUMKA,115,2024-12-31,5.96,3.5241098,411,417,352,341,12.337387,2024-01-01,30.305542857142864,Daldali,"{""geodesic"":false,""type"":""Point"",""coordinates"":[87.53979137487065,24.37295554143824]}"
1015_0,0.42,0.08524658,4.62,0.37,2.42,0.10681096,154.6,10.64,304,0.28372192,0.41,8.41,0.11146165,13.64,0.27765343,0.19154246,-2.441635878444652,1.24,63.15867,237,243,"5/7/24, 12:00 AM",DUMKA,105,2024-12-31,5.55,3.5241098,411,417,352,341,10.162795,2024-01-01,30.305542857142864,Daldali,"{""geodesic"":false,""type"":""Point"",""coordinates"":[87.54006086945587,24.373225036023477]}"
1016_0,0.65,0.06553881,8.17,0.51,26.59,0.0894597,100.11,5.62,247,0.25271195,0.51,9,0.11117313,7.48,0.30285522,0.2189597,-2.4029753434849064,0.47,124.3134,225,243,"5/14/24, 12:00 AM",DUMKA,193,2024-12-31,5.57,3.6808677,378,371,397,385,4.923763,2024-01-01,30.278399999999998,Kusmaha,"{""geodesic"":false,""type"":""Point"",""coordinates"":[87.30155816152214,24.495306083135322]}"
1017_0,0.45,0.06853283,4.58,0.41,38.65,0.096537314,140.56,38.62,249,0.26252836,0.79,18.18,0.1286582,18.48,0.31781492,0.24056567,-1.5562233178799636,0.78,151.21326,225,243,"5/14/24, 12:00 AM",DUMKA,197,2024-12-31,5.77,3.6808677,378,371,397,385,2.115587,2024-01-01,30.278399999999998,Kusmaha,"{""geodesic"":false,""type"":""Point"",""coordinates"":[87.30101917235167,24.495306083135322]}"
1018_0,0.35,0.06853283,3.23,0.59,26.32,0.096537314,118.47,4.34,268,0.26252836,0.71,15.35,0.1286582,9.47,0.31781492,0.24056567,-1.5562233178799636,0.23,151.21326,225,243,"5/14/24, 12:00 AM",DUMKA,197,2024-12-31,5.58,3.6808677,378,371,397,385,2.115587,2024-01-01,30.278399999999998,Kusmaha,"{""geodesic"":false,""type"":""Point"",""coordinates"":[87.30101917235167,24.495306083135322]}"
1019_0,0.52,0.06684179,6.17,0.35,26.55,0.090773135,153.2,27.66,235,0.24897164,0.35,9.31,0.11987463,22.78,0.30774626,0.22205223,-0.8254894677243728,2.34,90.0,225,243,"5/14/24, 12:00 AM",DUMKA,197,2024-12-31,4.99,3.6808677,378,371,397,385,1.0191207,2024-01-01,30.278399999999998,Kusmaha,"{""geodesic"":false,""type"":""Point"",""coordinates"":[87.30128866693691,24.495575577720555]}"
1020_0,0.68,0.08094173,4.02,0.56,26.53,0.112460434,98.63,1.304,258,0.2788885,0.57,10.34,0.13511151,21.47,0.32988706,0.24993525,-1.6114220212170158,0.23,65.51929,224,237,"5/28/24, 12:00 AM",DUMKA,233,2024-12-31,4.95,3.4005349,392,383,384,380,2.237087,2024-01-01,30.266333333333325,Baghmara,"{""geodesic"":false,""type"":""Point"",""coordinates"":[86.98085960509147,24.40610337542225]}"
1021_0,0.75,0.07319058,5.71,0.55,60.54,0.10464348,153.2,9.85,276,0.27766377,0.59,8.38,0.11861739,15.47,0.29034057,0.20958406,-2.235634581965155,0.39,77.174644,224,237,"5/28/24, 12:00 AM",DUMKA,231,2024-12-31,5.47,3.4005349,392,383,384,380,4.1708794,2024-01-01,30.26283333333334,Baghmara,"{""geodesic"":false,""type"":""Point"",""coordinates"":[86.9811290996767,24.40610337542225]}"
1022_0,0.75,0.08094173,6.03,0.43,29.67,0.112460434,150.06,10.85,258,0.2788885,0.47,8.15,0.13511151,16.67,0.32988706,0.24993525,-1.6114220212170158,1.08,65.51929,224,237,"5/27/24, 12:00 AM",DUMKA,233,2024-12-31,5.69,3.4005349,392,383,384,380,2.237087,2024-01-01,30.266333333333325,Baghmara,"{""geodesic"":false,""type"":""Point"",""coordinates"":[86.98085960509147,24.40610337542225]}"
1024_0,0.45,0.06843428,1.64,0.63,26.1,0.09983715,118.57,12.36,248,0.2688343,0.47,8.62,0.11143143,11.57,0.2818857,0.19722857,0.9674980520193587,0.34,90.0,217,232,"5/16/24, 12:00 AM",DUMKA,257,2024-12-31,5.63,3.3341472,421,410,362,358,2.036336,2024-01-01,30.27477777777777,Kendkhapra,"{""geodesic"":false,""type"":""Point"",""coordinates"":[86.91402494795298,24.417422148002156]}"
1025_0,0.65,0.06607143,5.56,0.71,49.68,0.09666286,107.89,4.646,275,0.24588858,0.59,11.54,0.11081143,14.48,0.28372285,0.20307143,1.6606431239717345,1.69,90.0,217,232,"5/15/24, 12:00 AM",DUMKA,256,2024-12-31,5.58,3.3341472,421,410,362,358,1.0184917,2024-01-01,30.27477777777777,Kendkhapra,"{""geodesic"":false,""type"":""Point"",""coordinates"":[86.91456393712345,24.417691642587393]}"
1026_0,0.75,0.06843428,4.68,0.59,45.41,0.09983715,115.31,1.006,291,0.2688343,0.51,9.94,0.11143143,12.49,0.2818857,0.19722857,0.9674980520193587,2.17,90.0,217,232,"5/15/24, 12:00 AM",DUMKA,257,2024-12-31,6.1,3.3341472,421,410,362,358,2.036336,2024-01-01,30.27477777777777,Kendkhapra,"{""geodesic"":false,""type"":""Point"",""coordinates"":[86.91402494795298,24.417422148002156]}"
1027_0,0.36,0.08580286,5.1,0.86,56.31,0.11462285,28.34,18.07,130,0.25594285,0.39,20.35,0.13091429,8,0.2848857,0.20983428,1.6606474555557462,2.26,90.0,217,232,"4/11/24, 12:00 AM",DUMKA,257,2024-12-31,5.54,3.3341472,421,410,362,358,1.0184873,2024-01-01,30.27477777777777,Kendkhapra,"{""geodesic"":false,""type"":""Point"",""coordinates"":[86.91429444253822,24.41715265341692]}"
1028_0,0.45,0.078768656,5.78,0.46,59.83,0.100368656,100.11,11.26,262,0.26101193,0.39,6.31,0.1081403,12.49,0.27489105,0.20111492,-0.9193937565493857,0.81,245.53256,219,242,"5/15/24, 12:00 AM",DUMKA,178,2024-12-31,5.58,3.5832176,364,355,417,403,2.2382255,2024-01-01,30.28965714285715,Kendkhapra,"{""geodesic"":false,""type"":""Point"",""coordinates"":[87.13258505657926,24.483717815970177]}"
1029_0,1.23,0.078768656,5.12,0.89,64.26,0.100368656,119.57,19.08,258,0.26101193,0.49,9.39,0.1081403,18.65,0.27489105,0.20111492,-0.9193937565493857,0.47,245.53256,219,242,"5/14/24, 12:00 AM",DUMKA,178,2024-12-31,5.31,3.5832176,364,355,417,403,2.2382255,2024-01-01,30.28965714285715,Kendkhapra,"{""geodesic"":false,""type"":""Point"",""coordinates"":[87.13258505657926,24.483717815970177]}"
1030_0,0.82,0.07403383,5.34,0.42,35.38,0.103539705,140.56,3.354,280,0.28343087,0.85,8.58,0.13524118,15.49,0.35496765,0.26609707,0.2358255231511872,2.91,208.78087,228,247,"5/14/24, 12:00 AM",DUMKA,184,2024-12-31,4.87,3.5832176,371,362,401,391,2.115468,2024-01-01,30.25344444444444,Kendkhapra,"{""geodesic"":false,""type"":""Point"",""coordinates"":[87.1034796413738,24.46485319500367]}"
1031_0,0.42,0.05710625,3.39,0.56,9.88,0.08645,140.56,2.202,291,0.27334687,0.39,9.94,0.09755625,9.34,0.27966562,0.19420938,-2.0797845689313985,2.2,301.25845,215,231,"5/25/24, 12:00 AM",DUMKA,250,2024-12-31,5.58,3.3341472,414,402,371,368,3.5702107,2024-01-01,30.28741176470588,Tetaria,"{""geodesic"":false,""type"":""Point"",""coordinates"":[86.93477603101614,24.422003555951168]}"
1032_0,0.81,0.05710625,6.17,0.31,26.55,0.08645,153.2,27.66,235,0.27334687,0.33,9.31,0.09755625,7.48,0.27966562,0.19420938,-2.0797845689313985,0.45,301.25845,215,231,"5/25/24, 12:00 AM",DUMKA,250,2024-12-31,5.71,3.3341472,414,402,371,368,3.5702107,2024-01-01,30.28741176470588,Tetaria,"{""geodesic"":false,""type"":""Point"",""coordinates"":[86.93477603101614,24.422003555951168]}"
1033_0,0.41,0.062384374,4.02,0.43,47.55,0.095075,100.11,5.538,204,0.30892187,0.61,12.23,0.10021875,14.48,0.2918594,0.1926875,2.003318599552026,2.22,286.88348,215,231,"5/25/24, 12:00 AM",DUMKA,248,2024-12-31,5.46,3.3341472,414,402,371,368,3.1902475,2024-01-01,30.28741176470588,Tetaria,"{""geodesic"":false,""type"":""Point"",""coordinates"":[86.9345065364309,24.422003555951168]}"
1034_0,0.81,0.062384374,5.21,0.49,80.81,0.095075,140.56,17.54,218,0.30892187,0.69,25.23,0.10021875,9.47,0.2918594,0.1926875,2.003318599552026,0.56,286.88348,215,231,"5/25/24, 12:00 AM",DUMKA,248,2024-12-31,5.52,3.3341472,414,402,371,368,3.1902475,2024-01-01,30.28741176470588,Tetaria,"{""geodesic"":false,""type"":""Point"",""coordinates"":[86.9345065364309,24.422003555951168]}"
1035_0,0.78,0.062384374,4.99,0.39,15.16,0.095075,98.63,19.65,222,0.30892187,0.53,9.06,0.10021875,18.67,0.2918594,0.1926875,2.003318599552026,1.69,286.88348,215,231,"5/25/24, 12:00 AM",DUMKA,248,2024-12-31,6,3.3341472,414,402,371,368,3.1902475,2024-01-01,30.28741176470588,Tetaria,"{""geodesic"":false,""type"":""Point"",""coordinates"":[86.9345065364309,24.422003555951168]}"
1036_0,0.45,0.062384374,6.89,0.39,38.45,0.095075,127.98,13.36,255,0.30892187,0.47,11.18,0.10021875,12.49,0.2918594,0.1926875,2.003318599552026,2.77,286.88348,215,231,"5/21/24, 12:00 AM",DUMKA,248,2024-12-31,4.98,3.3341472,414,402,371,368,3.1902475,2024-01-01,30.28741176470588,Tetaria,"{""geodesic"":false,""type"":""Point"",""coordinates"":[86.9345065364309,24.422003555951168]}"
1037_0,0.42,0.061944067,6.47,0.63,18.31,0.08709746,165.01,5.39,235,0.26563814,0.69,9.31,0.08749576,14.65,0.2520373,0.1678805,5.22081278856965,1.35,270.0,226,243,"6/10/24, 12:00 AM",DUMKA,231,2024-12-31,4.87,3.4005349,395,381,379,376,1.0184313,2024-01-01,30.234400000000004,Barmasa,"{""geodesic"":false,""type"":""Point"",""coordinates"":[86.96954083251157,24.410415288786027]}"
1038_0,0.65,0.051467795,6.11,0.78,58.62,0.07170085,107.89,26.3,368,0.26437202,0.83,17.41,0.059972033,15.45,0.18260762,0.107550845,3.7403242230365787,2.42,65.52,222,240,"6/10/24, 12:00 AM",DUMKA,233,2024-12-31,5.83,3.4005349,393,379,385,382,4.4674954,2024-01-01,30.234400000000004,Barmasa,"{""geodesic"":false,""type"":""Point"",""coordinates"":[86.96900184334109,24.41014579420079]}"
1039_0,0.45,0.053561863,2.45,0.92,38.34,0.07173051,115.31,37.6,376,0.23290677,0.57,15.08,0.06597712,16.46,0.20210339,0.1300678,4.225723615599451,0.99,47.678707,222,240,"6/10/24, 12:00 AM",DUMKA,231,2024-12-31,5.47,3.4005349,393,379,385,382,2.7529912,2024-01-01,30.234400000000004,Barmasa,"{""geodesic"":false,""type"":""Point"",""coordinates"":[86.96927133792633,24.41014579420079]}"
1040_0,0.85,0.053561863,9.41,0.63,10.15,0.07173051,129.12,29.24,278,0.23290677,0.67,6.94,0.06597712,12.49,0.20210339,0.1300678,4.225723615599451,2.14,47.678707,222,240,"6/10/24, 12:00 AM",DUMKA,231,2024-12-31,4.95,3.4005349,393,379,385,382,2.7529912,2024-01-01,30.234400000000004,Barmasa,"{""geodesic"":false,""type"":""Point"",""coordinates"":[86.96927133792633,24.41014579420079]}"
1041_0,0.57,0.073674284,3.48,0.72,93.26,0.09207143,99.68,8.05,225,0.23681715,0.47,8.26,0.101534285,21.47,0.28981143,0.23925143,-1.611662379187354,0.19,245.5221,221,234,"5/29/24, 12:00 AM",DUMKA,264,2024-12-31,5.72,3.3341472,416,405,363,361,2.2373273,2024-01-01,30.249085714285716,Jhagrahi,"{""geodesic"":false,""type"":""Point"",""coordinates"":[86.91968433424293,24.42254254512164]}"
1042_0,0.75,0.09306364,4.21,1.03,57.53,0.12743637,128.12,0.484,225,0.26871818,0.26,9.39,0.1782697,7.47,0.34317878,0.27039394,-2.2487026013718676,1.13,331.22653,226,241,"6/19/24, 12:00 AM",DUMKA,252,2024-12-31,5.72,3.3341472,403,390,371,369,4.224885,2024-01-01,30.214166666666667,Amba,"{""geodesic"":false,""type"":""Point"",""coordinates"":[86.94178289023228,24.426045974729703]}"
1043_0,0.43,0.08985151,5.78,0.59,59.83,0.1218,100.11,11.26,262,0.27633637,0.47,6.31,0.15564546,14.48,0.3259788,0.2441303,-2.15326049054304,0.14,15.353654,226,241,"6/19/24, 12:00 AM",DUMKA,253,2024-12-31,4.95,3.3341472,403,390,371,369,3.8415067,2024-01-01,30.214166666666667,Amba,"{""geodesic"":false,""type"":""Point"",""coordinates"":[86.94205238481752,24.426045974729703]}"
1044_0,0.65,0.08985151,1.64,0.46,26.1,0.1218,145.34,12.36,232,0.27633637,0.39,8.72,0.15564546,12.49,0.3259788,0.2441303,-2.15326049054304,0.13,15.353654,226,241,"6/19/24, 12:00 AM",DUMKA,253,2024-12-31,5.58,3.3341472,403,390,371,369,3.8415067,2024-01-01,30.214166666666667,Amba,"{""geodesic"":false,""type"":""Point"",""coordinates"":[86.94205238481752,24.426045974729703]}"
1045_0,0.78,0.08668236,5.34,0.58,35.38,0.1168647,140.56,3.354,280,0.2870706,0.73,8.58,0.13869706,14.65,0.31357646,0.23890883,-0.037492046834195776,2.17,-0.0,227,237,"6/19/24, 12:00 AM",DUMKA,241,2024-12-31,5.48,3.3341472,401,391,372,371,0.92740995,2024-01-01,30.214166666666667,Amba,"{""geodesic"":false,""type"":""Point"",""coordinates"":[86.94582530901081,24.427932436826357]}"
1046_0,0.45,0.07475,3.39,0.43,9.88,0.10480588,139.14,2.202,239,0.28504705,0.61,9.94,0.1268647,8.46,0.28650296,0.21139118,-0.8624214009387884,0.36,28.77378,227,237,"6/19/24, 12:00 AM",DUMKA,242,2024-12-31,5.46,3.3341472,401,391,372,371,2.1153243,2024-01-01,30.214166666666667,Amba,"{""geodesic"":false,""type"":""Point"",""coordinates"":[86.94555581442557,24.42766294224112]}"
1047_0,0.72,0.08772121,4.33,0.39,87.92,0.11888182,101.22,13.66,248,0.26181817,0.47,10.38,0.15895152,13.87,0.32639393,0.25104243,-1.517535052630669,2.91,270.0,226,241,"6/19/24, 12:00 AM",DUMKA,253,2024-12-31,4.98,3.3341472,403,390,371,369,2.0364702,2024-01-01,30.214166666666667,Amba,"{""geodesic"":false,""type"":""Point"",""coordinates"":[86.94178289023228,24.42577648014447]}"
1048_0,0.75,0.08772121,4.56,0.72,60.34,0.11888182,118.47,0.862,248,0.26181817,0.47,6.39,0.15895152,18.67,0.32639393,0.25104243,-1.517535052630669,2.2,270.0,226,241,"6/18/24, 12:00 AM",DUMKA,253,2024-12-31,5.72,3.3341472,403,390,371,369,2.0364702,2024-01-01,30.214166666666667,Amba,"{""geodesic"":false,""type"":""Point"",""coordinates"":[86.94178289023228,24.42577648014447]}"
1049_0,0.8,0.08815757,3.48,0.48,93.26,0.11932121,98.68,8.05,225,0.2697212,0.57,8.26,0.15366666,8.97,0.32562727,0.24880606,-1.5555543661681235,1.79,208.77336,226,241,"6/18/24, 12:00 AM",DUMKA,252,2024-12-31,5.61,3.3341472,403,390,371,369,2.1153157,2024-01-01,30.214166666666667,Amba,"{""geodesic"":false,""type"":""Point"",""coordinates"":[86.94178289023228,24.425506985559235]}"
1050_0,0.56,0.089912124,4.58,0.88,67.45,0.12731819,128.12,3.32,348,0.28275758,0.59,11.38,0.1788394,7.47,0.3772697,0.29709393,-1.054648348805868,0.81,344.6463,226,241,"6/18/24, 12:00 AM",DUMKA,249,2024-12-31,5.62,3.3341472,403,390,371,369,3.8415074,2024-01-01,30.214166666666667,Amba,"{""geodesic"":false,""type"":""Point"",""coordinates"":[86.94178289023228,24.42631546931494]}"
1051_0,0.52,0.08772121,2.68,0.96,38.62,0.11888182,100.11,9.62,361,0.26181817,0.67,18.51,0.15895152,11.57,0.32639393,0.25104243,-1.517535052630669,1.69,270.0,226,241,"6/18/24, 12:00 AM",DUMKA,253,2024-12-31,5.13,3.3341472,403,390,371,369,2.0364702,2024-01-01,30.214166666666667,Amba,"{""geodesic"":false,""type"":""Point"",""coordinates"":[86.94178289023228,24.42577648014447]}"
1052_0,0.42,0.08044242,4.88,0.63,8.012,0.11502727,114.51,14.5,371,0.27947274,0.55,10.32,0.13620606,14.65,0.30826667,0.22330606,-0.5058345623580961,2.77,20.107897,228,238,"6/18/24, 12:00 AM",DUMKA,245,2024-12-31,5.75,3.3341472,403,394,369,368,2.9604445,2024-01-01,30.214166666666667,Amba,"{""geodesic"":false,""type"":""Point"",""coordinates"":[86.94259137398798,24.427123953070648]}"
1053_0,0.43,0.082021214,5.35,0.41,93.26,0.10852727,145.34,10.15,384,0.26221514,0.59,16.96,0.12724848,7.48,0.30442426,0.22268485,-0.8243879280119271,0.99,90.0,226,241,"6/18/24, 12:00 AM",DUMKA,252,2024-12-31,5.09,3.3341472,403,390,371,369,1.0185568,2024-01-01,30.214166666666667,Amba,"{""geodesic"":false,""type"":""Point"",""coordinates"":[86.94232187940274,24.42577648014447]}"
1054_0,0.42,0.08627143,4.12,0.98,82.16,0.1157,126.33,4.158,389,0.27442285,0.85,14.51,0.13080572,15.47,0.30868572,0.22704571,1.6606474555557462,0.39,270.0,217,232,"6/14/24, 12:00 AM",DUMKA,257,2024-12-31,5.02,3.3341472,421,410,362,358,1.0184873,2024-01-01,30.27477777777777,Amba,"{""geodesic"":false,""type"":""Point"",""coordinates"":[86.91375545336774,24.41715265341692]}"
1055_0,0.75,0.08627143,5.35,0.87,93.26,0.1157,145.34,10.15,384,0.27442285,0.89,16.96,0.13080572,16.47,0.30868572,0.22704571,1.6606474555557462,2.42,270.0,217,232,"6/14/24, 12:00 AM",DUMKA,257,2024-12-31,5.39,3.3341472,421,410,362,358,1.0184873,2024-01-01,30.27477777777777,Amba,"{""geodesic"":false,""type"":""Point"",""coordinates"":[86.91375545336774,24.41715265341692]}"
1056_0,0.52,0.07266,2.68,0.61,38.62,0.10613429,100.11,9.26,361,0.29896,1,18.51,0.12128857,8.97,0.32443428,0.23547429,0.9674980520193587,0.78,90.0,217,232,"6/14/24, 12:00 AM",DUMKA,257,2024-12-31,5.59,3.3341472,421,410,362,358,2.036336,2024-01-01,30.27477777777777,Amba,"{""geodesic"":false,""type"":""Point"",""coordinates"":[86.91375545336774,24.417422148002156]}"
1057_0,0.48,0.08273572,8.11,1.04,26.42,0.11480284,165.01,11.26,274,0.23823687,0.39,10.32,0.11500567,7.47,0.2597766,0.19465674,-0.12982773564914016,2.17,90.0,233,247,"5/25/24, 12:00 AM",DUMKA,150,2024-12-31,5.04,3.4132357,387,386,379,366,1.0178343,2024-01-01,30.279257142857148,Amba,"{""geodesic"":false,""type"":""Point"",""coordinates"":[87.34548577891559,24.336034783260928]}"
1058_0,0.35,0.05710625,2.87,0.95,74.09,0.08645,145.34,3.436,275,0.27334687,0.31,11.54,0.09755625,8.67,0.27966562,0.19420938,-2.0797845689313985,3.14,301.25845,215,231,"5/25/24, 12:00 AM",DUMKA,250,2024-12-31,5.68,3.3341472,414,402,371,368,3.5702107,2024-01-01,30.28741176470588,Amba,"{""geodesic"":false,""type"":""Point"",""coordinates"":[86.93477603101614,24.422003555951168]}"
1059_0,0.65,0.062384374,9.14,0.51,45.66,0.095075,128.12,27.68,225,0.30892187,0.59,8.26,0.10021875,8.97,0.2918594,0.1926875,2.003318599552026,0.78,286.88348,215,231,"5/25/24, 12:00 AM",DUMKA,248,2024-12-31,4.68,3.3341472,414,402,371,368,3.1902475,2024-01-01,30.28741176470588,Amba,"{""geodesic"":false,""type"":""Point"",""coordinates"":[86.9345065364309,24.422003555951168]}"
1060_0,0.78,0.062384374,8.22,0.63,26.75,0.095075,140.56,2.46,244,0.30892187,0.55,9.27,0.10021875,15.47,0.2918594,0.1926875,2.003318599552026,0.36,286.88348,215,231,"5/25/24, 12:00 AM",DUMKA,248,2024-12-31,5.75,3.3341472,414,402,371,368,3.1902475,2024-01-01,30.28741176470588,Amba,"{""geodesic"":false,""type"":""Point"",""coordinates"":[86.9345065364309,24.422003555951168]}"
1061_0,0.46,0.062384374,5.47,0.48,47.12,0.095075,98.63,4.892,243,0.30892187,0.39,4.36,0.10021875,16.67,0.2918594,0.1926875,2.003318599552026,0.39,286.88348,215,231,"5/25/24, 12:00 AM",DUMKA,248,2024-12-31,4.69,3.3341472,414,402,371,368,3.1902475,2024-01-01,30.28741176470588,Amba,"{""geodesic"":false,""type"":""Point"",""coordinates"":[86.9345065364309,24.422003555951168]}"
1062_0,0.52,0.05855,8.27,0.39,31.61,0.086640626,145.34,9.45,258,0.24530312,0.89,8.15,0.09463438,18.67,0.24995938,0.17093125,3.3965615525680883,1.18,-0.0,215,231,"5/17/24, 12:00 AM",DUMKA,248,2024-12-31,5.64,3.3341472,414,402,371,368,0.92740995,2024-01-01,30.28741176470588,Amba,"{""geodesic"":false,""type"":""Point"",""coordinates"":[86.9345065364309,24.422273050536404]}"
1063_0,0.65,0.05855,8.22,0.61,26.75,0.086640626,140.56,2.46,244,0.24530312,0.79,9.27,0.09463438,8.97,0.24995938,0.17093125,3.3965615525680883,2.42,-0.0,215,231,"5/17/24, 12:00 AM",DUMKA,248,2024-12-31,5.44,3.3341472,414,402,371,368,0.92740995,2024-01-01,30.28741176470588,Amba,"{""geodesic"":false,""type"":""Point"",""coordinates"":[86.9345065364309,24.422273050536404]}"
1064_0,0.41,0.07793941,6.11,0.31,47.54,0.12163188,99.68,22.32,274,0.25914276,0.47,6.36,0.12789059,18.65,0.2897442,0.20571305,2.170324712193814,2.34,47.66805,216,231,"5/17/24, 12:00 AM",DUMKA,169,2024-12-31,5.07,3.58974,390,381,394,388,1.3770094,2024-01-01,30.226555555555553,Simra,"{""geodesic"":false,""type"":""Point"",""coordinates"":[87.11425942478323,24.362984241784513]}"
1065_0,0.78,0.07886338,4.91,0.49,37.52,0.10469155,140.56,7.09,262,0.2846507,0.98,6.31,0.11996901,8.46,0.29135352,0.21916479,-1.6712414841249348,0.99,192.39778,206,221,"5/15/24, 12:00 AM",DUMKA,207,2024-12-31,5.73,3.6155806,415,411,379,368,4.7373543,2024-01-01,30.304882352941178,Kusmaha,"{""geodesic"":false,""type"":""Point"",""coordinates"":[87.15495310715384,24.519560595806546]}"
1066_0,0.78,0.07886338,3.12,0.63,74.98,0.10469155,92.78,21.36,258,0.2846507,0.59,9.39,0.11996901,14.65,0.29135352,0.21916479,-1.6712414841249348,1.87,192.39778,206,221,"5/15/24, 12:00 AM",DUMKA,207,2024-12-31,4.88,3.6155806,415,411,379,368,4.7373543,2024-01-01,30.304882352941178,Kusmaha,"{""geodesic"":false,""type"":""Point"",""coordinates"":[87.15495310715384,24.519560595806546]}"
1067_0,0.58,0.07886338,6.03,0.43,29.67,0.10469155,150.06,10.85,258,0.2846507,0.48,8.15,0.11996901,15.45,0.29135352,0.21916479,-1.6712414841249348,2.2,192.39778,206,221,"5/15/24, 12:00 AM",DUMKA,207,2024-12-31,5.08,3.6155806,415,411,379,368,4.7373543,2024-01-01,30.304882352941178,Kusmaha,"{""geodesic"":false,""type"":""Point"",""coordinates"":[87.15495310715384,24.519560595806546]}"
1068_0,0.41,0.07319058,5.78,0.41,59.83,0.10464348,100.11,11.26,262,0.27766377,0.63,6.31,0.11861739,19.58,0.29034057,0.20958406,-2.235634581965155,0.23,77.174644,224,237,"5/28/24, 12:00 AM",DUMKA,231,2024-12-31,5.13,3.4005349,392,383,384,380,4.1708794,2024-01-01,30.26283333333334,Patsar,"{""geodesic"":false,""type"":""Point"",""coordinates"":[86.9811290996767,24.40610337542225]}"
1069_0,0.65,0.08094173,4.56,0.58,60.34,0.112460434,118.47,0.862,248,0.2788885,0.26,6.39,0.13511151,8.89,0.32988706,0.24993525,-1.6114220212170158,0.39,65.51929,224,237,"5/28/24, 12:00 AM",DUMKA,233,2024-12-31,4.88,3.4005349,392,383,384,380,2.237087,2024-01-01,30.266333333333325,Patsar,"{""geodesic"":false,""type"":""Point"",""coordinates"":[86.98085960509147,24.40610337542225]}"
1070_0,0.65,0.07319058,5.34,0.97,35.38,0.10464348,140.56,3.354,280,0.27766377,0.79,8.58,0.11861739,15.45,0.29034057,0.20958406,-2.235634581965155,0.14,77.174644,224,237,"5/28/24, 12:00 AM",DUMKA,231,2024-12-31,5.08,3.4005349,392,383,384,380,4.1708794,2024-01-01,30.26283333333334,Patsar,"{""geodesic"":false,""type"":""Point"",""coordinates"":[86.9811290996767,24.40610337542225]}"
1071_0,0.8,0.07438813,2.45,0.78,38.34,0.10647203,115.31,37.6,376,0.25776103,0.83,15.08,0.12069661,9.47,0.25984237,0.18938136,4.225723615599451,0.36,47.678707,226,243,"6/8/24, 12:00 AM",DUMKA,231,2024-12-31,5.83,3.4005349,395,381,379,376,2.7529912,2024-01-01,30.234400000000004,Bhalki,"{""geodesic"":false,""type"":""Point"",""coordinates"":[86.96927133792633,24.410415288786027]}"
1072_0,0.42,0.053561863,2.68,0.98,38.62,0.07173051,100.11,9.26,361,0.23290677,0.85,18.51,0.06597712,15.49,0.20210339,0.1300678,4.225723615599451,1.87,47.678707,222,240,"6/8/24, 12:00 AM",DUMKA,231,2024-12-31,5.02,3.4005349,393,379,385,382,2.7529912,2024-01-01,30.234400000000004,Bhalki,"{""geodesic"":false,""type"":""Point"",""coordinates"":[86.96927133792633,24.41014579420079]}"
1073_0,0.65,0.07438813,6.89,0.59,38.45,0.10647203,126.33,13.36,254,0.25776103,0.47,8.21,0.12069661,18.67,0.25984237,0.18938136,4.225723615599451,0.39,47.678707,226,243,"6/8/24, 12:00 AM",DUMKA,231,2024-12-31,4.95,3.4005349,395,381,379,376,2.7529912,2024-01-01,30.234400000000004,Bhalki,"{""geodesic"":false,""type"":""Point"",""coordinates"":[86.96927133792633,24.410415288786027]}"
1074_0,0.46,0.053561863,1.64,0.58,26.1,0.07173051,145.34,12.36,232,0.23290677,0.26,8.72,0.06597712,21.47,0.20210339,0.1300678,4.225723615599451,1.13,47.678707,222,240,"6/8/24, 12:00 AM",DUMKA,231,2024-12-31,4.88,3.4005349,393,379,385,382,2.7529912,2024-01-01,30.234400000000004,Bhalki,"{""geodesic"":false,""type"":""Point"",""coordinates"":[86.96927133792633,24.41014579420079]}"
1075_0,0.48,0.05787232,2.45,0.92,38.34,0.0840875,115.31,37.6,376,0.24609554,0.57,15.08,0.088716075,18.67,0.25376785,0.18155715,-1.611491756005336,1.08,65.52005,230,246,"6/13/24, 12:00 AM",DUMKA,234,2024-12-31,5.47,3.4005349,393,380,377,375,2.237152,2024-01-01,30.234400000000004,Bara,"{""geodesic"":false,""type"":""Point"",""coordinates"":[86.96819335958538,24.410684783371263]}"
1076_0,0.46,0.05040254,3.65,0.59,64.89,0.07012288,128.12,35.2,385,0.24121949,0.42,19.15,0.059537288,15.49,0.1971034,0.122564405,5.22081278856965,0.36,270.0,222,240,"6/12/24, 12:00 AM",DUMKA,231,2024-12-31,5.33,3.4005349,393,379,385,382,1.0184313,2024-01-01,30.234400000000004,Bara,"{""geodesic"":false,""type"":""Point"",""coordinates"":[86.96954083251157,24.41014579420079]}"
1077_0,0.81,0.053561863,2.78,0.48,63.27,0.07173051,106.77,0.482,358,0.23290677,0.39,13.37,0.06597712,8.46,0.20210339,0.1300678,4.225723615599451,0.19,47.678707,222,240,"6/12/24, 12:00 AM",DUMKA,231,2024-12-31,4.69,3.4005349,393,379,385,382,2.7529912,2024-01-01,30.234400000000004,Bara,"{""geodesic"":false,""type"":""Point"",""coordinates"":[86.96927133792633,24.41014579420079]}"
1078_0,0.82,0.053561863,2.45,0.63,38.34,0.07173051,115.31,37.6,376,0.23290677,0.48,15.08,0.06597712,9.47,0.20210339,0.1300678,4.225723615599451,2.78,47.678707,222,240,"6/12/24, 12:00 AM",DUMKA,231,2024-12-31,5.71,3.4005349,393,379,385,382,2.7529912,2024-01-01,30.234400000000004,Bara,"{""geodesic"":false,""type"":""Point"",""coordinates"":[86.96927133792633,24.41014579420079]}"
1079_0,0.45,0.053561863,2.68,0.61,38.62,0.07173051,100.11,9.26,361,0.23290677,0.61,18.51,0.06597712,15.49,0.20210339,0.1300678,4.225723615599451,0.34,47.678707,222,240,"6/12/24, 12:00 AM",DUMKA,231,2024-12-31,5.59,3.4005349,393,379,385,382,2.7529912,2024-01-01,30.234400000000004,Bara,"{""geodesic"":false,""type"":""Point"",""coordinates"":[86.96927133792633,24.41014579420079]}"
1080_0,0.43,0.08821752,2.12,0.89,45.23,0.1342768,129.12,3.178,272,0.2865797,0.98,18.76,0.14536667,9.34,0.30788842,0.22382608,2.2211221471479043,0.34,90.0,216,231,"5/17/24, 12:00 AM",DUMKA,171,2024-12-31,5.14,3.58974,390,381,394,388,1.0180509,2024-01-01,30.226555555555553,Thanpur,"{""geodesic"":false,""type"":""Point"",""coordinates"":[87.11372043561275,24.362984241784513]}"
1083_0,0.65,0.05052857,3.25,0.39,96.34,0.07566571,113.29,14.2,245,0.24566571,0.53,11.28,0.08385429,18.67,0.23771429,0.17096858,-2.4968414127459058,0.46,290.00427,231,245,"6/20/24, 12:00 AM",DUMKA,243,2024-12-31,5.17,3.2468905,389,379,380,376,5.4063935,2024-01-01,30.278500000000008,Majhiladih,"{""geodesic"":false,""type"":""Point"",""coordinates"":[86.94420834149939,24.47590247299834]}"
1084_0,0.45,0.05052857,6.59,0.37,47.85,0.07566571,128.12,15.66,274,0.24566571,0.68,10.59,0.08385429,8.97,0.23771429,0.17096858,-2.4968414127459058,2.91,290.00427,231,245,"6/20/24, 12:00 AM",DUMKA,243,2024-12-31,5.46,3.2468905,389,379,380,376,5.4063935,2024-01-01,30.278500000000008,Majhiladih,"{""geodesic"":false,""type"":""Point"",""coordinates"":[86.94420834149939,24.47590247299834]}"
1085_0,0.42,0.074197225,4.33,0.39,87.92,0.09737222,101.22,13.66,248,0.20044166,0.47,10.38,0.12862778,8.97,0.28253335,0.24214445,-1.9678208281019454,0.34,73.12339,221,238,"6/25/24, 12:00 AM",DUMKA,240,2024-12-31,4.98,3.2468905,385,375,394,388,3.1915073,2024-01-01,30.28872222222223,Jangalpur,"{""geodesic"":false,""type"":""Point"",""coordinates"":[86.9223792800953,24.47644146216881]}"
1086_0,0.46,0.07001286,1.46,0.42,25.6,0.09870572,193.088,26.35,232.42,0.27446714,0.49,14.78,0.112192854,10.78,0.24889,0.17472428,-2.1540786423896914,1.25,344.63504,208,233,"5/8/24, 12:00 AM",DUMKA,212,2024-12-31,5.16,3.6155806,406,395,386,372,3.8417144,2024-01-01,30.23738888888889,Bauria,"{""geodesic"":false,""type"":""Point"",""coordinates"":[87.1689668255861,24.52333351999985]}"
1087_0,0.26,0.07001286,1.55,0.45,25.2,0.09870572,213.696,28.1,205.42,0.27446714,0.41,17.48,0.112192854,13.05,0.24889,0.17472428,-2.1540786423896914,1.35,344.63504,208,233,"5/8/24, 12:00 AM",DUMKA,212,2024-12-31,5.49,3.6155806,406,395,386,372,3.8417144,2024-01-01,30.23738888888889,Bauria,"{""geodesic"":false,""type"":""Point"",""coordinates"":[87.1689668255861,24.52333351999985]}"
1088_0,0.51,0.07001286,0.96,0.45,32.5,0.09870572,235.536,24.36,275.41,0.27446714,0.47,14.77125,0.112192854,9.25,0.24889,0.17472428,-2.1540786423896914,1.52,344.63504,208,233,"5/8/24, 12:00 AM",DUMKA,212,2024-12-31,5.79,3.6155806,406,395,386,372,3.8417144,2024-01-01,30.23738888888889,Bauria,"{""geodesic"":false,""type"":""Point"",""coordinates"":[87.1689668255861,24.52333351999985]}"
1089_0,0.25,0.07001286,2.15,0.47,23.5,0.09870572,217.392,27.15,269.33,0.27446714,0.57,18.719999999999988,0.112192854,10.47,0.24889,0.17472428,-2.1540786423896914,1.62,344.63504,208,233,"5/8/24, 12:00 AM",DUMKA,212,2024-12-31,5.27,3.6155806,406,395,386,372,3.8417144,2024-01-01,30.23738888888889,Bauria,"{""geodesic"":false,""type"":""Point"",""coordinates"":[87.1689668255861,24.52333351999985]}"
1090_0,0.62,0.06812222,0.85,0.41,21.5,0.09210555,259.28,25.24,275.57,0.28405833,0.53,13.62,0.09957917,10.24,0.24639028,0.17962083,-0.43434798564146815,0.58,47.70501,218,237,"5/8/24, 12:00 AM",DUMKA,207,2024-12-31,5.24,3.6155806,423,416,359,347,1.3779851,2024-01-01,30.23233333333334,Bauria,"{""geodesic"":false,""type"":""Point"",""coordinates"":[87.1651939013928,24.526297960437443]}"
1091_0,0.29,0.06812222,2.95,0.42,32.2,0.09210555,225.792,26.35,208.51,0.28405833,0.49,14.75,0.09957917,12.42,0.24639028,0.17962083,-0.43434798564146815,0.65,47.70501,218,237,"5/8/24, 12:00 AM",DUMKA,207,2024-12-31,5.19,3.6155806,423,416,359,347,1.3779851,2024-01-01,30.23233333333334,Bauria,"{""geodesic"":false,""type"":""Point"",""coordinates"":[87.1651939013928,24.526297960437443]}"
1092_0,0.44,0.06812222,1.76,0.42,20.55,0.09210555,192.976,31.26,185.12,0.28405833,0.51,14.23,0.09957917,12.44,0.24639028,0.17962083,-0.43434798564146815,1.29,47.70501,218,237,"5/8/24, 12:00 AM",DUMKA,207,2024-12-31,4.89,3.6155806,423,416,359,347,1.3779851,2024-01-01,30.23233333333334,Bauria,"{""geodesic"":false,""type"":""Point"",""coordinates"":[87.1651939013928,24.526297960437443]}"
1093_0,0.75,0.10040278,0.56,0.47,32.5,0.1393236,227.92,20.69,301.26,0.3008264,0.55,12.01,0.18275417,10.23,0.36740416,0.28567085,-1.275379164135082,1.87,73.12933,200,216,"5/8/24, 12:00 AM",DUMKA,217,2024-12-31,5.75,3.6155806,415,408,385,377,3.1925967,2024-01-01,30.220166666666657,Bauria,"{""geodesic"":false,""type"":""Point"",""coordinates"":[87.17462621187606,24.52333351999985]}"
1094_0,0.29,0.06812222,0.74,0.46,25.6,0.09210555,163.74399999999997,22.65,285.12,0.28405833,0.42,14.75,0.09957917,14.22,0.24639028,0.17962083,-0.43434798564146815,1.45,47.70501,218,237,"5/8/24, 12:00 AM",DUMKA,207,2024-12-31,5.22,3.6155806,423,416,359,347,1.3779851,2024-01-01,30.23233333333334,Bauria,"{""geodesic"":false,""type"":""Point"",""coordinates"":[87.1651939013928,24.526297960437443]}"
1095_0,0.23,0.06812222,0.85,0.42,24.11,0.09210555,205.408,20.56,275.67,0.28405833,0.43,10.44,0.09957917,15.42,0.24639028,0.17962083,-0.43434798564146815,1.29,47.70501,218,237,"5/8/24, 12:00 AM",DUMKA,207,2024-12-31,5.41,3.6155806,423,416,359,347,1.3779851,2024-01-01,30.23233333333334,Bauria,"{""geodesic"":false,""type"":""Point"",""coordinates"":[87.1651939013928,24.526297960437443]}"
1096_0,0.42,0.06812222,1.2,0.43,29.6,0.09210555,235.536,28.55,279.33,0.28405833,0.47,15.45,0.09957917,10.42,0.24639028,0.17962083,-0.43434798564146815,1.49,47.70501,218,237,"5/8/24, 12:00 AM",DUMKA,207,2024-12-31,4.85,3.6155806,423,416,359,347,1.3779851,2024-01-01,30.23233333333334,Bauria,"{""geodesic"":false,""type"":""Point"",""coordinates"":[87.1651939013928,24.526297960437443]}"
1097_0,0.46,0.10040278,2.02,0.56,23.6,0.1393236,174.944,26.33,297.82,0.3008264,0.44,16.85,0.18275417,13.22,0.36740416,0.28567085,-1.275379164135082,0.75,73.12933,200,216,"5/8/24, 12:00 AM",DUMKA,217,2024-12-31,5.18,3.6155806,415,408,385,377,3.1925967,2024-01-01,30.220166666666657,Bauria,"{""geodesic"":false,""type"":""Point"",""coordinates"":[87.17462621187606,24.52333351999985]}"
1098_0,0.52,0.09039583,1.69,0.48,25.6,0.12529166,197.68,23.56,195.26,0.27510834,0.47,13.99,0.15864305,12.49875,0.32822084,0.25584444,-2.249666180445115,1.09,208.79257,214,234,"5/8/24, 12:00 AM",DUMKA,206,2024-12-31,5.27,3.6155806,423,416,363,351,4.225656,2024-01-01,30.236055555555552,Bauria,"{""geodesic"":false,""type"":""Point"",""coordinates"":[87.16330743929615,24.525489476681734]}"
1099_0,0.27,0.07886338,0.45,0.51,25.6,0.10469155,170.91199999999998,20.63,282.24,0.2846507,0.53,15.84,0.11996901,14.77125,0.29135352,0.21916479,-1.6712414841249348,0.89,192.39778,206,221,"5/8/24, 12:00 AM",DUMKA,207,2024-12-31,5.02,3.6155806,415,411,379,368,4.7373543,2024-01-01,30.304882352941178,Bauria,"{""geodesic"":false,""type"":""Point"",""coordinates"":[87.15495310715384,24.519560595806546]}"
1100_0,0.25,0.09324225,1.93,0.52,26.3,0.12714648,171.808,25.14,288.51,0.29759577,0.42,16.85,0.18338309,14.26,0.38212958,0.31286055,-1.1997904728238704,1.27,20.121328,202,217,"5/8/24, 12:00 AM",DUMKA,199,2024-12-31,5.81,3.6155806,414,411,384,372,2.9606984,2024-01-01,30.304882352941178,Bauria,"{""geodesic"":false,""type"":""Point"",""coordinates"":[87.15441411798336,24.518482617465605]}"
1101_0,0.63,0.09136197,1.56,0.54,24.5,0.12623943,182.336,28.14,304.12,0.3061648,0.49,14.07,0.17257747,14.22,0.3364831,0.28199297,-2.249609901235635,0.59,151.20851,206,223,"5/8/24, 12:00 AM",DUMKA,208,2024-12-31,4.92,3.6155806,414,410,380,367,4.225613,2024-01-01,30.304882352941178,Bauria,"{""geodesic"":false,""type"":""Point"",""coordinates"":[87.15603108549477,24.520099584977018]}"
1102_0,0.79,0.09622394,0.95,0.56,25.6,0.124656335,204.848,29.36,291.53,0.26161832,0.49,16.42,0.14950845,11.24,0.29771692,0.24482113,-1.9244848160125532,1.72,90.0,206,223,"5/8/24, 12:00 AM",DUMKA,208,2024-12-31,5.34,3.6155806,414,410,380,367,3.0553865,2024-01-01,30.304882352941178,Bauria,"{""geodesic"":false,""type"":""Point"",""coordinates"":[87.15630058008001,24.520369079562254]}"
1103_0,0.25,0.08114648,1.72,0.41,31.2,0.10962958,158.14399999999998,28.24,285.12,0.27158028,0.42,12.12,0.1318831,9.42,0.28403804,0.22533663,-1.8929569417593697,1.72,339.8784,206,223,"5/8/24, 12:00 AM",DUMKA,206,2024-12-31,5.28,3.6155806,414,410,380,367,2.9607036,2024-01-01,30.304882352941178,Bauria,"{""geodesic"":false,""type"":""Point"",""coordinates"":[87.15603108549477,24.52063857414749]}"
1104_0,0.23,0.097232394,0.87,0.45,25.3,0.12479155,183.904,20.41,253.22,0.2678352,0.41,11.42,0.1475183,10.56,0.2927324,0.23692676,-1.5564632179950109,1.42,331.20847,206,223,"5/8/24, 12:00 AM",DUMKA,208,2024-12-31,5.27,3.6155806,414,410,380,367,2.1156845,2024-01-01,30.304882352941178,Bauria,"{""geodesic"":false,""type"":""Point"",""coordinates"":[87.15603108549477,24.520369079562254]}"
1105_0,0.58,0.07839,0.96,0.52,31.5,0.10314143,215.376,26.33,241.24,0.25763285,0.49,19.85,0.10473572,10.56,0.26230428,0.18469,-2.04463235612801,1.28,216.22733,218,240,"5/8/24, 12:00 AM",DUMKA,171,2024-12-31,5.24,3.5832176,369,361,413,399,3.445138,2024-01-01,30.279771428571426,Kamarbandha,"{""geodesic"":false,""type"":""Point"",""coordinates"":[87.12557819736313,24.498270523572916]}"
1106_0,0.29,0.07515224,1.55,0.42,28.5,0.10356418,205.408,24.26,275.11,0.25220448,0.41,17.42,0.13657314,12.44,0.34485373,0.25437164,-2.1958931616830677,1.36,337.60376,232,249,"5/8/24, 12:00 AM",DUMKA,189,2024-12-31,5.14,3.6432247,377,371,391,381,7.9733925,2024-01-01,30.278399999999998,Kamarbandha,"{""geodesic"":false,""type"":""Point"",""coordinates"":[87.29994119401073,24.496384061476263]}"
1107_0,0.38,0.08524658,1.65,0.49,23.56,0.10681096,216.44,29.51,313.6,0.28372192,0.43,16.87,0.11146165,12.5,0.27765343,0.19154246,-2.441635878444652,1.25,63.15867,237,243,"5/7/24, 12:00 AM",DUMKA,105,2024-12-31,5.31,3.5241098,411,417,352,341,10.162795,2024-01-01,30.305542857142864,Bhagabandh,"{""geodesic"":false,""type"":""Point"",""coordinates"":[87.54006086945587,24.373225036023477]}"
1108_0,0.23,0.09864657,1.69,0.46,26.3,0.11963562,159.88,23.01,304.07,0.2808178,0.43,14.39,0.12773561,13.26,0.28973013,0.2013274,-1.1356775015651088,0.85,-0.0,237,243,"5/7/24, 12:00 AM",DUMKA,100,2024-12-31,5.11,3.5241098,411,417,352,341,2.7802885,2024-01-01,30.305542857142864,Bhagabandh,"{""geodesic"":false,""type"":""Point"",""coordinates"":[87.54033036404111,24.373494530608713]}"
1109_0,0.42,0.082643665,1.96,0.52,29.5,0.10652817,183.12,32.56,237.32,0.2523493,0.43,16.33,0.12439718,13.635,0.25832114,0.18964225,-2.195972121011132,0.61,337.60242,224,243,"5/10/24, 12:00 AM",DUMKA,188,2024-12-31,5.41,3.4890735,388,376,388,381,7.9734683,2024-01-01,30.223351351351347,Tharikhasia,"{""geodesic"":false,""type"":""Point"",""coordinates"":[87.14066989413634,24.504738393618574]}"
1110_0,0.37,0.06891791,1.53,0.49,21.6,0.09803881,205.408,36.33,272.83,0.2629209,0.47,16.23,0.12989104,13.94,0.3247194,0.24802239,-1.5562233178799636,1.06,208.78674,225,243,"5/10/24, 12:00 AM",DUMKA,197,2024-12-31,5.47,3.6808677,378,371,397,385,2.115587,2024-01-01,30.278399999999998,Tharikhasia,"{""geodesic"":false,""type"":""Point"",""coordinates"":[87.30074967776643,24.495306083135322]}"
1111_0,0.52,0.06853283,1.48,0.45,25.4,0.096537314,196.672,36.25,275.12,0.26252836,0.43,15.42,0.1286582,7.16,0.31781492,0.24056567,-1.5562233178799636,0.69,151.21326,225,243,"5/10/24, 12:00 AM",DUMKA,197,2024-12-31,5.39,3.6808677,378,371,397,385,2.115587,2024-01-01,30.278399999999998,Tharikhasia,"{""geodesic"":false,""type"":""Point"",""coordinates"":[87.30101917235167,24.495306083135322]}"
1112_0,0.46,0.06817164,1.46,0.54,24.6,0.09599552,181.888,31.25,178.51,0.2654836,0.49,12.02,0.12409403,12.47,0.3217209,0.24050747,-1.1271088771423174,1.48,132.30225,225,243,"5/10/24, 12:00 AM",DUMKA,190,2024-12-31,4.81,3.6808677,378,371,397,385,1.3777936,2024-01-01,30.278399999999998,Tharikhasia,"{""geodesic"":false,""type"":""Point"",""coordinates"":[87.3004801831812,24.494497599379613]}"
1113_0,0.25,0.08689394,1.25,0.52,24.56,0.109039396,203.53,26.35,268.45,0.2709197,0.34,14.22,0.111881815,11.42,0.2957803,0.21641667,-2.2116631956350075,1.24,90.0,225,246,"5/10/24, 12:00 AM",DUMKA,176,2024-12-31,5.14,3.5832176,365,357,410,396,4.069811,2024-01-01,30.27000000000001,Purnia,"{""geodesic"":false,""type"":""Point"",""coordinates"":[87.12881213238596,24.488029729333952]}"
1114_0,0.35,0.07403383,2.41,0.54,24.14,0.103539705,124.05,26.58,216.53,0.28343087,0.49,10.56,0.13524118,10.24,0.35496765,0.26609707,0.2358255231511872,1.22,208.78087,228,247,"5/10/24, 12:00 AM",DUMKA,184,2024-12-31,5.44,3.5832176,371,362,401,391,2.115468,2024-01-01,30.25344444444444,Purnia,"{""geodesic"":false,""type"":""Point"",""coordinates"":[87.1034796413738,24.46485319500367]}"
1115_0,0.52,0.08689394,2.02,0.42,25.36,0.109039396,215.2,20.45,255.41,0.2709197,0.47,10.44,0.111881815,12.42,0.2957803,0.21641667,-2.2116631956350075,1.84,90.0,225,246,"5/10/24, 12:00 AM",DUMKA,176,2024-12-31,5.41,3.5832176,365,357,410,396,4.069811,2024-01-01,30.27000000000001,Purnia,"{""geodesic"":false,""type"":""Point"",""coordinates"":[87.12881213238596,24.488029729333952]}"
1116_0,0.59,0.08650714,0.84,0.56,14.56,0.11878714,150.23,23.52,263.05,0.28052142,0.47,12.25,0.13517715,13.02,0.30155715,0.22298571,-1.5189168368250079,0.9,270.0,232,248,"5/10/24, 12:00 AM",DUMKA,174,2024-12-31,5.47,3.4890735,375,368,393,384,2.0378895,2024-01-01,30.227729729729727,Purnia,"{""geodesic"":false,""type"":""Point"",""coordinates"":[87.12476971360742,24.513631714931357]}"
1117_0,0.41,0.06999143,0.74,0.42,25.6,0.091825716,207.872,28.74,279.22,0.24365,0.41,18.44,0.100842856,10.47,0.24474715,0.18053,-2.0446587901455078,0.56,36.227814,224,243,"5/9/24, 12:00 AM",DUMKA,178,2024-12-31,4.86,3.4890735,368,362,408,395,3.4451592,2024-01-01,30.223351351351347,Bindasarai,"{""geodesic"":false,""type"":""Point"",""coordinates"":[87.1320460674088,24.500426480254802]}"
1118_0,0.27,0.06999143,1.22,0.58,24.51,0.091825716,207.872,26.53,269.7,0.24365,0.55,13.02,0.100842856,15.528750000000002,0.24474715,0.18053,-2.0446587901455078,0.52,36.227814,224,243,"5/9/24, 12:00 AM",DUMKA,178,2024-12-31,5.41,3.4890735,368,362,408,395,3.4451592,2024-01-01,30.223351351351347,Bindasarai,"{""geodesic"":false,""type"":""Point"",""coordinates"":[87.1320460674088,24.500426480254802]}"
1119_0,0.22,0.07263572,1.22,0.52,25.6,0.09783,148.512,28.56,282.24,0.30009142,0.55,14.77125,0.09539285,12.42,0.22141142,0.15350285,-2.0447746485807223,1.43,216.23022,232,249,"5/8/24, 12:00 AM",DUMKA,178,2024-12-31,5.33,3.4890735,368,360,401,391,3.4452653,2024-01-01,30.227729729729727,Khasia,"{""geodesic"":false,""type"":""Point"",""coordinates"":[87.12665617570407,24.511745252834707]}"
1120_0,0.46,0.07268286,1.66,0.52,33.2,0.09801571,172.59199999999998,30.12,302.22,0.29821,0.42,13.489999999999991,0.094195716,10.42,0.23084286,0.16509715,-1.892859989159204,1.68,200.12003,230,246,"5/8/24, 12:00 AM",DUMKA,177,2024-12-31,5.05,3.4890735,371,363,399,391,2.9606736,2024-01-01,30.228216216216207,Khasia,"{""geodesic"":false,""type"":""Point"",""coordinates"":[87.12719516487455,24.50958929615282]}"
1121_0,0.42,0.08528451,0.75,0.58,25.3,0.10553662,240.24,25.64,313.6,0.22855915,0.41,14.3925,0.118904226,10.78,0.25149295,0.20697747,-1.820416239771022,1.48,227.70071,226,246,"5/8/24, 12:00 AM",DUMKA,175,2024-12-31,5.19,3.4890735,374,365,400,389,2.7541518,2024-01-01,30.219243243243238,Khasia,"{""geodesic"":false,""type"":""Point"",""coordinates"":[87.12530870277789,24.507433339470932]}"
1122_0,0.35,0.08528451,1.65,0.53,25.6,0.10553662,217.392,22.36,297.12,0.22855915,0.47,15.986879999999998,0.118904226,13.05,0.25149295,0.20697747,-1.820416239771022,1.69,227.70071,226,246,"5/8/24, 12:00 AM",DUMKA,175,2024-12-31,5.19,3.4890735,374,365,400,389,2.7541518,2024-01-01,30.219243243243238,Khasia,"{""geodesic"":false,""type"":""Point"",""coordinates"":[87.12530870277789,24.507433339470932]}"
1123_0,0.25,0.08194857,0.86,0.56,23.6,0.10118857,208.768,30.25,313.26,0.28756,0.49,15.55,0.10558715,13.32,0.2614457,0.18284714,-2.1538965131458907,1.58,344.6376,224,243,"5/8/24, 12:00 AM",DUMKA,185,2024-12-31,5.14,3.4890735,368,362,408,395,3.8416674,2024-01-01,30.223351351351347,Khasia,"{""geodesic"":false,""type"":""Point"",""coordinates"":[87.13312404574974,24.501504458595743]}"
1124_0,0.38,0.07133572,0.96,0.56,24.5,0.08945572,262.64,24.18,291.52,0.26976427,0.47,13.62,0.08684714,12.33,0.23418428,0.15873,-0.9822513769584504,1.47,58.7574,224,243,"5/8/24, 12:00 AM",DUMKA,177,2024-12-31,5.26,3.4890735,368,362,408,395,3.5718355,2024-01-01,30.223351351351347,Khasia,"{""geodesic"":false,""type"":""Point"",""coordinates"":[87.13231556199402,24.500426480254802]}"
1125_0,0.29,0.082514286,1.18,0.42,13.6,0.103211425,215.6,30.25,257.42,0.30050287,0.53,14.22,0.10559857,12.42,0.24073286,0.16858572,-0.8255580286623142,0.93,270.0,224,243,"5/8/24, 12:00 AM",DUMKA,181,2024-12-31,5.32,3.5832176,368,362,408,395,1.0191567,2024-01-01,30.293485714285705,Khasia,"{""geodesic"":false,""type"":""Point"",""coordinates"":[87.13150707823831,24.49988749108433]}"
1126_0,0.35,0.07748508,6.98,0.52,25,0.10205821,245,18.5,211,0.26609254,0.28,12.3,0.11523283,4,0.27754328,0.20222835,-2.2257272197580615,3.16,132.30211,211,227,"3/22/24, 12:00 AM",DUMKA,198,2024-12-31,4.34,3.6432247,368,359,421,414,4.127035,2024-01-01,30.2688,Harwa Dangal,"{""geodesic"":false,""type"":""Point"",""coordinates"":[87.265984876271,24.495036588550086]}"
1127_0,0.47,0.07748508,5.69,0.61,75,0.10205821,209,17.8,176,0.26609254,0.43,18.2,0.11523283,9,0.27754328,0.20222835,-2.2257272197580615,1.15,132.30211,211,227,"3/22/24, 12:00 AM",DUMKA,198,2024-12-31,4.29,3.6432247,368,359,421,414,4.127035,2024-01-01,30.2688,Harwa Dangal,"{""geodesic"":false,""type"":""Point"",""coordinates"":[87.265984876271,24.495036588550086]}"
1128_0,0.46,0.0796597,4.56,0.62,45,0.09918209,165,0.96,223,0.20239104,0.75,16.3,0.11905224,12,0.24488507,0.20647015,-1.6125565409705638,2.08,294.46725,218,234,"3/22/24, 12:00 AM",DUMKA,212,2024-12-31,4.33,3.6432247,373,368,409,398,2.238242,2024-01-01,30.25205714285714,Manrro,"{""geodesic"":false,""type"":""Point"",""coordinates"":[87.2907783781127,24.484795794311122]}"
1129_0,0.27,0.08631945,1.09,0.45,18.53,0.11143611,213.696,26.53,210.23,0.25539723,0.42,12.34,0.122,14.22,0.26935974,0.19499305,-1.27536449181803,0.78,286.87082,246,270,"5/9/24, 12:00 AM",DUMKA,171,2024-12-31,5.16,3.4890735,377,367,377,363,3.1925707,2024-01-01,30.256388888888882,Majhdiha,"{""geodesic"":false,""type"":""Point"",""coordinates"":[87.11857133814699,24.522255541658907]}"
1130_0,0.21,0.08631945,0.86,0.56,26.35,0.11143611,235.536,25.48,269.35,0.25539723,0.45,11.25,0.122,8.42,0.26935974,0.19499305,-1.27536449181803,0.69,286.87082,246,270,"5/9/24, 12:00 AM",DUMKA,171,2024-12-31,5.27,3.4890735,377,367,377,363,3.1925707,2024-01-01,30.256388888888882,Majhdiha,"{""geodesic"":false,""type"":""Point"",""coordinates"":[87.11857133814699,24.522255541658907]}"
1131_0,0.36,0.090111114,0.68,0.56,28.63,0.11671389,192.08,20.58,266.53,0.2763764,0.41,18.44,0.12640278,12.04,0.28935,0.2103486,-0.8258944253188581,0.25,270.0,246,270,"5/9/24, 12:00 AM",DUMKA,171,2024-12-31,4.89,3.4890735,377,367,377,363,3.055427,2024-01-01,30.256388888888882,Majhdiha,"{""geodesic"":false,""type"":""Point"",""coordinates"":[87.11857133814699,24.52198604707367]}"
1132_0,0.42,0.090111114,1.26,0.46,32.5,0.11671389,207.872,27.15,272.45,0.2763764,0.43,16.23,0.12640278,10.74,0.28935,0.2103486,-0.8258944253188581,0.45,270.0,246,270,"5/9/24, 12:00 AM",DUMKA,171,2024-12-31,5.44,3.4890735,377,367,377,363,3.055427,2024-01-01,30.256388888888882,Majhdiha,"{""geodesic"":false,""type"":""Point"",""coordinates"":[87.11857133814699,24.52198604707367]}"
1133_0,0.31,0.090111114,2.01,0.47,23.56,0.11671389,181.552,30.56,194.15,0.2763764,0.47,12.02,0.12640278,10.56,0.28935,0.2103486,-0.8258944253188581,0.58,270.0,246,270,"5/9/24, 12:00 AM",DUMKA,171,2024-12-31,5.35,3.4890735,377,367,377,363,3.055427,2024-01-01,30.256388888888882,Majhdiha,"{""geodesic"":false,""type"":""Point"",""coordinates"":[87.11857133814699,24.52198604707367]}"
1134_0,0.48,0.090111114,1.12,0.42,29.6,0.11671389,205.408,32.65,201.26,0.2763764,0.45,16.3,0.12640278,10.42,0.28935,0.2103486,-0.8258944253188581,0.36,270.0,246,270,"5/9/24, 12:00 AM",DUMKA,171,2024-12-31,5.42,3.4890735,377,367,377,363,3.055427,2024-01-01,30.256388888888882,Majhdiha,"{""geodesic"":false,""type"":""Point"",""coordinates"":[87.11857133814699,24.52198604707367]}"
1135_0,0.74,0.090111114,2.43,0.52,20.45,0.11671389,208.768,25.4,241.22,0.2763764,0.43,15.55,0.12640278,11.42,0.28935,0.2103486,-0.8258944253188581,0.36,270.0,246,270,"5/9/24, 12:00 AM",DUMKA,171,2024-12-31,5.12,3.4890735,377,367,377,363,3.055427,2024-01-01,30.256388888888882,Majhdiha,"{""geodesic"":false,""type"":""Point"",""coordinates"":[87.11857133814699,24.52198604707367]}"
1136_0,0.43,0.090111114,0.74,0.47,32.4,0.11671389,125.68,23.14,279.6,0.2763764,0.49,14.75,0.12640278,13.05,0.28935,0.2103486,-0.8258944253188581,0.53,270.0,246,270,"5/9/24, 12:00 AM",DUMKA,171,2024-12-31,5.12,3.4890735,377,367,377,363,3.055427,2024-01-01,30.256388888888882,Majhdiha,"{""geodesic"":false,""type"":""Point"",""coordinates"":[87.11857133814699,24.52198604707367]}"
1137_0,0.58,0.055277612,1.87,0.54,23.6,0.07758358,203.15,23.45,275.41,0.26975372,0.41,12.87,0.07665821,12.42,0.22606567,0.14360298,-0.8417185678465021,0.63,100.31517,226,243,"5/9/24, 12:00 AM",DUMKA,194,2024-12-31,5.16,3.6432247,372,368,402,390,5.1656575,2024-01-01,30.278399999999998,Majhdiha,"{""geodesic"":false,""type"":""Point"",""coordinates"":[87.29886321566978,24.491802653527255]}"
1138_0,0.54,0.07718955,0.85,0.53,28.3,0.10551791,226.016,21.45,269.35,0.2669,0.43,14.75,0.14254627,12.17,0.35935074,0.26861045,-2.2117859856568582,0.62,270.0,223,242,"5/9/24, 12:00 AM",DUMKA,189,2024-12-31,5.19,3.6432247,381,375,396,384,4.0700617,2024-01-01,30.278399999999998,Majhdiha,"{""geodesic"":false,""type"":""Point"",""coordinates"":[87.29967169942549,24.49584507230579]}"
1139_0,0.25,0.08231571,1.45,0.42,26.5,0.11747429,226.016,32.14,288.51,0.28837857,0.55,12.25,0.14475286,13.22,0.33576715,0.2509543,0.4317859657066004,0.39,180.0,206,233,"5/8/24, 12:00 AM",DUMKA,203,2024-12-31,5.11,3.6155806,406,395,387,372,4.6273675,2024-01-01,30.23738888888889,Gamharia,"{""geodesic"":false,""type"":""Point"",""coordinates"":[87.1660023851485,24.520369079562254]}"
1140_0,0.28,0.06812222,1.33,0.41,24.3,0.09210555,193.312,26.96,269.85,0.28405833,0.47,11.99,0.09957917,10.42,0.24639028,0.17962083,-0.43434798564146815,2.45,47.70501,218,237,"5/8/24, 12:00 AM",DUMKA,207,2024-12-31,5.11,3.6155806,423,416,359,347,1.3779851,2024-01-01,30.23233333333334,Gamharia,"{""geodesic"":false,""type"":""Point"",""coordinates"":[87.1651939013928,24.526297960437443]}"
1141_0,0.5,0.08689394,1.37,0.41,23.62,0.109039396,175.616,25.17,291.42,0.2709197,0.59,14.3925,0.111881815,11.05,0.2957803,0.21641667,-2.2116631956350075,1.26,90.0,225,246,"5/7/24, 12:00 AM",DUMKA,176,2024-12-31,4.91,3.5832176,365,357,410,396,4.069811,2024-01-01,30.27000000000001,Susania,"{""geodesic"":false,""type"":""Point"",""coordinates"":[87.12881213238596,24.488029729333952]}"
1142_0,0.23,0.08689394,0.84,0.42,25.4,0.109039396,215.6,27.45,297.42,0.2709197,0.43,18.719999999999988,0.111881815,11.42,0.2957803,0.21641667,-2.2116631956350075,1.47,90.0,225,246,"5/7/24, 12:00 AM",DUMKA,176,2024-12-31,4.82,3.5832176,365,357,410,396,4.069811,2024-01-01,30.27000000000001,Susania,"{""geodesic"":false,""type"":""Point"",""coordinates"":[87.12881213238596,24.488029729333952]}"
1143_0,0.17,0.08689394,1.37,0.42,24.2,0.109039396,178.864,24.15,291.42,0.2709197,0.41,16.77312,0.111881815,13.32,0.2957803,0.21641667,-2.2116631956350075,1.48,90.0,225,246,"5/7/24, 12:00 AM",DUMKA,176,2024-12-31,4.83,3.5832176,365,357,410,396,4.069811,2024-01-01,30.27000000000001,Susania,"{""geodesic"":false,""type"":""Point"",""coordinates"":[87.12881213238596,24.488029729333952]}"
1144_0,0.48,0.08689394,2.09,0.56,25.4,0.109039396,194.32,28.63,313.59,0.2709197,0.49,15.46,0.111881815,14.2,0.2957803,0.21641667,-2.2116631956350075,0.59,90.0,225,246,"5/7/24, 12:00 AM",DUMKA,176,2024-12-31,5.31,3.5832176,365,357,410,396,4.069811,2024-01-01,30.27000000000001,Susania,"{""geodesic"":false,""type"":""Point"",""coordinates"":[87.12881213238596,24.488029729333952]}"
1145_0,0.48,0.07403383,0.89,0.41,25.6,0.103539705,215.376,26.48,304.19,0.28343087,0.42,10.89,0.13524118,13.42,0.35496765,0.26609707,0.2358255231511872,1.48,208.78087,228,247,"5/7/24, 12:00 AM",DUMKA,184,2024-12-31,4.91,3.5832176,371,362,401,391,2.115468,2024-01-01,30.25344444444444,Susania,"{""geodesic"":false,""type"":""Point"",""coordinates"":[87.1034796413738,24.46485319500367]}"
1146_0,0.46,0.07403383,0.78,0.41,20.45,0.103539705,151.872,28.12,323.3,0.28343087,0.47,10.45,0.13524118,10.42,0.35496765,0.26609707,0.2358255231511872,0.84,208.78087,228,247,"5/7/24, 12:00 AM",DUMKA,184,2024-12-31,4.87,3.5832176,371,362,401,391,2.115468,2024-01-01,30.25344444444444,Susania,"{""geodesic"":false,""type"":""Point"",""coordinates"":[87.1034796413738,24.46485319500367]}"
1147_0,0.48,0.07403383,1.62,0.5,25.6,0.103539705,205.632,24.18,304.22,0.28343087,0.47,14.22,0.13524118,10.47,0.35496765,0.26609707,0.2358255231511872,0.86,208.78087,228,247,"5/7/24, 12:00 AM",DUMKA,184,2024-12-31,4.86,3.5832176,371,362,401,391,2.115468,2024-01-01,30.25344444444444,Susania,"{""geodesic"":false,""type"":""Point"",""coordinates"":[87.1034796413738,24.46485319500367]}"
1148_0,0.27,0.0683,1.82,0.53,25.8,0.097355224,204.512,25.17,279.65,0.26556417,0.44,10.44,0.121556714,10.48,0.32090747,0.23620896,-1.6126944785138844,0.91,65.534386,223,242,"5/7/24, 12:00 AM",DUMKA,193,2024-12-31,4.8,3.6432247,381,375,396,384,2.238381,2024-01-01,30.278399999999998,Susania,"{""geodesic"":false,""type"":""Point"",""coordinates"":[87.29967169942549,24.494228104794377]}"
1149_0,0.27,0.062143285,1.27,0.42,18.56,0.08760597,192.976,25.66,282.24,0.24883135,0.53,16.85,0.11775075,10.42,0.30286717,0.22169253,2.760169548575832,1.45,257.18362,229,245,"5/7/24, 12:00 AM",DUMKA,179,2024-12-31,5.24,3.6808677,364,358,407,396,4.173746,2024-01-01,30.278399999999998,Susania,"{""geodesic"":false,""type"":""Point"",""coordinates"":[87.30263613986308,24.497462039817208]}"
1150_0,0.72,0.07078955,1.46,0.52,30.01,0.09907015,196.336,23.51,282.12,0.2703791,0.49,10.99,0.11436418,13.05,0.31408957,0.22682537,-1.820254815672393,1.25,47.697697,223,242,"5/7/24, 12:00 AM",DUMKA,193,2024-12-31,5.34,3.6432247,381,375,396,384,2.753992,2024-01-01,30.278399999999998,Susania,"{""geodesic"":false,""type"":""Point"",""coordinates"":[87.29994119401073,24.494228104794377]}"
1151_0,0.77,0.07078955,0.92,0.45,21.6,0.09907015,216.33,36.22,316.22,0.2703791,0.47,10.42,0.11436418,15.528750000000002,0.31408957,0.22682537,-1.820254815672393,1.86,47.697697,223,242,"5/7/24, 12:00 AM",DUMKA,193,2024-12-31,5.49,3.6432247,381,375,396,384,2.753992,2024-01-01,30.278399999999998,Susania,"{""geodesic"":false,""type"":""Point"",""coordinates"":[87.29994119401073,24.494228104794377]}"
1152_0,0.27,0.06991176,2.14,0.41,25.6,0.089833826,147.168,25.36,310.26,0.22319706,0.59,14.3925,0.102295585,14.02,0.25371617,0.20324117,-1.1271655634077455,1.05,132.3011,230,245,"5/7/24, 12:00 AM",DUMKA,192,2024-12-31,4.92,3.6808677,364,360,406,395,1.3778235,2024-01-01,30.278399999999998,Susania,"{""geodesic"":false,""type"":""Point"",""coordinates"":[87.3072175478121,24.499348501913857]}"
1153_0,0.52,0.065644115,1.44,0.49,33.6,0.08490147,206.752,26.35,235.29,0.22434705,0.41,18.719999999999988,0.09687059,12.02,0.24482794,0.18976471,-1.1271655634077455,0.39,227.6989,230,245,"5/7/24, 12:00 AM",DUMKA,192,2024-12-31,5.02,3.6808677,364,360,406,395,1.3778235,2024-01-01,30.278399999999998,Susania,"{""geodesic"":false,""type"":""Point"",""coordinates"":[87.30748704239733,24.499348501913857]}"
1154_0,0.79,0.065644115,1.54,0.56,23.8,0.08490147,139.43999999999997,26.58,297.42,0.22434705,0.59,17.0352,0.09687059,12.45,0.24482794,0.18976471,-1.1271655634077455,1.25,227.6989,230,245,"5/7/24, 12:00 AM",DUMKA,192,2024-12-31,5.27,3.6808677,364,360,406,395,1.3778235,2024-01-01,30.278399999999998,Susania,"{""geodesic"":false,""type"":""Point"",""coordinates"":[87.30748704239733,24.499348501913857]}"
1155_0,0.52,0.04901045,0.69,0.56,26.3,0.06899702,204.512,25.14,269.53,0.25033134,0.49,18.74,0.065592535,13.42,0.21390747,0.13094477,-1.8203127534958363,1.47,227.6989,231,246,"5/7/24, 12:00 AM",DUMKA,186,2024-12-31,5.2,3.6808677,365,360,404,393,2.7540553,2024-01-01,30.278399999999998,Susania,"{""geodesic"":false,""type"":""Point"",""coordinates"":[87.30236664527786,24.499348501913857]}"
1156_0,0.58,0.06477794,0.84,0.42,20.6,0.08252794,174.944,23.52,285.14,0.1916897,0.41,10.48,0.106611766,10.42,0.27625737,0.23755294,-1.1271643516598813,1.63,132.30116,230,245,"5/7/24, 12:00 AM",DUMKA,192,2024-12-31,5.27,3.6808677,364,360,406,395,1.3778218,2024-01-01,30.278399999999998,Susania,"{""geodesic"":false,""type"":""Point"",""coordinates"":[87.3072175478121,24.49907900732862]}"
1157_0,0.45,0.06235942,0.85,0.48,25.6,0.08303913,178.976,25.41,272.83,0.25459275,0.47,10.45,0.08543623,12.42,0.2589377,0.16983624,-1.1270714639196568,0.85,312.30295,222,239,"5/7/24, 12:00 AM",DUMKA,179,2024-12-31,4.88,3.6808677,382,376,396,385,1.3777752,2024-01-01,30.28400000000001,Susania,"{""geodesic"":false,""type"":""Point"",""coordinates"":[87.30910400990875,24.491263664356783]}"
1158_0,0.42,0.06007015,0.89,0.58,32.6,0.07804776,208.88,26.35,295.14,0.19391492,0.42,14.75,0.09840895,10.48,0.23727314,0.18828507,-1.9681638592981363,0.86,106.873695,230,245,"5/7/24, 12:00 AM",DUMKA,193,2024-12-31,5.16,3.6808677,364,360,406,395,3.1920419,2024-01-01,30.278399999999998,Susania,"{""geodesic"":false,""type"":""Point"",""coordinates"":[87.30694805322686,24.499348501913857]}"
1159_0,0.48,0.07263582,0.89,0.52,25.6,0.10100597,182.784,35.26,332.42,0.25665972,0.45,10.56,0.1384388,10.23,0.3165015,0.22758955,2.9525874635314913,0.86,36.227093,229,245,"5/7/24, 12:00 AM",DUMKA,178,2024-12-31,4.86,3.6808677,364,358,407,396,3.4451275,2024-01-01,30.278399999999998,Susania,"{""geodesic"":false,""type"":""Point"",""coordinates"":[87.30209715069262,24.49719254523197]}"
1160_0,0.29,0.06853283,1.59,0.44,25.6,0.096537314,182.42,23.15,307.41,0.26252836,0.41,15.84,0.1286582,9.52,0.31781492,0.24056567,-1.5562233178799636,1.58,151.21326,225,243,"5/7/24, 12:00 AM",DUMKA,197,2024-12-31,5.47,3.6808677,378,371,397,385,2.115587,2024-01-01,30.278399999999998,Susania,"{""geodesic"":false,""type"":""Point"",""coordinates"":[87.30101917235167,24.495306083135322]}"
1161_0,0.65,0.06999701,0.93,0.49,25.1,0.09657164,175.48,20.53,254.18,0.25047612,0.43,16.85,0.13030747,11.05,0.3096821,0.22981343,-1.4243187084243223,1.58,-0.0,225,243,"5/7/24, 12:00 AM",DUMKA,197,2024-12-31,4.96,3.6808677,378,371,397,385,1.8543341,2024-01-01,30.278399999999998,Susania,"{""geodesic"":false,""type"":""Point"",""coordinates"":[87.30101917235167,24.495575577720555]}"
1162_0,0.22,0.06853283,1.82,0.52,26.33,0.096537314,214.23,23.14,275.18,0.26252836,0.42,13.26,0.1286582,10.47,0.31781492,0.24056567,-1.5562233178799636,0.68,151.21326,225,243,"5/7/24, 12:00 AM",DUMKA,197,2024-12-31,5.32,3.6808677,378,371,397,385,2.115587,2024-01-01,30.278399999999998,Susania,"{""geodesic"":false,""type"":""Point"",""coordinates"":[87.30101917235167,24.495306083135322]}"
1163_0,0.22,0.06853283,1.29,0.52,33.2,0.096537314,204.22,23.48,294.15,0.26252836,0.44,12.12,0.1286582,10.56,0.31781492,0.24056567,-1.5562233178799636,1.96,151.21326,225,243,"5/7/24, 12:00 AM",DUMKA,197,2024-12-31,4.93,3.6808677,378,371,397,385,2.115587,2024-01-01,30.278399999999998,Susania,"{""geodesic"":false,""type"":""Point"",""coordinates"":[87.30101917235167,24.495306083135322]}"
1164_0,0.42,0.06730909,0.94,0.42,25.6,0.093587875,240.13,26.58,268.49,0.2894182,0.53,12.45,0.10564091,12.44,0.25791818,0.19375,-1.6126539749176412,1.22,114.46605,226,243,"5/7/24, 12:00 AM",DUMKA,207,2024-12-31,5.18,3.6432247,372,368,402,390,2.2383442,2024-01-01,30.278399999999998,Dudhua,"{""geodesic"":false,""type"":""Point"",""coordinates"":[87.2967072589879,24.491802653527255]}"
1165_0,0.42,0.07383731,1.49,0.52,25.3,0.10317164,204.11,25.98,260.13,0.2970358,0.46,14.77,0.1279403,10.15,0.3544791,0.25230747,-2.2493652609351966,1.68,28.78658,223,242,"5/7/24, 12:00 AM",DUMKA,193,2024-12-31,5.17,3.6432247,381,375,396,384,4.2254143,2024-01-01,30.278399999999998,Dudhua,"{""geodesic"":false,""type"":""Point"",""coordinates"":[87.29967169942549,24.494497599379613]}"
1166_0,0.52,0.06863433,1.49,0.46,23.89,0.096202984,204.16,25.44,247.18,0.26467016,0.42,14.22,0.124108955,12.04,0.3209806,0.23729552,-1.1271088771423174,1.14,47.697758,223,242,"5/7/24, 12:00 AM",DUMKA,191,2024-12-31,5.36,3.6808677,381,375,396,384,1.3777936,2024-01-01,30.278399999999998,Dudhua,"{""geodesic"":false,""type"":""Point"",""coordinates"":[87.30021068859597,24.494497599379613]}"
1167_0,0.41,0.07057612,1.2,0.47,25.6,0.09844776,216.33,25.23,326.22,0.2788403,0.45,15.99,0.11579552,12.42,0.32095075,0.22457612,-1.9680905012621304,1.56,73.12564,225,243,"5/7/24, 12:00 AM",DUMKA,191,2024-12-31,5.48,3.6808677,378,371,397,385,3.1919196,2024-01-01,30.278399999999998,Dudhua,"{""geodesic"":false,""type"":""Point"",""coordinates"":[87.30021068859597,24.494228104794377]}"
1168_0,0.42,0.07314776,1.42,0.48,30.2,0.10279403,183.05,31.44,294.17,0.27261493,0.42,11.24,0.13466418,14.02,0.34435374,0.25342387,-2.4289231895923367,0.84,23.728357,223,242,"5/7/24, 12:00 AM",DUMKA,191,2024-12-31,4.92,3.6432247,381,375,396,384,5.0525527,2024-01-01,30.278399999999998,Dudhua,"{""geodesic"":false,""type"":""Point"",""coordinates"":[87.29994119401073,24.494497599379613]}"
1169_0,0.79,0.07314776,1.82,0.51,33.2,0.10279403,147.22,25.69,288.51,0.27261493,0.47,16.38,0.13466418,9.82,0.34435374,0.25342387,-2.4289231895923367,1.25,23.728357,223,242,"5/7/24, 12:00 AM",DUMKA,191,2024-12-31,4.84,3.6432247,381,375,396,384,5.0525527,2024-01-01,30.278399999999998,Dudhua,"{""geodesic"":false,""type"":""Point"",""coordinates"":[87.29994119401073,24.494497599379613]}"
1170_0,0.35,0.0789054,4.21,1.03,57.53,0.10065135,128.12,0.484,225,0.20651081,0.26,9.39,0.11583514,16.67,0.2398,0.19814594,-1.543650922876445,1.79,102.817955,224,238,"6/24/24, 12:00 AM",DUMKA,227,2024-12-31,5.72,3.2468905,385,376,391,386,4.1732397,2024-01-01,30.28788888888889,Sankarpur,"{""geodesic"":false,""type"":""Point"",""coordinates"":[86.9374709768685,24.481292364703055]}"
1171_0,0.5,0.09284,4.58,0.88,67.45,0.12588857,128.12,3.32,348,0.2511514,0.59,11.38,0.15606,18.65,0.30833715,0.25216,2.053287495006944,0.23,-0.0,229,238,"6/20/24, 12:00 AM",DUMKA,240,2024-12-31,5.62,3.2468905,390,384,380,377,0.0,2024-01-01,30.288514285714285,Sankarpur,"{""geodesic"":false,""type"":""Point"",""coordinates"":[86.93989642813563,24.469704097537914]}"
1172_0,0.52,0.09284,5.09,0.97,50.56,0.12588857,165.01,2.74,368,0.2511514,0.79,18,0.15606,9.34,0.30833715,0.25216,2.053287495006944,0.99,-0.0,229,238,"6/20/24, 12:00 AM",DUMKA,240,2024-12-31,5.08,3.2468905,390,384,380,377,0.0,2024-01-01,30.288514285714285,Sankarpur,"{""geodesic"":false,""type"":""Point"",""coordinates"":[86.93989642813563,24.469704097537914]}"
1173_0,0.95,0.11091481,6.35,0.99,34,0.119782224,123,8.23,147,0.27368814,0.31,9.72,0.11749185,12,0.2427726,0.16982889,-2.152642033954521,0.17,195.345,228,239,"3/19/24, 12:00 AM",DUMKA,175,2024-12-31,4.65,3.5455499,379,383,393,379,3.8413482,2024-01-01,30.253526315789475,Khairbani,"{""geodesic"":false,""type"":""Point"",""coordinates"":[87.39318632050234,24.351395974619372]}"
1174_0,0.74,0.09930901,6.42,1.07,65,0.12515901,187,8.95,196,0.2759008,0.41,10.2,0.14781475,9,0.29400164,0.23841311,-1.1253572996665688,0.77,227.66518,227,238,"3/19/24, 12:00 AM",DUMKA,170,2024-12-31,5.45,3.5455499,378,381,395,381,1.3769335,2024-01-01,30.253526315789475,Khairbani,"{""geodesic"":false,""type"":""Point"",""coordinates"":[87.39507278259899,24.35031799627843]}"
1175_0,0.36,0.07886338,1.32,0.54,25.36,0.10469155,215.96,30.56,239.23,0.2846507,0.41,10.94,0.11996901,10.42,0.29135352,0.21916479,-1.6712414841249348,0.86,192.39778,206,221,"5/10/24, 12:00 AM",DUMKA,207,2024-12-31,5.24,3.6155806,415,411,379,368,4.7373543,2024-01-01,30.304882352941178,Kusbana,"{""geodesic"":false,""type"":""Point"",""coordinates"":[87.15495310715384,24.519560595806546]}"
1176_0,0.27,0.09324225,1.36,0.47,30.22,0.12714648,142.75,20.69,226.74,0.29759577,0.43,16.85,0.18338309,12.04,0.38212958,0.31286055,-1.1997904728238704,0.86,20.121328,202,217,"5/10/24, 12:00 AM",DUMKA,199,2024-12-31,5.27,3.6155806,414,411,384,372,2.9606984,2024-01-01,30.304882352941178,Kusbana,"{""geodesic"":false,""type"":""Point"",""coordinates"":[87.15441411798336,24.518482617465605]}"
1177_0,0.45,0.07886338,2.06,0.52,25.36,0.10469155,215.42,28.13,291.45,0.2846507,0.47,16.85,0.11996901,9.25,0.29135352,0.21916479,-1.6712414841249348,1.65,192.39778,206,221,"5/10/24, 12:00 AM",DUMKA,207,2024-12-31,5.16,3.6155806,415,411,379,368,4.7373543,2024-01-01,30.304882352941178,Kusbana,"{""geodesic"":false,""type"":""Point"",""coordinates"":[87.15495310715384,24.519560595806546]}"
1178_0,0.45,0.07886338,1.58,0.47,31.25,0.10469155,212.33,28.4,285.38,0.2846507,0.51,14.25,0.11996901,10.74,0.29135352,0.21916479,-1.6712414841249348,0.86,192.39778,206,221,"5/10/24, 12:00 AM",DUMKA,207,2024-12-31,5.09,3.6155806,415,411,379,368,4.7373543,2024-01-01,30.304882352941178,Kusbana,"{""geodesic"":false,""type"":""Point"",""coordinates"":[87.15495310715384,24.519560595806546]}"
1179_0,0.42,0.09324225,1.27,0.56,30.05,0.12714648,139.552,18.49,227.44,0.29759577,0.43,16.42,0.18338309,14.02,0.38212958,0.31286055,-1.1997904728238704,1.52,20.121328,202,217,"5/10/24, 12:00 AM",DUMKA,199,2024-12-31,5.18,3.6155806,414,411,384,372,2.9606984,2024-01-01,30.304882352941178,Kusbana,"{""geodesic"":false,""type"":""Point"",""coordinates"":[87.15441411798336,24.518482617465605]}"
1180_0,0.45,0.065789856,1.25,0.56,25.3,0.085955076,185.136,25.33,269.53,0.26374784,0.43,11.42,0.08449275,10.48,0.2495884,0.16062029,-2.4031586141083525,0.85,55.689545,213,228,"5/10/24, 12:00 AM",DUMKA,171,2024-12-31,5.36,3.6915154,372,371,415,401,9.77658,2024-01-01,30.28572222222222,Kusbana,"{""geodesic"":false,""type"":""Point"",""coordinates"":[87.3101819882497,24.50905030698235]}"
1181_0,0.25,0.0843116,1.69,0.46,32.1,0.10896812,227.92,26.38,219.41,0.25936812,0.47,15.45,0.11772609,11.02,0.24775217,0.18481739,-1.5326051167363235,0.62,132.30167,219,240,"5/9/24, 12:00 AM",DUMKA,165,2024-12-31,5.28,3.5832176,372,365,409,395,4.12707,2024-01-01,30.293485714285705,Bhorandiha,"{""geodesic"":false,""type"":""Point"",""coordinates"":[87.12692567028931,24.496923050646735]}"
1182_0,0.36,0.062613435,0.85,0.42,20.45,0.07688955,193.68,31.25,269.53,0.1937612,0.41,18.74,0.079692535,11.24,0.19180298,0.14558806,-2.844214626695844,0.48,127.17704,225,246,"5/9/24, 12:00 AM",DUMKA,177,2024-12-31,5.17,3.5832176,376,367,399,387,7.6289425,2024-01-01,30.2704705882353,Bhorandiha,"{""geodesic"":false,""type"":""Point"",""coordinates"":[87.1298901107269,24.481831353873527]}"
1183_0,0.35,0.06999143,1.33,0.52,32.1,0.091825716,182.448,29.53,263.42,0.24365,0.41,13.62,0.100842856,11.42,0.24474715,0.18053,-2.0446587901455078,0.65,36.227814,224,243,"5/9/24, 12:00 AM",DUMKA,178,2024-12-31,5.15,3.4890735,368,362,408,395,3.4451592,2024-01-01,30.223351351351347,Bhorandiha,"{""geodesic"":false,""type"":""Point"",""coordinates"":[87.1320460674088,24.500426480254802]}"
1184_0,0.5,0.07133572,0.78,0.42,25.61,0.08945572,197.68,26.48,226.5,0.26976427,0.41,16.38,0.08684714,10.42,0.23418428,0.15873,-0.9822513769584504,0.61,58.7574,224,243,"5/9/24, 12:00 AM",DUMKA,177,2024-12-31,5.06,3.4890735,368,362,408,395,3.5718355,2024-01-01,30.223351351351347,Bhorandiha,"{""geodesic"":false,""type"":""Point"",""coordinates"":[87.13231556199402,24.500426480254802]}"
1185_0,0.38,0.06722,2.33,0.47,20.56,0.08918285,216.384,24.39,215.35,0.28729144,0.43,10.48,0.09362572,16.24,0.26160857,0.17838572,-1.9241823960962054,0.84,90.0,224,243,"5/9/24, 12:00 AM",DUMKA,177,2024-12-31,5.24,3.4890735,368,362,408,395,3.0549147,2024-01-01,30.223351351351347,Bhorandiha,"{""geodesic"":false,""type"":""Point"",""coordinates"":[87.1320460674088,24.50069597484004]}"
1186_0,0.23,0.089605555,1.66,0.5,30.25,0.112786114,193.312,25.4,189.1,0.2867139,0.47,16.42,0.1259875,12.74,0.29968473,0.22685139,-0.7313671283987648,1.22,180.0,202,229,"5/8/24, 12:00 AM",DUMKA,207,2024-12-31,5.26,3.6155806,427,415,371,356,0.92740995,2024-01-01,30.23738888888889,Dhobni,"{""geodesic"":false,""type"":""Point"",""coordinates"":[87.16169047178474,24.520908068732727]}"
1187_0,0.63,0.072852775,1.35,0.48,28.4,0.09753472,218.736,31.23,182.24,0.28481945,0.45,14.78,0.10433195,12.05,0.26028055,0.18821667,2.052852060921413,1.52,-0.0,214,234,"5/8/24, 12:00 AM",DUMKA,208,2024-12-31,5.33,3.6155806,423,416,363,351,0.0,2024-01-01,30.23233333333334,Dhobni,"{""geodesic"":false,""type"":""Point"",""coordinates"":[87.1651939013928,24.525489476681734]}"
1188_0,0.35,0.072254166,1.28,0.51,29.63,0.09647222,171.808,26.35,172.83,0.28002778,0.45,16.85,0.10491945,14.02,0.2499625,0.16560139,-1.1274839550266131,0.62,227.70476,214,234,"5/8/24, 12:00 AM",DUMKA,204,2024-12-31,4.81,3.6155806,423,416,363,351,2.7543647,2024-01-01,30.23233333333334,Dhobni,"{""geodesic"":false,""type"":""Point"",""coordinates"":[87.16438541763709,24.525219982096502]}"
1189_0,0.75,0.059665278,0.97,0.54,25.6,0.07743889,170.91199999999998,32.52,262.15,0.24284306,0.45,10.52,0.06656667,13.02,0.19014166,0.11643333,-1.8300162666431354,1.39,180.0,218,237,"5/8/24, 12:00 AM",DUMKA,210,2024-12-31,5.22,3.6155806,423,416,359,347,2.7802885,2024-01-01,30.23233333333334,Dhobni,"{""geodesic"":false,""type"":""Point"",""coordinates"":[87.16465491222233,24.52575897126697]}"
1190_0,0.48,0.059665278,0.89,0.54,35.2,0.07743889,216.72,26.48,244.19,0.24284306,0.42,14.01375,0.06656667,13.42,0.19014166,0.11643333,-1.8300162666431354,0.86,180.0,218,237,"5/8/24, 12:00 AM",DUMKA,210,2024-12-31,5.28,3.6155806,423,416,359,347,2.7802885,2024-01-01,30.23233333333334,Dhobni,"{""geodesic"":false,""type"":""Point"",""coordinates"":[87.16465491222233,24.52575897126697]}"
1191_0,0.35,0.059665278,0.91,0.42,33.26,0.07743889,172.256,23.45,229.05,0.24284306,0.43,14.77125,0.06656667,12.44,0.19014166,0.11643333,-1.8300162666431354,1.62,180.0,218,237,"5/8/24, 12:00 AM",DUMKA,210,2024-12-31,5.19,3.6155806,423,416,359,347,2.7802885,2024-01-01,30.23233333333334,Dhobni,"{""geodesic"":false,""type"":""Point"",""coordinates"":[87.16465491222233,24.52575897126697]}"
1192_0,0.5,0.061973847,1.52,0.46,24.5,0.089504614,148.512,20.25,279.32,0.25755385,0.55,14.3925,0.10496154,13.05,0.27324617,0.19549385,0.1867594379958206,0.51,200.11687,215,229,"5/8/24, 12:00 AM",DUMKA,203,2024-12-31,4.96,3.6432247,378,374,407,397,2.960614,2024-01-01,30.258222222222223,Dhobni,"{""geodesic"":false,""type"":""Point"",""coordinates"":[87.294551302306,24.48829922391919]}"
1193_0,0.31,0.07446866,1.36,0.44,20.4,0.10467612,240.24,22.52,241.26,0.2695239,0.51,12.81,0.14485224,12.33,0.3412,0.26384178,-1.556218093234251,1.41,151.21342,225,243,"5/8/24, 12:00 AM",DUMKA,190,2024-12-31,5.94,3.6808677,378,371,397,385,2.1155837,2024-01-01,30.278399999999998,Dhobni,"{""geodesic"":false,""type"":""Point"",""coordinates"":[87.30074967776643,24.494497599379613]}"
1194_0,0.42,0.06656119,1.22,0.56,23.5,0.0929388,204.176,24.26,275.12,0.25790596,0.47,14.75,0.12344179,10.24,0.31112388,0.22458209,-1.8202731548592728,0.78,312.3019,225,243,"5/8/24, 12:00 AM",DUMKA,197,2024-12-31,5.01,3.6808677,378,371,397,385,2.754012,2024-01-01,30.278399999999998,Dhobni,"{""geodesic"":false,""type"":""Point"",""coordinates"":[87.30155816152214,24.49584507230579]}"
1195_0,0.15,0.06879105,2.11,0.53,25.3,0.09780149,181.552,35.12,194.15,0.26353434,0.53,10.27,0.13191344,14.2,0.32575223,0.24922238,-2.5394205027753602,0.91,169.62126,225,243,"5/8/24, 12:00 AM",DUMKA,195,2024-12-31,5.22,3.6808677,378,371,397,385,5.639231,2024-01-01,30.278399999999998,Dhobni,"{""geodesic"":false,""type"":""Point"",""coordinates"":[87.30101917235167,24.495036588550086]}"
1196_0,0.65,0.067371644,1.45,0.52,20.45,0.092262685,208.768,32.14,208.51,0.25790447,0.47,16.38,0.114346266,10.47,0.30325374,0.22315672,-2.4029753434849064,1.33,124.3134,225,243,"5/8/24, 12:00 AM",DUMKA,196,2024-12-31,5.23,3.6808677,378,371,397,385,4.923763,2024-01-01,30.278399999999998,Dhobni,"{""geodesic"":false,""type"":""Point"",""coordinates"":[87.30128866693691,24.495306083135322]}"
1197_0,0.54,0.07727971,1.45,0.53,25.3,0.093897104,172.59199999999998,26.31,263.42,0.23712464,0.47,13.74,0.099155076,9.56,0.24509421,0.1795971,-2.08126764888086,1.02,121.236534,222,237,"5/10/24, 12:00 AM",DUMKA,206,2024-12-31,5.16,3.6915154,371,363,408,399,3.5724573,2024-01-01,30.29627027027027,Mathtola,"{""geodesic"":false,""type"":""Point"",""coordinates"":[87.3004801831812,24.530609873801218]}"
1198_0,0.42,0.075208694,1.58,0.58,30.26,0.09950725,215.376,25.52,244.12,0.24889855,0.45,13.84,0.10839855,10.24,0.24981305,0.17324203,3.309121760992033,0.65,47.706715,227,243,"5/10/24, 12:00 AM",DUMKA,189,2024-12-31,5.13,3.6915154,372,364,401,393,2.7544677,2024-01-01,30.322324324324327,Mathtola,"{""geodesic"":false,""type"":""Point"",""coordinates"":[87.30452260195973,24.53384380882405]}"
1199_0,0.45,0.061742857,1.35,0.52,20.45,0.083765715,202.272,25.36,279.1,0.28621143,0.43,16.53,0.08248143,13.05,0.25723284,0.16453286,0.2725563602275106,0.39,90.0,222,237,"5/10/24, 12:00 AM",DUMKA,197,2024-12-31,5.47,3.6915154,371,363,408,399,1.0194159,2024-01-01,30.29627027027027,Mathtola,"{""geodesic"":false,""type"":""Point"",""coordinates"":[87.30209715069262,24.531957346727395]}"
1200_0,0.15,0.07727971,0.86,0.49,33.26,0.093897104,210.24,26.14,275.66,0.23712464,0.42,16.42,0.099155076,12.04,0.24509421,0.1795971,-2.08126764888086,0.42,121.236534,222,237,"5/10/24, 12:00 AM",DUMKA,206,2024-12-31,5.26,3.6915154,371,363,408,399,3.5724573,2024-01-01,30.29627027027027,Mathtola,"{""geodesic"":false,""type"":""Point"",""coordinates"":[87.3004801831812,24.530609873801218]}"
1201_0,0.31,0.078768656,0.87,0.52,25.4,0.100368656,262.64,26.33,275.18,0.26101193,0.49,11.42,0.1081403,14.72,0.27489105,0.20111492,-0.9193937565493857,0.65,245.53256,219,242,"5/8/24, 12:00 AM",DUMKA,178,2024-12-31,5.44,3.5832176,364,355,417,403,2.2382255,2024-01-01,30.28965714285715,Upar Barachapar,"{""geodesic"":false,""type"":""Point"",""coordinates"":[87.13258505657926,24.483717815970177]}"
1202_0,0.46,0.078768656,0.85,0.56,23.56,0.100368656,197.344,27.46,204.15,0.26101193,0.41,14.77125,0.1081403,9.25,0.27489105,0.20111492,-0.9193937565493857,0.47,245.53256,219,242,"5/8/24, 12:00 AM",DUMKA,178,2024-12-31,5.17,3.5832176,364,355,417,403,2.2382255,2024-01-01,30.28965714285715,Upar Barachapar,"{""geodesic"":false,""type"":""Point"",""coordinates"":[87.13258505657926,24.483717815970177]}"
1203_0,0.25,0.050568182,0.99,0.58,28.6,0.070748486,225.792,26.35,275.48,0.23147878,0.42,10.89,0.071713634,10.74,0.20407273,0.13025,-1.1271064535925324,0.76,227.69763,219,236,"5/8/24, 12:00 AM",DUMKA,206,2024-12-31,6.02,3.6432247,378,372,403,392,1.3777902,2024-01-01,30.277828571428568,Kandhara,"{""geodesic"":false,""type"":""Point"",""coordinates"":[87.29050888352748,24.49395861020914]}"
1204_0,0.54,0.078092426,1.23,0.53,25.1,0.09942121,192.976,26.35,272.52,0.21301211,0.41,14.22,0.12599848,10.23,0.28033635,0.2354303,-1.6126557875249308,1.25,65.534004,226,243,"5/8/24, 12:00 AM",DUMKA,206,2024-12-31,4.81,3.6432247,372,368,402,390,2.2383482,2024-01-01,30.278399999999998,Kandhara,"{""geodesic"":false,""type"":""Point"",""coordinates"":[87.29697675357313,24.49207214811249]}"
1205_0,0.65,0.052225757,0.87,0.41,26.53,0.071225755,170.91199999999998,26.33,235.41,0.2681894,0.49,13.26,0.070748486,9.25,0.23774697,0.1586394,-2.3641672587457583,1.42,12.395175,228,245,"5/8/24, 12:00 AM",DUMKA,205,2024-12-31,4.92,3.6432247,374,370,397,386,4.737307,2024-01-01,30.278399999999998,Kandhara,"{""geodesic"":false,""type"":""Point"",""coordinates"":[87.29697675357313,24.492341642697724]}"
1206_0,0.58,0.06749848,1.59,0.56,23.5,0.09628333,138.46,23.25,294.17,0.28919092,0.53,14.77,0.11076364,12.05,0.3000318,0.20634243,-2.3405872952262543,1.26,-0.0,228,245,"5/7/24, 12:00 AM",DUMKA,195,2024-12-31,5.94,3.6432247,374,370,397,386,4.6273675,2024-01-01,30.278399999999998,Kapati,"{""geodesic"":false,""type"":""Point"",""coordinates"":[87.29859372108454,24.493689115623905]}"
1207_0,0.46,0.07678824,0.77,0.56,28.4,0.10330588,164.27,26.33,332.1,0.29448235,0.51,13.63,0.115210295,10.56,0.30552942,0.20854412,3.4061131194780767,0.95,276.49002,224,241,"5/7/24, 12:00 AM",DUMKA,167,2024-12-31,5.22,3.6808677,368,362,408,398,8.1502695,2024-01-01,30.235055555555554,Kapati,"{""geodesic"":false,""type"":""Point"",""coordinates"":[87.31691935288059,24.484526299725886]}"
1208_0,0.44,0.09622394,1.47,0.45,25.63,0.124656335,169.66,22.35,269.53,0.26161832,0.45,16.28,0.14950845,14.02,0.29771692,0.24482113,-1.9244848160125532,0.88,90.0,206,223,"5/10/24, 12:00 AM",DUMKA,208,2024-12-31,5.21,3.6155806,414,410,380,367,3.0553865,2024-01-01,30.304882352941178,Kusmha,"{""geodesic"":false,""type"":""Point"",""coordinates"":[87.15630058008001,24.520369079562254]}"
1209_0,0.69,0.07524627,1.24,0.45,25.6,0.099304475,185.22,21.44,284.74,0.25499105,0.44,13.02,0.12718657,13.23,0.3423,0.2555821,-1.4243187084243223,1.58,-0.0,223,242,"5/7/24, 12:00 AM",DUMKA,197,2024-12-31,5.11,3.6808677,381,375,396,384,1.8543341,2024-01-01,30.278399999999998,Bara Simalpahari,"{""geodesic"":false,""type"":""Point"",""coordinates"":[87.3004801831812,24.49584507230579]}"
1210_0,0.42,0.053066667,1.62,0.54,25.6,0.07434849,194.27,22.8,294.17,0.24412425,0.43,14.32,0.07655909,12.53,0.2321197,0.15278181,-2.225705270366943,1.61,312.3025,228,245,"5/7/24, 12:00 AM",DUMKA,196,2024-12-31,5.12,3.6432247,374,370,397,386,4.1270056,2024-01-01,30.278399999999998,Bara Simalpahari,"{""geodesic"":false,""type"":""Point"",""coordinates"":[87.29832422649932,24.49341962103867]}"
1211_0,0.27,0.053066667,0.78,0.41,31.2,0.07434849,151.47,25.12,285.12,0.24412425,0.45,10.56,0.07655909,10.56,0.2321197,0.15278181,-2.225705270366943,0.46,312.3025,228,245,"5/7/24, 12:00 AM",DUMKA,196,2024-12-31,5.31,3.6432247,374,370,397,386,4.1270056,2024-01-01,30.278399999999998,Bara Simalpahari,"{""geodesic"":false,""type"":""Point"",""coordinates"":[87.29832422649932,24.49341962103867]}"
1212_0,0.23,0.065231815,1.42,0.46,26.5,0.08913636,204.17,32.02,313.02,0.24378636,0.48,16.99,0.09389546,12.45,0.24134243,0.16109698,1.1518181268876595,1.45,331.21298,219,233,"5/7/24, 12:00 AM",DUMKA,191,2024-12-31,5.11,3.6432247,364,361,417,406,4.2254314,2024-01-01,30.277828571428568,Bara Simalpahari,"{""geodesic"":false,""type"":""Point"",""coordinates"":[87.29616826981743,24.4966535560615]}"
1213_0,0.58,0.06589552,0.98,0.49,20.45,0.09288508,194.27,24.18,298.42,0.30030447,0.53,15.47,0.10367612,14.02,0.2718418,0.18858956,-2.0445771401614006,0.95,323.7738,228,245,"5/7/24, 12:00 AM",DUMKA,197,2024-12-31,4.92,3.6432247,374,370,397,386,3.4450877,2024-01-01,30.278399999999998,Bara Simalpahari,"{""geodesic"":false,""type"":""Point"",""coordinates"":[87.29832422649932,24.493150126453433]}"
1214_0,0.27,0.053066667,1.45,0.54,29.55,0.07434849,158.74,35.22,269.35,0.24412425,0.53,14.25,0.07655909,10.78,0.2321197,0.15278181,-2.225705270366943,1.62,312.3025,228,245,"5/7/24, 12:00 AM",DUMKA,196,2024-12-31,4.88,3.6432247,374,370,397,386,4.1270056,2024-01-01,30.278399999999998,Bara Simalpahari,"{""geodesic"":false,""type"":""Point"",""coordinates"":[87.29832422649932,24.49341962103867]}"
1215_0,0.84,0.102468655,2.36,1.1,78,0.13718358,165,25.02,198,0.31252387,0.65,13.4,0.16904029,14,0.32513732,0.24798657,-2.4971291672496916,2.26,110.00141,211,227,"3/22/24, 12:00 AM",DUMKA,200,2024-12-31,4.2,3.6432247,368,359,421,414,5.407127,2024-01-01,30.2688,Mahubona,"{""geodesic"":false,""type"":""Point"",""coordinates"":[87.265984876271,24.495306083135322]}"
1216_0,0.28,0.04652985,6.42,0.71,78,0.06716418,226,8.714,174,0.23105223,0.56,16.3,0.063998505,8,0.2043388,0.13629253,-1.1271643516598813,2.16,132.30116,213,231,"3/30/24, 12:00 AM",DUMKA,208,2024-12-31,5.14,3.6432247,364,357,423,412,1.3778218,2024-01-01,30.28229411764705,Jawari,"{""geodesic"":false,""type"":""Point"",""coordinates"":[87.27622567050997,24.49907900732862]}"
1217_0,0.35,0.04458657,4.23,1.01,46,0.059832837,235,6.698,239,0.20690149,0.55,13.3,0.06314477,12,0.17511791,0.11900298,-1.5562495504965672,1.61,28.787167,212,230,"3/30/24, 12:00 AM",DUMKA,210,2024-12-31,5.45,3.6432247,364,356,425,415,2.1155956,2024-01-01,30.28229411764705,Jawari,"{""geodesic"":false,""type"":""Point"",""coordinates"":[87.27541718675427,24.497462039817208]}"
1218_0,0.48,0.044159703,3.98,0.39,35,0.060640298,178,19.35,132,0.2424,0.58,10.3,0.058089554,9,0.19172388,0.12125373,-1.5562495504965672,3.01,28.787167,212,230,"3/30/24, 12:00 AM",DUMKA,210,2024-12-31,5.37,3.6432247,364,356,425,415,2.1155956,2024-01-01,30.28229411764705,Jawari,"{""geodesic"":false,""type"":""Point"",""coordinates"":[87.2756866813395,24.497462039817208]}"
1219_0,0.56,0.06867246,1.36,1.05,25,0.092,135,25.31,158,0.2279855,0.55,15.3,0.10035942,16,0.2470029,0.17436087,-0.43466837813174397,2.08,312.28912,204,217,"3/22/24, 12:00 AM",DUMKA,229,2024-12-31,4.74,3.5724113,395,394,401,389,2.7546878,2024-01-01,30.262277777777772,Jawari,"{""geodesic"":false,""type"":""Point"",""coordinates"":[87.21801484009903,24.552169440620087]}"
1220_0,0.25,0.095921874,1.02,1.07,95,0.131925,165,15.34,196,0.2705203,0.41,13.3,0.17194219,13,0.33577812,0.27910155,-2.117419708992347,2.56,-0.0,212,228,"3/22/24, 12:00 AM",DUMKA,209,2024-12-31,4.81,3.6432247,382,377,406,395,3.7047918,2024-01-01,30.25205714285714,Jawari,"{""geodesic"":false,""type"":""Point"",""coordinates"":[87.29104787269794,24.489916191430602]}"
1221_0,0.43,0.062613435,0.74,0.52,30.26,0.07688955,196.336,26.24,211.42,0.1937612,0.43,16.23,0.079692535,13.05,0.19180298,0.14558806,-2.844214626695844,0.45,127.17704,225,246,"5/9/24, 12:00 AM",DUMKA,177,2024-12-31,5.41,3.5832176,376,367,399,387,7.6289425,2024-01-01,30.2704705882353,Parma,"{""geodesic"":false,""type"":""Point"",""coordinates"":[87.1298901107269,24.481831353873527]}"
1222_0,0.42,0.062613435,1.48,0.52,26.15,0.07688955,197.68,25.55,285.24,0.1937612,0.41,15.42,0.079692535,12.04,0.19180298,0.14558806,-2.844214626695844,0.34,127.17704,225,246,"5/9/24, 12:00 AM",DUMKA,177,2024-12-31,4.91,3.5832176,376,367,399,387,7.6289425,2024-01-01,30.2704705882353,Parma,"{""geodesic"":false,""type"":""Point"",""coordinates"":[87.1298901107269,24.481831353873527]}"
1223_0,0.29,0.07839,1.53,0.47,16.58,0.10314143,160.72,16.33,269.5,0.25763285,0.47,12.22,0.10473572,14.02,0.26230428,0.18469,-2.04463235612801,0.65,216.22733,218,240,"5/9/24, 12:00 AM",DUMKA,171,2024-12-31,5.21,3.5832176,369,361,413,399,3.445138,2024-01-01,30.279771428571426,Parma,"{""geodesic"":false,""type"":""Point"",""coordinates"":[87.12557819736313,24.498270523572916]}"
1224_0,0.5,0.078768656,1.74,0.42,26.31,0.100368656,158.14399999999998,26.33,272.45,0.26101193,0.42,15.43,0.1081403,13.05,0.27489105,0.20111492,-0.9193937565493857,0.85,245.53256,219,242,"5/9/24, 12:00 AM",DUMKA,178,2024-12-31,5.14,3.5832176,364,355,417,403,2.2382255,2024-01-01,30.28965714285715,Parma,"{""geodesic"":false,""type"":""Point"",""coordinates"":[87.13258505657926,24.483717815970177]}"
1225_0,0.39,0.064079106,1.85,0.53,33.2,0.0897194,142.91199999999998,34.25,269.85,0.26555374,0.51,14.77125,0.10340448,10.42,0.2811806,0.1956985,-2.4348730804509495,1.38,90.0,228,245,"5/10/24, 12:00 AM",DUMKA,197,2024-12-31,5.06,3.6432247,374,370,397,386,5.0826316,2024-01-01,30.278399999999998,Taljharni,"{""geodesic"":false,""type"":""Point"",""coordinates"":[87.29859372108454,24.492341642697724]}"
1226_0,0.57,0.06628406,2.07,0.46,26.3,0.09063189,216.608,24.11,221.22,0.26408985,0.42,18.719999999999988,0.096472465,10.47,0.27229565,0.18584202,-1.3877591859263587,1.36,58.758186,217,230,"5/10/24, 12:00 AM",DUMKA,192,2024-12-31,5.27,3.6524582,365,362,418,408,3.571916,2024-01-01,30.235722222222233,Taljharni,"{""geodesic"":false,""type"":""Point"",""coordinates"":[87.294551302306,24.504468899033338]}"
1227_0,0.34,0.07090556,3.12,0.61,10.15,0.10102778,129.12,29.24,278,0.23893055,0.69,6.94,0.12268889,18.67,0.29014722,0.22648056,-2.6277591124246866,0.41,138.66331,239,258,"5/28/24, 12:00 AM",DUMKA,214,2024-12-31,5.38,3.3526697,397,386,363,356,6.1525855,2024-01-01,30.24216666666667,Babupur,"{""geodesic"":false,""type"":""Point"",""coordinates"":[86.96037801661355,24.571034061586595]}"
1228_0,0.45,0.07090556,2.87,0.52,74.09,0.10102778,118.47,20.34,267,0.23893055,0.56,11.54,0.12268889,21.47,0.29014722,0.22648056,-2.6277591124246866,0.41,138.66331,239,258,"5/28/24, 12:00 AM",DUMKA,214,2024-12-31,5.73,3.3526697,397,386,363,356,6.1525855,2024-01-01,30.24216666666667,Babupur,"{""geodesic"":false,""type"":""Point"",""coordinates"":[86.96037801661355,24.571034061586595]}"
1229_0,1.08,0.07090556,1.21,0.63,45.223,0.10102778,119.57,20.34,263,0.23893055,0.52,18.76,0.12268889,13.46,0.29014722,0.22648056,-2.6277591124246866,0.81,138.66331,239,258,"5/28/24, 12:00 AM",DUMKA,214,2024-12-31,5.63,3.3526697,397,386,363,356,6.1525855,2024-01-01,30.24216666666667,Babupur,"{""geodesic"":false,""type"":""Point"",""coordinates"":[86.96037801661355,24.571034061586595]}"
1230_0,1.35,0.07090556,3.65,0.49,46.55,0.10102778,96.87,21.01,238,0.23893055,0.69,26.01,0.12268889,15.49,0.29014722,0.22648056,-2.6277591124246866,0.85,138.66331,239,258,"5/28/24, 12:00 AM",DUMKA,214,2024-12-31,5.52,3.3526697,397,386,363,356,6.1525855,2024-01-01,30.24216666666667,Babupur,"{""geodesic"":false,""type"":""Point"",""coordinates"":[86.96037801661355,24.571034061586595]}"
1231_0,1.18,0.08877027,2.56,0.55,35.33,0.10993243,129.12,7.42,246,0.27636486,0.48,9.62,0.120924324,7.48,0.2962027,0.21268378,-2.045206845803713,0.45,143.76094,249,262,"5/28/24, 12:00 AM",DUMKA,226,2024-12-31,5.39,3.3526697,381,373,370,365,3.4456532,2024-01-01,30.27841176470588,Babupur,"{""geodesic"":false,""type"":""Point"",""coordinates"":[86.98139859426195,24.552169440620087]}"
1232_0,0.46,0.08877027,5.12,0.89,64.26,0.10993243,119.57,19.8,258,0.27636486,0.49,9.39,0.120924324,12.49,0.2962027,0.21268378,-2.045206845803713,0.75,143.76094,249,262,"5/28/24, 12:00 AM",DUMKA,226,2024-12-31,5.61,3.3526697,381,373,370,365,3.4456532,2024-01-01,30.27841176470588,Babupur,"{""geodesic"":false,""type"":""Point"",""coordinates"":[86.98139859426195,24.552169440620087]}"
1233_0,0.13,0.07822558,2.68,0.96,38.62,0.108055815,100.11,9.26,361,0.30402443,0.67,18.51,0.12472093,13.87,0.27956396,0.19967471,-1.9692593630382542,0.65,73.13546,224,239,"5/28/24, 12:00 AM",DUMKA,224,2024-12-31,5.13,3.3526697,396,389,380,372,3.1937208,2024-01-01,30.273714285714284,Babupur,"{""geodesic"":false,""type"":""Point"",""coordinates"":[86.99999372064322,24.571573050757067]}"
1234_0,0.81,0.07822558,3.12,0.63,10.15,0.108055815,129.12,29.24,278,0.30402443,0.67,6.94,0.12472093,15.45,0.27956396,0.19967471,-1.9692593630382542,0.45,73.13546,224,239,"5/28/24, 12:00 AM",DUMKA,224,2024-12-31,4.95,3.3526697,396,389,380,372,3.1937208,2024-01-01,30.273714285714284,Babupur,"{""geodesic"":false,""type"":""Point"",""coordinates"":[86.99999372064322,24.571573050757067]}"
1235_0,0.23,0.08296216,5.44,0.8,49.52,0.10386757,165.01,21.08,212,0.20239459,0.87,11.36,0.11601081,13.46,0.23023243,0.18258108,-0.7315369605483989,0.43,-0.0,236,248,"5/22/24, 12:00 AM",DUMKA,236,2024-12-31,5.15,3.330229,395,387,369,366,0.92740995,2024-01-01,30.252742857142852,Babupur,"{""geodesic"":false,""type"":""Point"",""coordinates"":[86.94986772778935,24.54219814096636]}"
1236_0,0.52,0.084888734,1.64,0.42,24.78,0.107904226,216.72,25.63,254.12,0.2381,0.47,13.62,0.12926902,9.25,0.25217605,0.1895324,-1.8463544054667247,0.96,349.62048,216,233,"5/9/24, 12:00 AM",DUMKA,189,2024-12-31,5.43,3.4890735,393,383,391,384,5.6392455,2024-01-01,30.240499999999997,Patgora,"{""geodesic"":false,""type"":""Point"",""coordinates"":[87.14093938872158,24.504738393618574]}"
1237_0,0.14,0.084888734,1.48,0.44,21.25,0.107904226,207.872,25.14,279.33,0.2381,0.45,14.75,0.12926902,9.52,0.25217605,0.1895324,-1.8463544054667247,0.57,349.62048,216,233,"5/9/24, 12:00 AM",DUMKA,189,2024-12-31,5.41,3.4890735,393,383,391,384,5.6392455,2024-01-01,30.240499999999997,Patgora,"{""geodesic"":false,""type"":""Point"",""coordinates"":[87.14093938872158,24.504738393618574]}"
1238_0,0.45,0.07342958,1.24,0.47,24.15,0.096577466,183.456,26.35,279.1,0.2590648,0.47,15.42,0.10549859,12.05,0.24394226,0.17285493,-2.2258441586251907,0.63,312.29996,222,241,"5/9/24, 12:00 AM",DUMKA,191,2024-12-31,4.91,3.4890735,388,377,390,382,4.1272044,2024-01-01,30.240499999999997,Patgora,"{""geodesic"":false,""type"":""Point"",""coordinates"":[87.14066989413634,24.504468899033338]}"
1239_0,0.25,0.07342958,2.06,0.56,25.86,0.096577466,205.52,26.35,269.53,0.2590648,0.49,14.75,0.10549859,10.56,0.24394226,0.17285493,-2.2258441586251907,0.91,312.29996,222,241,"5/9/24, 12:00 AM",DUMKA,191,2024-12-31,5.24,3.4890735,388,377,390,382,4.1272044,2024-01-01,30.240499999999997,Patgora,"{""geodesic"":false,""type"":""Point"",""coordinates"":[87.14066989413634,24.504468899033338]}"
1240_0,0.45,0.07342958,1.64,0.56,26.38,0.096577466,204.512,20.52,272.83,0.2590648,0.48,16.33,0.10549859,10.44,0.24394226,0.17285493,-2.2258441586251907,0.68,312.29996,222,241,"5/9/24, 12:00 AM",DUMKA,191,2024-12-31,5.21,3.4890735,388,377,390,382,4.1272044,2024-01-01,30.240499999999997,Patgora,"{""geodesic"":false,""type"":""Point"",""coordinates"":[87.14066989413634,24.504468899033338]}"
1241_0,0.49,0.06999143,1.69,0.53,21.89,0.091825716,192.08,24.36,279.1,0.24365,0.41,12.34,0.100842856,14.72,0.24474715,0.18053,-2.0446587901455078,0.58,36.227814,224,243,"5/9/24, 12:00 AM",DUMKA,178,2024-12-31,5.26,3.4890735,368,362,408,395,3.4451592,2024-01-01,30.223351351351347,Suhoduho,"{""geodesic"":false,""type"":""Point"",""coordinates"":[87.1320460674088,24.500426480254802]}"
1242_0,0.27,0.06722,2.15,0.42,32.6,0.08918285,217.392,24.15,282.55,0.28729144,0.41,16.33,0.09362572,13.489999999999991,0.26160857,0.17838572,-1.9241823960962054,0.63,90.0,224,243,"5/9/24, 12:00 AM",DUMKA,177,2024-12-31,5.21,3.4890735,368,362,408,395,3.0549147,2024-01-01,30.223351351351347,Suhoduho,"{""geodesic"":false,""type"":""Point"",""coordinates"":[87.1320460674088,24.50069597484004]}"
1243_0,0.53,0.06999143,1.18,0.56,27.6,0.091825716,181.552,31.25,242.54,0.24365,0.45,12.42,0.100842856,11.74125,0.24474715,0.18053,-2.0446587901455078,0.69,36.227814,224,243,"5/9/24, 12:00 AM",DUMKA,178,2024-12-31,4.88,3.4890735,368,362,408,395,3.4451592,2024-01-01,30.223351351351347,Suhoduho,"{""geodesic"":false,""type"":""Point"",""coordinates"":[87.1320460674088,24.500426480254802]}"
1244_0,0.65,0.074085295,1.55,0.56,27.5,0.09128824,171.808,28.56,242.16,0.28399265,0.43,13.02,0.08900588,10.42,0.23672059,0.15344854,-2.8198976228407826,0.42,352.17902,223,238,"5/8/24, 12:00 AM",DUMKA,189,2024-12-31,5.24,3.609397,395,385,382,377,7.4473686,2024-01-01,30.29870588235294,Gardih,"{""geodesic"":false,""type"":""Point"",""coordinates"":[87.15118018296053,24.488568718504425]}"
1245_0,0.24,0.074085295,1.22,0.41,23.56,0.09128824,205.184,26.95,275.47,0.28399265,0.57,12.01,0.08900588,10.44,0.23672059,0.15344854,-2.8198976228407826,0.85,352.17902,223,238,"5/8/24, 12:00 AM",DUMKA,189,2024-12-31,4.78,3.609397,395,385,382,377,7.4473686,2024-01-01,30.29870588235294,Gardih,"{""geodesic"":false,""type"":""Point"",""coordinates"":[87.15118018296053,24.488568718504425]}"
1246_0,0.54,0.074085295,0.98,0.56,33.2,0.09128824,182.336,24.51,272.15,0.28399265,0.34,14.75,0.08900588,10.48,0.23672059,0.15344854,-2.8198976228407826,0.62,352.17902,223,238,"5/8/24, 12:00 AM",DUMKA,189,2024-12-31,5.24,3.609397,395,385,382,377,7.4473686,2024-01-01,30.29870588235294,Gardih,"{""geodesic"":false,""type"":""Point"",""coordinates"":[87.15118018296053,24.488568718504425]}"
1247_0,0.36,0.074085295,1.55,0.5,41.2,0.09128824,204.848,20.45,250.12,0.28399265,0.43,10.44,0.08900588,14.22,0.23672059,0.15344854,-2.8198976228407826,0.58,352.17902,223,238,"5/8/24, 12:00 AM",DUMKA,189,2024-12-31,4.94,3.609397,395,385,382,377,7.4473686,2024-01-01,30.29870588235294,Gardih,"{""geodesic"":false,""type"":""Point"",""coordinates"":[87.15118018296053,24.488568718504425]}"
1248_0,0.31,0.074085295,0.99,0.58,20.56,0.09128824,214.48,21.36,279.1,0.28399265,0.51,16.85,0.08900588,9.25,0.23672059,0.15344854,-2.8198976228407826,0.65,352.17902,223,238,"5/8/24, 12:00 AM",DUMKA,189,2024-12-31,5.24,3.609397,395,385,382,377,7.4473686,2024-01-01,30.29870588235294,Gardih,"{""geodesic"":false,""type"":""Point"",""coordinates"":[87.15118018296053,24.488568718504425]}"
1249_0,0.29,0.074085295,1.55,0.53,31.6,0.09128824,240.576,22.36,275.15,0.28399265,0.47,18.74,0.08900588,11.05,0.23672059,0.15344854,-2.8198976228407826,0.36,352.17902,223,238,"5/8/24, 12:00 AM",DUMKA,189,2024-12-31,5.24,3.609397,395,385,382,377,7.4473686,2024-01-01,30.29870588235294,Gardih,"{""geodesic"":false,""type"":""Point"",""coordinates"":[87.15118018296053,24.488568718504425]}"
1250_0,0.42,0.074085295,2.05,0.52,25.6,0.09128824,226.128,24.56,248.61,0.28399265,0.34,16.85,0.08900588,14.02,0.23672059,0.15344854,-2.8198976228407826,0.68,352.17902,223,238,"5/8/24, 12:00 AM",DUMKA,189,2024-12-31,5.33,3.609397,395,385,382,377,7.4473686,2024-01-01,30.29870588235294,Gardih,"{""geodesic"":false,""type"":""Point"",""coordinates"":[87.15118018296053,24.488568718504425]}"
1251_0,0.42,0.074085295,0.89,0.49,26.3,0.09128824,204.288,29.5,239.1,0.28399265,0.43,15.47,0.08900588,12.02,0.23672059,0.15344854,-2.8198976228407826,0.45,352.17902,223,238,"5/8/24, 12:00 AM",DUMKA,189,2024-12-31,5.41,3.609397,395,385,382,377,7.4473686,2024-01-01,30.29870588235294,Gardih,"{""geodesic"":false,""type"":""Point"",""coordinates"":[87.15118018296053,24.488568718504425]}"
1252_0,0.29,0.074085295,1.22,0.45,25.8,0.09128824,183.904,18.65,255.41,0.28399265,0.27,10.74,0.08900588,13.32,0.23672059,0.15344854,-2.8198976228407826,0.49,352.17902,223,238,"5/8/24, 12:00 AM",DUMKA,189,2024-12-31,5.74,3.609397,395,385,382,377,7.4473686,2024-01-01,30.29870588235294,Gardih,"{""geodesic"":false,""type"":""Point"",""coordinates"":[87.15118018296053,24.488568718504425]}"
1253_0,0.75,0.077760294,1.55,0.52,32.5,0.09388235,217.84,26.53,272.83,0.2676603,0.47,15.47,0.098947056,13.05,0.26064706,0.17924559,-1.9679980863514273,0.71,286.8751,223,238,"5/8/24, 12:00 AM",DUMKA,192,2024-12-31,5.21,3.609397,395,385,382,377,3.1917841,2024-01-01,30.29870588235294,Gardih,"{""geodesic"":false,""type"":""Point"",""coordinates"":[87.15118018296053,24.48829922391919]}"
1254_0,0.6,0.077760294,0.85,0.56,22.6,0.09388235,172.59199999999998,31.25,275.41,0.2676603,0.47,18.45,0.098947056,10.24,0.26064706,0.17924559,-1.9679980863514273,0.75,286.8751,223,238,"5/8/24, 12:00 AM",DUMKA,192,2024-12-31,5.24,3.609397,395,385,382,377,3.1917841,2024-01-01,30.29870588235294,Gardih,"{""geodesic"":false,""type"":""Point"",""coordinates"":[87.15118018296053,24.48829922391919]}"
1255_0,0.37,0.07132,1.38,0.46,25.6,0.097317144,197.008,30.22,279.4,0.27181715,0.48,10.45,0.109751426,13.02,0.2552743,0.18064286,-1.1274453607136743,1.25,132.296,221,245,"5/8/24, 12:00 AM",DUMKA,194,2024-12-31,5.21,3.4890735,392,383,387,372,2.7543247,2024-01-01,30.248666666666665,Bandarjora,"{""geodesic"":false,""type"":""Point"",""coordinates"":[87.1404003995511,24.52198604707367]}"
1256_0,0.58,0.05475942,2.15,0.42,24.53,0.075573914,192.976,26.33,248.51,0.28573042,0.49,10.44,0.065831885,10.78,0.2045826,0.12101884,-2.2260616466829175,1.12,132.29594,223,246,"5/8/24, 12:00 AM",DUMKA,197,2024-12-31,5.24,3.4890735,391,382,386,372,4.1275225,2024-01-01,30.248666666666665,Bandarjora,"{""geodesic"":false,""type"":""Point"",""coordinates"":[87.14013090496586,24.522255541658907]}"
1257_0,0.61,0.05475942,0.98,0.5,25.3,0.075573914,142.91199999999998,28.5,218.61,0.28573042,0.45,18.74,0.065831885,13.05,0.2045826,0.12101884,-2.2260616466829175,1.25,132.29594,223,246,"5/8/24, 12:00 AM",DUMKA,197,2024-12-31,5.23,3.4890735,391,382,386,372,4.1275225,2024-01-01,30.248666666666665,Bandarjora,"{""geodesic"":false,""type"":""Point"",""coordinates"":[87.14013090496586,24.522255541658907]}"
1258_0,0.75,0.0796597,6.45,0.54,59,0.09918209,195,19.65,180,0.20239104,0.65,13.2,0.11905224,15,0.24488507,0.20647015,-1.6125565409705638,1.17,294.46725,218,234,"3/19/24, 12:00 AM",DUMKA,212,2024-12-31,5.39,3.6432247,373,368,409,398,2.238242,2024-01-01,30.25205714285714,Amrapahari,"{""geodesic"":false,""type"":""Point"",""coordinates"":[87.2907783781127,24.484795794311122]}"
1259_0,0.75,0.0796597,1.98,0.65,57,0.09918209,176,19.2,215,0.20239104,0.38,8.46,0.11905224,13,0.24488507,0.20647015,-1.6125565409705638,2.57,294.46725,218,234,"3/19/24, 12:00 AM",DUMKA,212,2024-12-31,5.49,3.6432247,373,368,409,398,2.238242,2024-01-01,30.25205714285714,Amrapahari,"{""geodesic"":false,""type"":""Point"",""coordinates"":[87.2907783781127,24.484795794311122]}"
1260_0,0.25,0.077991046,1.35,0.46,21.45,0.108247764,175.42,30.26,316.22,0.28530896,0.41,10.98,0.14223582,11.42,0.35516268,0.26237315,-1.1995807143625892,0.74,339.8822,223,242,"5/7/24, 12:00 AM",DUMKA,188,2024-12-31,4.92,3.6432247,381,375,396,384,2.9606318,2024-01-01,30.278399999999998,Dhoba,"{""geodesic"":false,""type"":""Point"",""coordinates"":[87.29994119401073,24.49476709396485]}"
1261_0,0.52,0.07795778,5.38,1.1,74.45,0.10581333,11.54,22.2,159,0.29309112,0.61,12.39,0.11021333,12,0.26384667,0.17426667,-1.4125786593855332,2.86,132.34346,207,217,"3/28/24, 12:00 AM",DUMKA,142,2024-12-31,5.45,3.5413055,381,381,411,402,5.491011,2024-01-01,30.21154285714285,Majdiha,"{""geodesic"":false,""type"":""Point"",""coordinates"":[87.3974982338661,24.312049765174937]}"
1262_0,0.14,0.07631957,2.12,0.87,39.71,0.11742662,128.12,19.64,248,0.24407195,0.37,2.2,0.13216475,7.48,0.29634964,0.22604245,5.319523041833424,0.52,227.66292,232,246,"5/22/24, 12:00 AM",DUMKA,145,2024-12-31,5.05,3.5413055,374,370,394,383,2.7521598,2024-01-01,30.26857142857143,Astajora,"{""geodesic"":false,""type"":""Point"",""coordinates"":[87.36327242154115,24.340346696624703]}"
1263_0,0.26,0.072831884,5.12,0.37,37.17,0.11546475,165.01,18.94,218,0.25770646,0.37,28.26,0.12546402,18.48,0.30321655,0.2259741,-2.4009402010599104,0.72,235.65395,232,246,"5/22/24, 12:00 AM",DUMKA,144,2024-12-31,4.4,3.5413055,374,370,394,383,4.9196754,2024-01-01,30.26857142857143,Astajora,"{""geodesic"":false,""type"":""Point"",""coordinates"":[87.36300292695591,24.340885685795175]}"
1264_0,0.56,0.072831884,4.03,0.57,90.91,0.11546475,101.32,22.66,244,0.25770646,0.31,10.25,0.12546402,7.48,0.30321655,0.2259741,-2.4009402010599104,0.57,235.65395,232,246,"5/22/24, 12:00 AM",DUMKA,144,2024-12-31,5.67,3.5413055,374,370,394,383,4.9196754,2024-01-01,30.26857142857143,Astajora,"{""geodesic"":false,""type"":""Point"",""coordinates"":[87.36300292695591,24.340885685795175]}"
1265_0,0.36,0.07426956,5.71,0.62,60.54,0.116131656,135.02,9.85,215,0.2514,0.39,10.54,0.12770936,18.67,0.2990072,0.22488704,-2.2346385558948416,0.46,257.1682,232,246,"5/22/24, 12:00 AM",DUMKA,142,2024-12-31,5.8,3.5413055,374,370,394,383,4.168832,2024-01-01,30.26857142857143,Astajora,"{""geodesic"":false,""type"":""Point"",""coordinates"":[87.36300292695591,24.34061619120994]}"
1266_0,0.39,0.07426956,4.58,0.49,67.45,0.116131656,118.49,20.34,208,0.2514,0.35,21.24,0.12770936,21.47,0.2990072,0.22488704,-2.2346385558948416,0.65,257.1682,232,246,"5/22/24, 12:00 AM",DUMKA,142,2024-12-31,6.11,3.5413055,374,370,394,383,4.168832,2024-01-01,30.26857142857143,Astajora,"{""geodesic"":false,""type"":""Point"",""coordinates"":[87.36300292695591,24.34061619120994]}"
1267_0,0.23,0.072831884,2.56,0.43,35.83,0.11546475,129.12,7.42,246,0.25770646,0.38,9.62,0.12546402,7.47,0.30321655,0.2259741,-2.4009402010599104,0.46,235.65395,232,246,"5/22/24, 12:00 AM",DUMKA,144,2024-12-31,5.73,3.5413055,374,370,394,383,4.9196754,2024-01-01,30.26857142857143,Astajora,"{""geodesic"":false,""type"":""Point"",""coordinates"":[87.36300292695591,24.340885685795175]}"
1268_0,1.34,0.06445217,4.02,0.55,26.53,0.10256259,98.63,21.38,258,0.23013598,0.48,10.34,0.10377698,18.67,0.24799784,0.17814964,4.984566433810488,0.35,195.34378,232,246,"5/22/24, 12:00 AM",DUMKA,142,2024-12-31,5.69,3.5413055,374,370,394,383,3.8413258,2024-01-01,30.26857142857143,Astajora,"{""geodesic"":false,""type"":""Point"",""coordinates"":[87.36273343237069,24.340885685795175]}"
1269_0,0.39,0.06445217,5.65,0.89,51.57,0.10256259,96.87,15.48,212,0.23013598,0.49,11.36,0.10377698,12.49,0.24799784,0.17814964,4.984566433810488,0.32,195.34378,232,246,"5/22/24, 12:00 AM",DUMKA,142,2024-12-31,5.31,3.5413055,374,370,394,383,3.8413258,2024-01-01,30.26857142857143,Astajora,"{""geodesic"":false,""type"":""Point"",""coordinates"":[87.36273343237069,24.340885685795175]}"
1270_0,0.45,0.06445217,3.65,0.52,64.89,0.10256259,128.12,25.61,385,0.23013598,0.59,19.15,0.10377698,16.46,0.24799784,0.17814964,4.984566433810488,0.65,195.34378,232,246,"5/21/24, 12:00 AM",DUMKA,142,2024-12-31,5.83,3.5413055,374,370,394,383,3.8413258,2024-01-01,30.26857142857143,Astajora,"{""geodesic"":false,""type"":""Point"",""coordinates"":[87.36273343237069,24.340885685795175]}"
1271_0,0.49,0.08901295,2.45,0.63,38.34,0.1069741,115.31,22.32,376,0.23813309,0.48,15.08,0.11002806,9.47,0.26591727,0.19316259,4.9845663093042525,0.62,195.34383,232,246,"5/21/24, 12:00 AM",DUMKA,145,2024-12-31,5.71,3.5413055,374,370,394,383,3.8413262,2024-01-01,30.26857142857143,Astajora,"{""geodesic"":false,""type"":""Point"",""coordinates"":[87.36273343237069,24.34115518038041]}"
1272_0,0.64,0.06445217,5.35,0.49,93.26,0.10256259,145.34,10.15,384,0.23013598,0.63,16.96,0.10377698,15.45,0.24799784,0.17814964,4.984566433810488,0.39,195.34378,232,246,"5/21/24, 12:00 AM",DUMKA,142,2024-12-31,5.45,3.5413055,374,370,394,383,3.8413258,2024-01-01,30.26857142857143,Astajora,"{""geodesic"":false,""type"":""Point"",""coordinates"":[87.36273343237069,24.340885685795175]}"
1273_0,0.36,0.08901295,3.12,0.61,10.15,0.1069741,129.12,29.24,278,0.23813309,0.69,6.94,0.11002806,7.48,0.26591727,0.19316259,4.9845663093042525,0.52,195.34383,232,246,"5/21/24, 12:00 AM",DUMKA,145,2024-12-31,5.38,3.5413055,374,370,394,383,3.8413262,2024-01-01,30.26857142857143,Astajora,"{""geodesic"":false,""type"":""Point"",""coordinates"":[87.36273343237069,24.34115518038041]}"
1274_0,0.19,0.08901295,2.15,0.46,35.81,0.1069741,98.63,17.12,281,0.23813309,0.75,9.28,0.11002806,22.78,0.26591727,0.19316259,4.9845663093042525,0.5,195.34383,232,246,"5/21/24, 12:00 AM",DUMKA,145,2024-12-31,5.46,3.5413055,374,370,394,383,3.8413262,2024-01-01,30.26857142857143,Astajora,"{""geodesic"":false,""type"":""Point"",""coordinates"":[87.36273343237069,24.34115518038041]}"
1275_0,0.14,0.08901295,4.33,0.39,87.92,0.1069741,101.22,13.66,248,0.23813309,0.47,10.38,0.11002806,8.67,0.26591727,0.19316259,4.9845663093042525,0.85,195.34383,232,246,"5/21/24, 12:00 AM",DUMKA,145,2024-12-31,4.98,3.5413055,374,370,394,383,3.8413262,2024-01-01,30.26857142857143,Astajora,"{""geodesic"":false,""type"":""Point"",""coordinates"":[87.36273343237069,24.34115518038041]}"
1276_0,0.13,0.08901295,4.21,0.41,57.5,0.1069741,128.12,19.63,225,0.23813309,0.63,9.39,0.11002806,9.34,0.26591727,0.19316259,4.9845663093042525,0.65,195.34383,232,246,"5/21/24, 12:00 AM",DUMKA,145,2024-12-31,5.13,3.5413055,374,370,394,383,3.8413262,2024-01-01,30.26857142857143,Astajora,"{""geodesic"":false,""type"":""Point"",""coordinates"":[87.36273343237069,24.34115518038041]}"
1277_0,0.34,0.07682973,3.84,0.53,33.6,0.09606757,12.4,7.26,180,0.24897838,0.37,18.4,0.11432973,17,0.2838,0.23276487,-1.124810831890623,1.52,132.34508,212,222,"3/30/24, 12:00 AM",DUMKA,135,2024-12-31,5.25,3.603517,402,408,386,370,1.3766632,2024-01-01,30.296400000000006,Pandanpahari,"{""geodesic"":false,""type"":""Point"",""coordinates"":[87.4387309054072,24.30477341137357]}"
1278_0,0.47,0.059543245,2.68,0.48,13.6,0.084362164,11.2,5.32,199,0.28752974,0.51,12.6,0.088294595,13,0.2514108,0.16467297,-1.4228232611612277,1.69,180.0,212,222,"3/30/24, 12:00 AM",DUMKA,133,2024-12-31,5.19,3.603517,402,408,386,370,1.8543341,2024-01-01,30.296400000000006,Pandanpahari,"{""geodesic"":false,""type"":""Point"",""coordinates"":[87.43819191623672,24.303964927617862]}"
1279_0,0.68,0.082697295,2.27,0.49,30.38,0.102181084,200.2,25.2,221,0.2595811,0.92,15.32,0.11715946,13,0.29275677,0.22848378,-1.921006813012743,2.064,90.0,213,223,"3/30/24, 12:00 AM",DUMKA,136,2024-12-31,4.42,3.4482152,406,408,381,369,3.050037,2024-01-01,30.291428571428565,Pandanpahari,"{""geodesic"":false,""type"":""Point"",""coordinates"":[87.44358180794144,24.298575035913146]}"
1280_0,0.54,0.08273572,4.12,0.98,82.16,0.11480284,126.33,19.27,389,0.23823687,0.85,14.51,0.11500567,14.65,0.2597766,0.19465674,-0.12982773564914016,0.58,90.0,233,247,"5/21/24, 12:00 AM",DUMKA,150,2024-12-31,5.02,3.4132357,387,386,379,366,1.0178343,2024-01-01,30.279257142857148,Baghasol,"{""geodesic"":false,""type"":""Point"",""coordinates"":[87.34548577891559,24.336034783260928]}"
1281_0,0.45,0.08273572,2.87,0.46,74.09,0.11480284,118.7,20.34,267,0.23823687,0.98,11.54,0.11500567,7.48,0.2597766,0.19465674,-0.12982773564914016,0.45,90.0,233,247,"5/21/24, 12:00 AM",DUMKA,150,2024-12-31,4.88,3.4132357,387,386,379,366,1.0178343,2024-01-01,30.279257142857148,Baghasol,"{""geodesic"":false,""type"":""Point"",""coordinates"":[87.34548577891559,24.336034783260928]}"
1282_0,1.13,0.073674284,2.56,0.55,35.33,0.09207143,129.12,7.42,246,0.23681715,0.48,9.62,0.101534285,9.47,0.28981143,0.23925143,-1.611662379187354,0.32,245.5221,221,234,"5/21/24, 12:00 AM",DUMKA,264,2024-12-31,5.69,3.3341472,416,405,363,361,2.2373273,2024-01-01,30.249085714285716,Baghasol,"{""geodesic"":false,""type"":""Point"",""coordinates"":[86.91968433424293,24.42254254512164]}"
1283_0,0.48,0.06103611,2.39,0.9,23.88,0.08264583,123,26.5,172,0.26273057,0.19,16.25,0.081869446,13,0.23941945,0.15753056,-1.5550652236558906,2.76,331.23633,213,226,"3/22/24, 12:00 AM",DUMKA,172,2024-12-31,4.88,3.5572186,414,417,373,357,2.1151197,2024-01-01,30.155444444444452,Ukhrapahari,"{""geodesic"":false,""type"":""Point"",""coordinates"":[87.4726872231469,24.375111498120127]}"
1284_0,0.74,0.075105555,3.54,0.67,45.1,0.09322917,165,26,126,0.19910416,0.16,18.26,0.11480139,9,0.26025835,0.22020833,2.0540343911299637,1.49,-0.0,220,233,"3/22/24, 12:00 AM",DUMKA,175,2024-12-31,4.37,3.5572186,430,431,350,336,0.0,2024-01-01,30.142388888888895,Ukhrapahari,"{""geodesic"":false,""type"":""Point"",""coordinates"":[87.47349570690263,24.374572508949658]}"
1285_0,0.65,0.073726386,4.37,0.86,22.84,0.09703056,130,32.2,126,0.27359444,0.16,13.42,0.1052,13,0.28608334,0.20233195,-1.555058715322379,2.64,208.76358,220,233,"3/22/24, 12:00 AM",DUMKA,174,2024-12-31,4.6,3.5572186,430,431,350,336,2.1151175,2024-01-01,30.142388888888895,Ukhrapahari,"{""geodesic"":false,""type"":""Point"",""coordinates"":[87.47403469607309,24.374572508949658]}"
1286_0,0.25,0.06440833,8.41,0.47,23.58,0.08614722,14.92,5.99,196,0.27000973,0.5,15.39,0.09286805,10,0.228275,0.15470138,2.0540288982089656,3.08,-0.0,213,226,"3/22/24, 12:00 AM",DUMKA,174,2024-12-31,4.6,3.5572186,414,417,373,357,0.0,2024-01-01,30.142388888888895,Ukhrapahari,"{""geodesic"":false,""type"":""Point"",""coordinates"":[87.47349570690263,24.37484200353489]}"
1287_0,0.56,0.08273572,4.02,0.69,26.53,0.11480284,98.63,21.38,258,0.23823687,0.59,10.34,0.11500567,13.46,0.2597766,0.19465674,-0.12982773564914016,0.5,90.0,233,247,"5/22/24, 12:00 AM",DUMKA,150,2024-12-31,4.36,3.4132357,387,386,379,366,1.0178343,2024-01-01,30.279257142857148,Amjhari,"{""geodesic"":false,""type"":""Point"",""coordinates"":[87.34548577891559,24.336034783260928]}"
1288_0,0.34,0.08273572,5.71,0.27,60.54,0.11480284,153.2,9.85,276,0.23823687,0.56,8.38,0.11500567,17.48,0.2597766,0.19465674,-0.12982773564914016,0.75,90.0,233,247,"5/22/24, 12:00 AM",DUMKA,150,2024-12-31,5.63,3.4132357,387,386,379,366,1.0178343,2024-01-01,30.279257142857148,Amjhari,"{""geodesic"":false,""type"":""Point"",""coordinates"":[87.34548577891559,24.336034783260928]}"
1289_0,0.39,0.087035716,2.15,0.59,35.81,0.11927021,98.63,17.12,281,0.24121277,0.71,9.28,0.1222844,8.67,0.2696603,0.20000993,-0.4320356777844036,0.48,47.66198,233,247,"5/22/24, 12:00 AM",DUMKA,149,2024-12-31,5.58,3.4132357,387,386,379,366,1.3768493,2024-01-01,30.279257142857148,Amjhari,"{""geodesic"":false,""type"":""Point"",""coordinates"":[87.34575527350083,24.336034783260928]}"
1290_0,0.14,0.08273572,3.85,0.41,43.42,0.11480284,76.34,22.32,243,0.23823687,0.63,4.36,0.11500567,15.45,0.2597766,0.19465674,-0.12982773564914016,0.46,90.0,233,247,"5/22/24, 12:00 AM",DUMKA,150,2024-12-31,5.13,3.4132357,387,386,379,366,1.0178343,2024-01-01,30.279257142857148,Amjhari,"{""geodesic"":false,""type"":""Point"",""coordinates"":[87.34548577891559,24.336034783260928]}"
1291_0,0.36,0.073674284,3.39,0.43,9.88,0.09207143,139.14,16.96,239,0.23681715,0.61,9.94,0.101534285,8.46,0.28981143,0.23925143,-1.611662379187354,0.45,245.5221,221,234,"5/21/24, 12:00 AM",DUMKA,264,2024-12-31,5.46,3.3341472,416,405,363,361,2.2373273,2024-01-01,30.249085714285716,Saharjori,"{""geodesic"":false,""type"":""Point"",""coordinates"":[86.91968433424293,24.42254254512164]}"
1292_0,0.39,0.073674284,3.65,0.49,46.55,0.09207143,96.87,21.01,238,0.23681715,0.69,26.01,0.101534285,12.49,0.28981143,0.23925143,-1.611662379187354,0.82,245.5221,221,234,"5/21/24, 12:00 AM",DUMKA,264,2024-12-31,5.52,3.3341472,416,405,363,361,2.2373273,2024-01-01,30.249085714285716,Saharjori,"{""geodesic"":false,""type"":""Point"",""coordinates"":[86.91968433424293,24.42254254512164]}"
1293_0,0.46,0.07542222,2.52,0.34,17.96,0.10435556,16.3,21.06,188,0.2923111,0.53,11.3,0.11398889,17,0.29055557,0.211275,-1.1249964103813535,1.61,47.65835,219,218,"4/6/24, 12:00 AM",DUMKA,126,2024-12-31,5.32,3.6352136,423,432,358,349,1.3767537,2024-01-01,30.252444444444443,Kanaidih,"{""geodesic"":false,""type"":""Point"",""coordinates"":[87.48104155528922,24.320134602732015]}"
1294_0,0.6,0.052613888,2.58,1.01,21.15,0.068738885,30.2,26.5,194,0.24803889,0.43,13.4,0.06171667,12,0.19668612,0.11891111,-1.610193034658971,1.61,114.49547,219,218,"4/5/24, 12:00 AM",DUMKA,126,2024-12-31,5.28,3.6352136,423,432,358,349,2.2358236,2024-01-01,30.252444444444443,Kanaidih,"{""geodesic"":false,""type"":""Point"",""coordinates"":[87.48104155528922,24.319595613561543]}"
1295_0,0.53,0.07897778,2.08,0.74,21.18,0.10084444,32,26.16,170,0.29040554,0.53,16.4,0.10903333,19,0.2836,0.20567222,-1.5158779774062032,1.62,270.0,219,218,"4/5/24, 12:00 AM",DUMKA,125,2024-12-31,5.29,3.6352136,423,432,358,349,2.034768,2024-01-01,30.252444444444443,Kanaidih,"{""geodesic"":false,""type"":""Point"",""coordinates"":[87.48023307153352,24.31986510814678]}"
1296_0,0.41,0.08432222,2.36,0.58,31.2,0.11252222,58.2,4.13,238,0.28323054,0.42,10.2,0.13784723,12,0.3115278,0.23894444,-2.5215553602743865,0.94,180.0,219,218,"4/1/24, 12:00 AM",DUMKA,126,2024-12-31,5.09,3.6352136,423,432,358,349,5.547545,2024-01-01,30.252444444444443,Kanaidih,"{""geodesic"":false,""type"":""Point"",""coordinates"":[87.48023307153352,24.318787129805834]}"
1297_0,0.44,0.063711114,2.62,0.47,1.23,0.081761114,14.4,28.23,234,0.27608055,0.45,19.3,0.07631111,14,0.22451389,0.13859722,-1.9654588596137168,0.44,106.89639,219,218,"3/30/24, 12:00 AM",DUMKA,127,2024-12-31,5.35,3.6352136,423,432,358,349,3.1878862,2024-01-01,30.252444444444443,Kanaidih,"{""geodesic"":false,""type"":""Point"",""coordinates"":[87.48077206070398,24.319326118976306]}"
1298_0,0.8,0.09956945,3.12,0.57,39.14,0.12631111,221.5,24.2,202,0.307875,0.53,12.51,0.13814445,12,0.3050778,0.23059723,-2.233546897252095,1.94,257.1612,250,247,"3/22/24, 12:00 AM",DUMKA,97,2024-12-31,4.13,3.552041,406,419,344,334,4.166601,2024-01-01,30.347647058823526,Masania,"{""geodesic"":false,""type"":""Point"",""coordinates"":[87.5454507611606,24.268930631537202]}"
1299_0,0.69,0.121927775,3.54,0.89,45.1,0.14978889,200.2,26,189,0.29215,0.28,9.23,0.177275,12,0.33205,0.25940555,-1.6094588975267645,1.49,245.49577,250,247,"3/22/24, 12:00 AM",DUMKA,97,2024-12-31,4.5,3.552041,406,419,344,334,4.4633684,2024-01-01,30.347647058823526,Masania,"{""geodesic"":false,""type"":""Point"",""coordinates"":[87.54652873950154,24.26839164236673]}"
1300_0,0.64,0.06613429,3.92,0.71,20.8,0.08795,20.4,4.96,174,0.24594,0.56,17.4,0.09364428,17,0.25366142,0.17303143,4.342706050191446,0.62,132.33621,202,222,"3/31/24, 12:00 AM",DUMKA,146,2024-12-31,5.41,3.6352136,428,424,370,354,1.3768972,2024-01-01,30.179941176470592,Joram,"{""geodesic"":false,""type"":""Point"",""coordinates"":[87.48966538201677,24.344119620818006]}"
1301_0,0.6,0.08241143,2.09,0.73,25.2,0.108122855,44.3,8.7,228,0.28666714,0.27,10.3,0.11950286,18,0.28649715,0.19926856,2.5138142324725066,0.62,218.09654,201,216,"3/31/24, 12:00 AM",DUMKA,141,2024-12-31,5.6,3.6352136,430,429,368,355,8.193577,2024-01-01,30.179941176470592,Joram,"{""geodesic"":false,""type"":""Point"",""coordinates"":[87.4891263928463,24.345467093744183]}"
1302_0,0.38,0.06555428,3.49,0.39,25.3,0.08607,33.3,13.6,196,0.24327,0.42,11.3,0.084102854,15,0.2516857,0.16639143,2.358073034375796,0.34,227.66411,201,216,"3/31/24, 12:00 AM",DUMKA,146,2024-12-31,5.29,3.6352136,430,429,368,355,9.55074,2024-01-01,30.179941176470592,Joram,"{""geodesic"":false,""type"":""Point"",""coordinates"":[87.48939588743154,24.345467093744183]}"
1303_0,0.62,0.071878575,2.59,0.86,21.4,0.093025714,12.2,9.41,231,0.28591856,0.55,16.6,0.101597145,16,0.26569572,0.18825285,-1.5547852324993976,2.65,151.24188,202,222,"3/30/24, 12:00 AM",DUMKA,147,2024-12-31,5.01,3.6352136,428,424,370,354,2.1150072,2024-01-01,30.179941176470592,Joram,"{""geodesic"":false,""type"":""Point"",""coordinates"":[87.49020437118725,24.34573658832942]}"
1304_0,0.39,0.06350222,2.35,0.63,23.1,0.08143111,30.5,7.39,199,0.29419777,0.51,12.3,0.08244889,14,0.23174815,0.16001777,-1.682330398244848,0.29,39.47112,212,219,"4/1/24, 12:00 AM",DUMKA,209,2024-12-31,5.1,3.5455499,414,408,374,373,4.79477,2024-01-01,30.23217647058823,Bamerjhanti,"{""geodesic"":false,""type"":""Point"",""coordinates"":[87.37890310748483,24.389664205722866]}"
1305_0,0.66,0.06794889,2.61,0.64,21.9,0.08641556,33.3,13.6,188,0.25454593,0.65,16.3,0.08964148,16,0.22345111,0.15847851,-2.8262188574419493,0.31,42.458107,212,215,"4/1/24, 12:00 AM",DUMKA,212,2024-12-31,5.06,3.5455499,413,409,374,376,7.4997873,2024-01-01,30.23217647058823,Bamerjhanti,"{""geodesic"":false,""type"":""Point"",""coordinates"":[87.37890310748483,24.38939471113763]}"
1306_0,0.42,0.07520592,1.08,0.74,28.9,0.086422965,31.1,9.22,239,0.18420148,0.28,23.4,0.10377407,14,0.2585622,0.21586518,-2.3754648860586305,0.54,39.47087,204,209,"3/31/24, 12:00 AM",DUMKA,207,2024-12-31,5.69,3.5455499,415,410,380,382,4.794753,2024-01-01,30.23217647058823,Bamerjhanti,"{""geodesic"":false,""type"":""Point"",""coordinates"":[87.37998108582578,24.38858622738192]}"
1307_0,0.84,0.06492857,1.24,0.39,26.3,0.08298857,13.3,8.714,196,0.22483857,0.42,11.3,0.094937146,14,0.24856,0.18004428,-1.5547117193405056,0.61,28.75668,210,225,"4/5/24, 12:00 AM",DUMKA,180,2024-12-31,5.29,3.5624192,430,415,360,360,4.2242084,2024-01-01,30.215470588235288,Hirodih,"{""geodesic"":false,""type"":""Point"",""coordinates"":[87.50367910044903,24.338460234528053]}"
1308_0,0.39,0.05563,0.34,0.58,31.9,0.072532855,32.1,23.28,207,0.2670543,0.54,14.7,0.07493857,12,0.23016286,0.15392429,-1.6817654937180362,1.89,39.459698,210,225,"4/5/24, 12:00 AM",DUMKA,181,2024-12-31,5.04,3.5624192,430,415,360,360,4.793987,2024-01-01,30.215470588235288,Hirodih,"{""geodesic"":false,""type"":""Point"",""coordinates"":[87.5034096058638,24.338460234528053]}"
1309_0,0.7,0.05722353,1.98,0.69,28.1,0.077098526,15.4,24.26,240,0.27305,0.69,15.3,0.0782,15,0.26662353,0.17103676,-1.328894671428562,0.16,336.2976,219,233,"4/5/24, 12:00 AM",DUMKA,169,2024-12-31,5.39,3.5624192,431,427,349,340,5.0515523,2024-01-01,30.215470588235288,Hirodih,"{""geodesic"":false,""type"":""Point"",""coordinates"":[87.50421808961951,24.33926871828376]}"
1310_0,0.43,0.059621427,0.84,0.52,25.6,0.07722857,12.2,21.4,227,0.28185287,0.89,14.3,0.079292856,17,0.25267,0.17168428,-1.55471217250884,0.71,28.756733,210,225,"4/5/24, 12:00 AM",DUMKA,178,2024-12-31,5.12,3.5624192,430,415,360,360,4.2242103,2024-01-01,30.215470588235288,Hirodih,"{""geodesic"":false,""type"":""Point"",""coordinates"":[87.50367910044903,24.338729729113286]}"
1311_0,0.39,0.08194191,5.65,0.9,51.57,0.12816642,105.49,15.48,378,0.26622263,0.41,25.26,0.14605986,22.78,0.3145,0.23512919,-0.729994943604921,0.46,180.0,225,239,"5/22/24, 12:00 AM",DUMKA,151,2024-12-31,5.56,3.5413055,374,371,401,390,0.92740995,2024-01-01,30.26494736842105,Karanpura,"{""geodesic"":false,""type"":""Point"",""coordinates"":[87.3613859594445,24.344658609988475]}"
1312_0,1.08,0.08273572,2.35,0.59,38.45,0.11480284,122.34,13.36,254,0.23823687,0.47,8.21,0.11500567,15.49,0.2597766,0.19465674,-0.12982773564914016,0.58,90.0,233,247,"5/22/24, 12:00 AM",DUMKA,150,2024-12-31,4.95,3.4132357,387,386,379,366,1.0178343,2024-01-01,30.279257142857148,Aluara,"{""geodesic"":false,""type"":""Point"",""coordinates"":[87.34548577891559,24.336034783260928]}"
1313_0,0.81,0.064675674,0.75,0.61,25.53,0.08626081,16.3,39.78,199,0.26507026,0.56,14.2,0.0852946,13,0.25633648,0.16554324,0.18138775738710727,3.07,294.49338,196,197,"4/5/24, 12:00 AM",DUMKA,133,2024-12-31,5.41,3.603517,400,405,403,398,2.236002,2024-01-01,30.21935135135135,Kalhajhor,"{""geodesic"":false,""type"":""Point"",""coordinates"":[87.43846141082196,24.331992364482392]}"
1314_0,0.54,0.084843054,0.82,0.76,35.2,0.11705694,16.3,13.2,188,0.3245486,0.38,16.3,0.12915277,14,0.34163055,0.23797777,-0.20886059675531868,2.44,227.66116,196,197,"4/5/24, 12:00 AM",DUMKA,135,2024-12-31,5.18,3.603517,400,405,403,398,2.7520676,2024-01-01,30.21935135135135,Kalhajhor,"{""geodesic"":false,""type"":""Point"",""coordinates"":[87.43926989457766,24.332531353652865]}"
1315_0,0.59,0.06417429,1.15,0.89,41.2,0.081795715,14.3,16.02,189,0.19944286,0.63,15.4,0.10679571,13,0.28348857,0.24404286,-1.1251681567689822,1.04,132.33846,203,209,"4/5/24, 12:00 AM",DUMKA,143,2024-12-31,5.66,3.603517,391,395,406,396,1.3768378,2024-01-01,30.26178378378378,Kalhajhor,"{""geodesic"":false,""type"":""Point"",""coordinates"":[87.44196484043002,24.334148321164278]}"
1316_0,0.81,0.088758156,4.02,0.55,26.53,0.11122766,98.63,21.38,258,0.23963334,0.48,10.34,0.12354752,18.67,0.28109786,0.21190922,-0.7197650638745277,0.81,227.6626,233,247,"5/21/24, 12:00 AM",DUMKA,150,2024-12-31,5.69,3.4132357,385,386,383,367,2.7521434,2024-01-01,30.29354285714286,Balidih,"{""geodesic"":false,""type"":""Point"",""coordinates"":[87.34521628433035,24.338999223698522]}"
1317_0,0.19,0.087035716,4.12,0.49,82.16,0.11927021,126.3,19.27,389,0.24121277,0.67,14.51,0.1222844,17.67,0.2696603,0.20000993,-0.4320356777844036,0.41,47.66198,233,247,"5/21/24, 12:00 AM",DUMKA,149,2024-12-31,4.98,3.4132357,387,386,379,366,1.3768493,2024-01-01,30.279257142857148,Balidih,"{""geodesic"":false,""type"":""Point"",""coordinates"":[87.34575527350083,24.336034783260928]}"
1318_0,0.47,0.07673889,1.05,0.48,28.69,0.108055554,165,12.2,202,0.27320278,0.51,14.1,0.128725,13,0.28291112,0.21637778,-1.8177681609165088,0.56,47.65136,256,257,"3/30/24, 12:00 AM",DUMKA,97,2024-12-31,4.06,3.552041,393,401,351,342,2.7515514,2024-01-01,30.34164705882353,Bara Dhania Pahari,"{""geodesic"":false,""type"":""Point"",""coordinates"":[87.54113884779682,24.288873230844654]}"
1319_0,0.74,0.084122226,2.63,0.73,21.94,0.11981389,221,15.1,149,0.28651112,0.78,17.56,0.14638612,14,0.31851667,0.24766667,-1.9650063377086897,2.46,253.09981,256,257,"3/22/24, 12:00 AM",DUMKA,98,2024-12-31,5.79,3.552041,393,401,351,342,3.1871912,2024-01-01,30.35629411764706,Bara Dhania Pahari,"{""geodesic"":false,""type"":""Point"",""coordinates"":[87.54006086945587,24.28914272542989]}"
1320_0,0.31,0.06918378,1.01,0.62,22.3,0.09377297,37.2,4.18,190,0.27272162,0.37,19.3,0.11072162,17,0.29665136,0.20602703,-1.7551151913813385,0.12,79.66984,208,215,"4/1/24, 12:00 AM",DUMKA,121,2024-12-31,5.47,3.6352136,416,422,376,363,5.1582813,2024-01-01,30.302969696969697,Belaikandar,"{""geodesic"":false,""type"":""Point"",""coordinates"":[87.49155184411342,24.3042344222031]}"
1321_0,0.72,0.07165263,2.37,0.65,32.2,0.09713158,49.3,14.41,228,0.3125158,0.52,14.3,0.10953421,20,0.2948342,0.20007105,2.054614918275167,0.52,-0.0,215,221,"4/1/24, 12:00 AM",DUMKA,120,2024-12-31,5.61,3.447776,414,421,371,358,0.0,2024-01-01,30.29800000000001,Belaikandar,"{""geodesic"":false,""type"":""Point"",""coordinates"":[87.49155184411342,24.299383519668854]}"
1322_0,0.59,0.085994594,2.38,1.03,30.96,0.11174865,125,25.5,196,0.27937838,0.7,21.41,0.12891622,14,0.3000027,0.21498649,2.673520581898995,2.064,114.497505,222,221,"3/22/24, 12:00 AM",DUMKA,114,2024-12-31,4.02,3.5624192,434,444,344,335,4.464512,2024-01-01,30.372787878787875,Jhirka,"{""geodesic"":false,""type"":""Point"",""coordinates"":[87.52793361312027,24.307737851811165]}"
1323_0,0.33,0.13458055,1.05,0.86,28.9,0.15760556,145,12.2,199,0.30823332,0.73,11.85,0.17461666,9,0.3355472,0.25363055,0.4745816733096204,0.56,180.0,249,246,"3/31/24, 12:00 AM",DUMKA,92,2024-12-31,4.19,3.552041,403,416,349,337,2.7802885,2024-01-01,30.347647058823526,Jaluaduba,"{""geodesic"":false,""type"":""Point"",""coordinates"":[87.54733722325724,24.266774674855313]}"
1324_0,0.75,0.12956667,3.39,0.93,26.34,0.15445,145,12.3,172,0.30810556,0.65,12.86,0.17800277,10,0.3589,0.27396667,-1.2637234267163748,1.812,167.62627,249,246,"3/22/24, 12:00 AM",DUMKA,90,2024-12-31,4.01,3.552041,403,416,349,337,4.73692,2024-01-01,30.25348571428573,Jaluaduba,"{""geodesic"":false,""type"":""Point"",""coordinates"":[87.54679823408678,24.266505180270077]}"
1325_0,0.6,0.1353611,4.8,0.65,32.26,0.15961945,165,21.5,193,0.30570555,0.52,13.72,0.18245278,14,0.34624165,0.26701668,-0.7293943126711484,1.62,180.0,249,246,"3/22/24, 12:00 AM",DUMKA,89,2024-12-31,4.21,3.552041,403,416,349,337,2.7802885,2024-01-01,30.25348571428573,Jaluaduba,"{""geodesic"":false,""type"":""Point"",""coordinates"":[87.547067728672,24.266505180270077]}"
1326_0,0.78,0.139225,3.3,0.52,16.5,0.16683055,165,30,196,0.3174611,0.52,14.1,0.19061944,12,0.36064723,0.27855277,-0.7921345062795632,1.87,159.91554,249,246,"3/22/24, 12:00 AM",DUMKA,92,2024-12-31,4.12,3.552041,403,416,349,337,2.9600022,2024-01-01,30.347647058823526,Jaluaduba,"{""geodesic"":false,""type"":""Point"",""coordinates"":[87.547067728672,24.266774674855313]}"
1327_0,0.52,0.12509167,1.51,0.72,22.14,0.14518334,135,39.8,175,0.3002361,0.69,14.19,0.15546945,15,0.31964445,0.23720834,0.718554455797193,1.87,270.0,249,246,"3/22/24, 12:00 AM",DUMKA,89,2024-12-31,4.3,3.552041,403,416,349,337,3.049258,2024-01-01,30.25348571428573,Jaluaduba,"{""geodesic"":false,""type"":""Point"",""coordinates"":[87.547067728672,24.26623568568484]}"
1328_0,0.48,0.08081752,1.65,0.64,27.3,0.10164233,39.5,6.65,185,0.24064964,0.64,10.3,0.11049416,18,0.24572043,0.17683138,0.3683998830580552,1.56,180.0,199,214,"4/1/24, 12:00 AM",DUMKA,178,2024-12-31,5.47,3.5455499,379,378,422,409,1.8543341,2024-01-01,30.25027777777778,Bhawanrpathar,"{""geodesic"":false,""type"":""Point"",""coordinates"":[87.3853709775305,24.37241655226777]}"
1329_0,0.73,0.08376496,1.29,0.38,23.7,0.1071781,33.3,10.1,193,0.27497518,0.46,13.7,0.12090657,13,0.30647445,0.22127226,-2.6267170625027525,0.85,98.63231,205,216,"4/1/24, 12:00 AM",DUMKA,183,2024-12-31,5.29,3.5455499,380,381,416,403,6.1556525,2024-01-01,30.25027777777778,Bhawanrpathar,"{""geodesic"":false,""type"":""Point"",""coordinates"":[87.38510148294526,24.373225036023477]}"
1330_0,0.51,0.08231764,2.22,0.59,20.9,0.1066125,42.3,12.22,218,0.27538824,0.34,16.3,0.1273875,14,0.30276617,0.21925367,-2.3041054676212473,1.26,114.486275,201,213,"4/1/24, 12:00 AM",DUMKA,177,2024-12-31,5.32,3.5455499,378,377,421,410,4.4664264,2024-01-01,30.25027777777778,Bhawanrpathar,"{""geodesic"":false,""type"":""Point"",""coordinates"":[87.3861794612862,24.373494530608713]}"
1331_0,0.52,0.075868614,3.34,0.53,20.7,0.0945489,52.2,9.41,205,0.25817665,0.34,17.3,0.10591971,16,0.27856132,0.19618759,-2.2351351975672022,0.16,102.828606,205,216,"4/1/24, 12:00 AM",DUMKA,180,2024-12-31,5.37,3.5455499,380,381,416,403,4.169846,2024-01-01,30.25027777777778,Bhawanrpathar,"{""geodesic"":false,""type"":""Point"",""coordinates"":[87.3853709775305,24.37295554143824]}"
1332_0,0.63,0.07306205,2.86,0.58,22.3,0.09189781,54.2,9.11,186,0.24695109,0.62,12.3,0.096878834,14,0.2580518,0.17812482,0.2367130345572689,0.61,151.23674,205,216,"4/1/24, 12:00 AM",DUMKA,179,2024-12-31,5.28,3.5455499,380,381,416,403,2.115111,2024-01-01,30.25027777777778,Bhawanrpathar,"{""geodesic"":false,""type"":""Point"",""coordinates"":[87.3853709775305,24.372686046853005]}"
1333_0,0.8,0.10758889,3.5,0.9,32.5,0.12806112,199,13.2,165,0.3342,0.21,11.62,0.12914722,12,0.3127889,0.21275556,-1.5147782323418757,2.06,90.0,241,249,"3/27/24, 12:00 AM",DUMKA,61,2024-12-31,4.69,3.8513324,377,379,382,372,4.0621753,2024-01-01,30.4110303030303,Jhunki,"{""geodesic"":false,""type"":""Point"",""coordinates"":[87.63061105009513,24.249796515985455]}"
1334_0,0.5,0.09271111,0.5,0.015,20,0.111094445,165,10,150,0.28265277,0.36,20,0.11026667,10,0.25058332,0.180725,-1.5147594317518305,0.6,270.0,240,244,"3/18/24, 12:00 AM",DUMKA,67,2024-12-31,6.16,3.8513324,379,382,381,374,2.0336256,2024-01-01,30.4110303030303,Jhunki,"{""geodesic"":false,""type"":""Point"",""coordinates"":[87.62953307175418,24.24871853764451]}"
1335_0,0.5,0.105177775,1.4,0.7,76.5,0.14213888,200,19.4,209,0.2406139,0.19,12.69,0.14251667,8,0.25278333,0.18201944,-1.9643992492351388,0.97,286.90527,240,244,"3/27/24, 12:00 AM",DUMKA,64,2024-12-31,4.92,3.8513324,379,382,381,374,3.1862621,2024-01-01,30.4110303030303,Jhunki,"{""geodesic"":false,""type"":""Point"",""coordinates"":[87.6289940825837,24.24871853764451]}"
1336_0,0.8,0.090569444,2.1,1,89.2,0.11129722,125,24.6,175,0.23292223,0.95,10.61,0.13019444,15,0.2733361,0.22499444,-3.039037384149664,2.08,78.546486,241,249,"3/25/24, 12:00 AM",DUMKA,69,2024-12-31,5.25,3.583333,393,395,366,356,9.260089,2024-01-01,30.39018181818182,Jhunki,"{""geodesic"":false,""type"":""Point"",""coordinates"":[87.62414318004946,24.253838934763994]}"
1337_0,0.8,0.0893,1.2,0.7,73.8,0.111430556,233,23.4,164,0.3298611,0.62,12.66,0.10403611,10,0.2901528,0.19328055,-0.16967663331007765,1.66,-0.0,241,249,"3/25/24, 12:00 AM",DUMKA,65,2024-12-31,5.12,3.583333,393,395,366,356,3.7047918,2024-01-01,30.39018181818182,Jhunki,"{""geodesic"":false,""type"":""Point"",""coordinates"":[87.62468216921994,24.253838934763994]}"
1338_0,0.6,0.06541944,2.1,1,79.2,0.08635,214,20.5,244,0.27756667,0.64,11.32,0.078952774,5,0.21918611,0.13483611,-2.5104832542039364,2.68,227.64331,238,246,"3/25/24, 12:00 AM",DUMKA,67,2024-12-31,5.12,3.583333,377,379,385,375,5.4896293,2024-01-01,30.39018181818182,Jhunki,"{""geodesic"":false,""type"":""Point"",""coordinates"":[87.62360419087899,24.253030451008286]}"
1339_0,0.3,0.0893,1.8,1,78.9,0.111430556,193,14,174,0.3298611,0.29,14.42,0.10403611,11,0.2901528,0.19328055,-0.16967663331007765,2.19,-0.0,241,249,"3/25/24, 12:00 AM",DUMKA,65,2024-12-31,5.05,3.583333,393,395,366,356,3.7047918,2024-01-01,30.39018181818182,Jhunki,"{""geodesic"":false,""type"":""Point"",""coordinates"":[87.62468216921994,24.253838934763994]}"
1340_0,0.4,0.10435278,8.2,1.1,54.36,0.12838888,169,11.2,238,0.314725,0.9,12.69,0.13150278,12,0.31390557,0.21489167,-1.4586616738456355,1.96,15.333391,241,249,"4/7/24, 12:00 AM",DUMKA,65,2024-12-31,4.91,3.583333,379,381,380,369,3.841135,2024-01-01,30.398411764705884,Jhunki,"{""geodesic"":false,""type"":""Point"",""coordinates"":[87.6289940825837,24.250604999741164]}"
1341_0,0.89,0.101075,4.35,0.55,22.44,0.12715,265,22.2,245,0.3186,0.89,11.89,0.140625,10,0.34305277,0.24608333,-2.3023421705149625,2.14,245.49261,241,249,"3/18/24, 12:00 AM",DUMKA,63,2024-12-31,5.21,3.8513324,379,381,380,369,4.4628296,2024-01-01,30.4110303030303,Jhunki,"{""geodesic"":false,""type"":""Point"",""coordinates"":[87.62845509341324,24.249796515985455]}"
1342_0,0.25,0.101075,6.31,0.82,37.84,0.12715,186,20.1,211,0.3186,0.62,12.82,0.140625,8,0.34305277,0.24608333,-2.3023421705149625,1.442,245.49261,241,249,"3/18/24, 12:00 AM",DUMKA,63,2024-12-31,5.51,3.8513324,379,381,380,369,4.4628296,2024-01-01,30.4110303030303,Jhunki,"{""geodesic"":false,""type"":""Point"",""coordinates"":[87.62845509341324,24.249796515985455]}"
1343_0,0.54,0.08203889,2.1,0.5,24.6,0.11268611,204,24.5,204,0.32995,0.26,13.39,0.11953056,15,0.32588333,0.22854167,-2.077536796790679,0.98,238.70815,241,248,"4/7/24, 12:00 AM",DUMKA,66,2024-12-31,4.92,3.583333,392,394,366,358,3.5667953,2024-01-01,30.39018181818182,Jhunki,"{""geodesic"":false,""type"":""Point"",""coordinates"":[87.62414318004946,24.255455902275408]}"
1344_0,0.9,0.062491667,2.1,0.5,39.4,0.08189444,148,27.35,173,0.261975,0.98,13.91,0.07236667,19,0.23024444,0.14155,-2.3997790099490173,0.56,235.6353,238,246,"4/7/24, 12:00 AM",DUMKA,69,2024-12-31,5.09,3.583333,377,379,385,375,4.9173465,2024-01-01,30.39018181818182,Jhunki,"{""geodesic"":false,""type"":""Point"",""coordinates"":[87.62414318004946,24.252221967252577]}"
1345_0,0.42,0.09006389,1.7,0.4,27.3,0.108925,199,18.2,162,0.30746388,0.61,13.69,0.09811111,10,0.24141389,0.15223889,-1.5538769450887673,1.05,28.740025,243,251,"4/7/24, 12:00 AM",DUMKA,65,2024-12-31,5.29,3.583333,376,378,381,371,2.1146412,2024-01-01,30.398411764705884,Jhunki,"{""geodesic"":false,""type"":""Point"",""coordinates"":[87.6252211583904,24.2508744943264]}"
1346_0,0.67,0.06123889,4.4,0.6,44.2,0.08058611,158,15.33,152,0.2749028,0.23,12.28,0.07169444,14,0.22217777,0.14278612,-2.222793237621328,0.71,227.64319,238,246,"4/7/24, 12:00 AM",DUMKA,71,2024-12-31,5.09,3.583333,377,379,385,375,4.122727,2024-01-01,30.39018181818182,Jhunki,"{""geodesic"":false,""type"":""Point"",""coordinates"":[87.62414318004946,24.252491461837813]}"
1347_0,0.34,0.07593784,1.6,1.08,66.79,0.09522432,51.26,6.698,142,0.24991621,0.75,16.25,0.094191894,9,0.24042973,0.16863513,-0.7291531041423517,2.35,180.0,228,238,"4/11/24, 12:00 AM",DUMKA,82,2024-12-31,5.25,3.8513324,400,404,372,358,0.92740995,2024-01-01,30.422249999999995,Bara Chapiria,"{""geodesic"":false,""type"":""Point"",""coordinates"":[87.61174642912862,24.236052292138428]}"
1348_0,0.45,0.057505716,1.4,0.5,28.48,0.081431426,58.3,22.08,216,0.30232286,0.63,16.34,0.07297429,23,0.25085142,0.16521715,-2.1518252686454367,2.1,15.333742,235,242,"4/7/24, 12:00 AM",DUMKA,68,2024-12-31,5.19,3.583333,393,396,373,362,3.8411415,2024-01-01,30.39018181818182,Kajladah,"{""geodesic"":false,""type"":""Point"",""coordinates"":[87.6168668262481,24.253569440178758]}"
1349_0,0.33,0.07321143,1.2,0.6,21.92,0.09132857,42.3,18.67,218,0.112354286,0.34,16.25,0.09539428,15,0.11502,0.08690857,9.607039202571272,1.78,114.50593,234,242,"4/7/24, 12:00 AM",DUMKA,58,2024-12-31,5.32,3.583333,391,393,374,365,2.2349296,2024-01-01,30.394242424242425,Kajladah,"{""geodesic"":false,""type"":""Point"",""coordinates"":[87.6139023858105,24.258420342713002]}"
1350_0,0.71,0.09856571,0.6,0.6,8.692,0.12373714,50.3,12.15,176,0.31403714,0.43,16.31,0.12623714,25,0.3015543,0.21326572,-1.8906385522803113,1.05,200.0828,239,247,"4/7/24, 12:00 AM",DUMKA,67,2024-12-31,5.36,3.583333,390,392,371,361,2.959971,2024-01-01,30.39018181818182,Kajladah,"{""geodesic"":false,""type"":""Point"",""coordinates"":[87.62171772878234,24.25518640769017]}"
1352_0,0.3,0.10670263,4.65,0.79,60.58,0.13282631,12.08,8.65,135,0.35676578,0.34,11.39,0.13298158,12,0.30823684,0.20658422,-1.9626695757613637,2.2,106.9198,207,213,"4/8/24, 12:00 AM",DUMKA,125,2024-12-31,5.11,3.600775,448,452,346,335,6.347689,2024-01-01,30.304882352941178,Asanbani,"{""geodesic"":false,""type"":""Point"",""coordinates"":[87.44385130252668,24.132566371407858]}"
1353_0,0.25,0.119897224,3.7,0.28,69.94,0.13955833,82.77,17.05,155,0.29118055,0.65,17.16,0.142775,10,0.30158332,0.21848889,2.344036642615569,2.65,312.4026,210,211,"4/11/24, 12:00 AM",DUMKA,85,2024-12-31,6.53,3.8123004,418,423,371,367,1.3751503,2024-01-01,30.286526315789473,Beniagram,"{""geodesic"":false,""type"":""Point"",""coordinates"":[87.37405220495059,24.047406082473326]}"
1354_0,0.36,0.079834245,4.56,0.69,60.34,0.09833836,118.47,9.67,248,0.2765178,0.59,6.39,0.09921918,8.97,0.24154931,0.16464795,-1.1243401893090987,0.65,312.35388,188,200,"7/19/24, 12:00 AM",DUMKA,166,2024-12-31,4.68,3.5459766,410,411,402,389,1.3764313,2024-01-01,30.236571428571427,Dhanbari,"{""geodesic"":false,""type"":""Point"",""coordinates"":[87.35923000276262,24.265427201929135]}"
1355_0,0.19,0.079834245,3.48,0.72,93.26,0.09833836,99.68,8.05,225,0.2765178,0.47,8.26,0.09921918,22,0.24154931,0.16464795,-1.1243401893090987,0.57,312.35388,188,200,"7/19/24, 12:00 AM",DUMKA,166,2024-12-31,5.72,3.5459766,410,411,402,389,1.3764313,2024-01-01,30.236571428571427,Dhanbari,"{""geodesic"":false,""type"":""Point"",""coordinates"":[87.35923000276262,24.265427201929135]}"
1356_0,0.54,0.08107361,4.58,0.31,67.45,0.1008875,128.12,20.34,348,0.2748736,0.63,11.38,0.103618056,15.47,0.28944582,0.19620417,-0.31111805017968513,0.78,90.0,184,194,"7/19/24, 12:00 AM",DUMKA,157,2024-12-31,4.95,3.5459766,420,423,395,383,3.0493577,2024-01-01,30.222833333333337,Dhanbari,"{""geodesic"":false,""type"":""Point"",""coordinates"":[87.3597689919331,24.27027810446338]}"
1357_0,0.79,0.08457808,1.8,0.79,89.45,0.096471235,189,25.7,196,0.26095617,0.61,14,0.09101233,15,0.23092055,0.14820275,-0.43112344328562974,2.56,312.3552,181,200,"5/7/24, 12:00 AM",DUMKA,167,2024-12-31,5.96,3.5459766,412,410,407,391,2.751207,2024-01-01,30.236571428571427,Dhanbari,"{""geodesic"":false,""type"":""Point"",""coordinates"":[87.35410960564313,24.259767815639183]}"
1358_0,0.56,0.0809863,3,0.37,42.57,0.09499863,156,23.7,194,0.25144932,0.61,12,0.09345479,12,0.2231041,0.14845206,0.5645026874604293,2.2,270.0,181,200,"5/7/24, 12:00 AM",DUMKA,166,2024-12-31,5.53,3.5459766,412,410,407,391,1.0172242,2024-01-01,30.236571428571427,Dhanbari,"{""geodesic"":false,""type"":""Point"",""coordinates"":[87.35410960564313,24.26003731022442]}"
1359_0,0.27,0.09994595,2.4,0.87,49.85,0.11749324,113,12.6,168,0.2705635,0.81,14,0.1239527,14,0.29917568,0.21427973,-1.6378472318902326,0.49,264.21582,186,208,"5/7/24, 12:00 AM",DUMKA,172,2024-12-31,5.58,3.5459766,417,412,397,380,9.125015,2024-01-01,30.236571428571427,Dhanbari,"{""geodesic"":false,""type"":""Point"",""coordinates"":[87.35518758398408,24.261654277735833]}"
1360_0,0.48,0.091864385,1.4,0.55,80.16,0.10956576,107,11.3,135,0.24635069,0.75,16,0.11063699,15,0.25899315,0.18768904,-2.1518900973933017,3.14,344.66544,181,200,"5/7/24, 12:00 AM",DUMKA,168,2024-12-31,5.08,3.5459766,412,410,407,391,3.8411567,2024-01-01,30.236571428571427,Dhanbari,"{""geodesic"":false,""type"":""Point"",""coordinates"":[87.35437910022837,24.260845793980124]}"
1361_0,0.73,0.09042877,8.2,0.46,55.68,0.1127452,229,18.3,196,0.26843563,0.26,18,0.12782602,15,0.23790684,0.17726438,-2.1155780649754647,0.59,180.0,186,205,"5/7/24, 12:00 AM",DUMKA,158,2024-12-31,5.64,3.405328,385,386,428,409,3.7047918,2024-01-01,30.214235294117643,Kalipathar,"{""geodesic"":false,""type"":""Point"",""coordinates"":[87.34467729515988,24.253569440178758]}"
1362_0,0.78,0.08690141,3.85,0.89,43.42,0.09934226,96.81,22.32,208,0.22813803,0.47,14.6,0.09822253,19.58,0.20179437,0.13633381,1.029784295451898,0.78,114.50649,209,222,"6/28/24, 12:00 AM",DUMKA,150,2024-12-31,5.74,3.4153485,391,386,400,392,2.2348812,2024-01-01,30.093317073170745,Kalipathar,"{""geodesic"":false,""type"":""Point"",""coordinates"":[87.25008469574209,24.254916913104935]}"
1363_0,0.19,0.10134028,2.44,0.47,40.66,0.11690695,126.33,19.63,276,0.20454028,0.81,8.38,0.13890694,9.47,0.27971527,0.2419764,-0.8213923014752512,0.35,270.0,185,194,"6/29/24, 12:00 AM",DUMKA,153,2024-12-31,5.14,3.6011982,366,365,449,441,1.0170199,2024-01-01,30.21707692307692,Beharabank,"{""geodesic"":false,""type"":""Point"",""coordinates"":[87.28970039977176,24.23443532462701]}"
1364_0,0.39,0.116836116,2.46,0.45,18.72,0.1368875,100.11,21.39,265,0.33164167,0.94,6.34,0.13673055,7.47,0.346425,0.23055139,-1.3841038812022477,0.46,121.29613,188,196,"6/29/24, 12:00 AM",DUMKA,149,2024-12-31,5.47,3.6011982,365,365,446,439,3.5663586,2024-01-01,30.21707692307692,Beharabank,"{""geodesic"":false,""type"":""Point"",""coordinates"":[87.29212585103889,24.234165830041775]}"
1365_0,1.13,0.09909437,5.66,0.69,45.62,0.12050704,101.22,23.82,258,0.27419156,0.69,9.39,0.12263803,12.49,0.27444366,0.18786056,-1.9642307465457203,0.8,106.906715,188,196,"6/29/24, 12:00 AM",DUMKA,142,2024-12-31,5.65,3.6011982,361,359,451,444,3.1860015,2024-01-01,30.21707692307692,Beharabank,"{""geodesic"":false,""type"":""Point"",""coordinates"":[87.294551302306,24.23713027047937]}"
1366_0,0.13,0.09909437,2.29,0.89,25.64,0.12050704,150.06,22.32,208,0.27419156,0.47,14.6,0.12263803,21.47,0.27444366,0.18786056,-1.9642307465457203,0.56,106.906715,188,196,"6/29/24, 12:00 AM",DUMKA,142,2024-12-31,5.46,3.6011982,361,359,451,444,3.1860015,2024-01-01,30.21707692307692,Beharabank,"{""geodesic"":false,""type"":""Point"",""coordinates"":[87.294551302306,24.23713027047937]}"
1367_0,0.34,0.09909437,2.12,0.87,39.71,0.12050704,128.12,19.64,248,0.27419156,0.37,2.2,0.12263803,13.46,0.27444366,0.18786056,-1.9642307465457203,0.42,106.906715,188,196,"6/29/24, 12:00 AM",DUMKA,142,2024-12-31,5.05,3.6011982,361,359,451,444,3.1860015,2024-01-01,30.21707692307692,Beharabank,"{""geodesic"":false,""type"":""Point"",""coordinates"":[87.294551302306,24.23713027047937]}"
1368_0,0.45,0.10134028,5.12,0.37,37.17,0.11690695,165.01,18.94,218,0.20454028,0.37,28.26,0.13890694,8.46,0.27971527,0.2419764,-0.8213923014752512,0.56,270.0,185,194,"6/29/24, 12:00 AM",DUMKA,153,2024-12-31,4.4,3.6011982,366,365,449,441,1.0170199,2024-01-01,30.21707692307692,Beharabank,"{""geodesic"":false,""type"":""Point"",""coordinates"":[87.28970039977176,24.23443532462701]}"
1369_0,0.54,0.10134028,1.9,0.71,41.2,0.11690695,79.12,5.36,235,0.20454028,0.39,14.87,0.13890694,12,0.27971527,0.2419764,-0.8213923014752512,2.61,270.0,185,194,"4/30/24, 12:00 AM",DUMKA,153,2024-12-31,4.38,3.6011982,366,365,449,441,1.0170199,2024-01-01,30.21707692307692,Beharabank,"{""geodesic"":false,""type"":""Point"",""coordinates"":[87.28970039977176,24.23443532462701]}"
1370_0,0.39,0.12172192,5.71,0.55,60.54,0.12746575,153.2,9.85,276,0.25664246,0.59,8.38,0.12566575,15.47,0.24631234,0.17395753,-0.9435318239853535,0.75,323.8236,182,204,"7/13/24, 12:00 AM",DUMKA,169,2024-12-31,5.47,3.5459766,401,394,417,401,3.442902,2024-01-01,30.236571428571427,Saharghati,"{""geodesic"":false,""type"":""Point"",""coordinates"":[87.35087567062031,24.26246276149154]}"
1371_0,0.38,0.07956986,6,0.42,51.41,0.09310137,151,18.6,202,0.24240547,0.39,18,0.09176301,8,0.21467534,0.15468767,-1.4224308692633063,1.3,180.0,186,205,"5/7/24, 12:00 AM",DUMKA,158,2024-12-31,4.85,3.405328,385,386,428,409,1.8543341,2024-01-01,30.214235294117643,Saharghati,"{""geodesic"":false,""type"":""Point"",""coordinates"":[87.34440780057464,24.253569440178758]}"
1372_0,0.23,0.065744445,3.86,0.47,54.74,0.0824,134.07,24.45,278,0.23266986,0.49,18.28,0.13305205,13.46,0.23789726,0.17991096,-1.554053938391992,0.68,331.2565,182,204,"7/2/24, 12:00 AM",DUMKA,175,2024-12-31,5.58,3.405328,398,391,420,405,2.1147115,2024-01-01,30.164058823529412,Saharghati,"{""geodesic"":false,""type"":""Point"",""coordinates"":[87.313954912443,24.26920012612244]}"
1373_0,0.14,0.062975675,1.96,0.46,32.21,0.087832436,107.88,14.55,269,0.3193027,0.98,13.36,0.082764864,22.78,0.25993243,0.15826486,-2.7755869281736203,0.48,205.18724,229,232,"7/2/24, 12:00 AM",DUMKA,116,2024-12-31,4.88,3.6352136,419,427,353,341,7.137432,2024-01-01,30.307666666666666,Saharghati,"{""geodesic"":false,""type"":""Point"",""coordinates"":[87.4726872231469,24.316092183953476]}"
1374_0,0.36,0.08716757,2.56,0.59,35.33,0.10350946,129.12,7.42,246,0.25798514,0.47,9.62,0.10762568,13.65,0.25965,0.18040541,-1.8907682155415602,0.85,339.91507,184,194,"7/18/24, 12:00 AM",DUMKA,161,2024-12-31,4.95,3.5459766,420,423,395,383,2.9600112,2024-01-01,30.222833333333337,Baliram,"{""geodesic"":false,""type"":""Point"",""coordinates"":[87.35896050817738,24.270008609878143]}"
1375_0,0.46,0.07393453,5.35,0.41,93.26,0.09596259,145.34,10.15,384,0.25984964,0.59,16.96,0.105507195,8.97,0.2865108,0.19511439,-1.1233803811180778,0.48,47.628197,203,217,"7/20/24, 12:00 AM",DUMKA,161,2024-12-31,5.09,3.4574423,385,378,412,405,1.3759595,2024-01-01,30.269000000000005,Sonwadangal,"{""geodesic"":false,""type"":""Point"",""coordinates"":[87.09539480381672,24.18565680469932]}"
1376_0,0.56,0.061931342,4.21,0.76,57.53,0.087755226,118.47,19.63,227,0.25106716,0.65,13.06,0.092262685,22.78,0.2400791,0.15618508,3.2155716801238285,0.85,65.53505,232,249,"6/28/24, 12:00 AM",DUMKA,181,2024-12-31,5.59,3.6808677,377,371,391,381,2.2384384,2024-01-01,30.277828571428568,Het Majhiara,"{""geodesic"":false,""type"":""Point"",""coordinates"":[87.3004801831812,24.49800102898768]}"
1377_0,0.48,0.06878378,7.4,1.04,49.25,0.0868527,243,19.1,143,0.24549459,0.37,24,0.086708106,14,0.21758513,0.14006622,-2.3999081237983884,1.38,235.6374,187,201,"5/7/24, 12:00 AM",DUMKA,162,2024-12-31,5.7,3.405328,399,396,414,403,4.9176087,2024-01-01,30.19,Golpur,"{""geodesic"":false,""type"":""Point"",""coordinates"":[87.31206845034635,24.262193266906305]}"
1378_0,0.46,0.07432567,5.1,0.86,56.31,0.09806486,234,18.1,130,0.28359053,0.39,20,0.10010946,9,0.27342704,0.17860946,-2.1156480959692785,2.26,180.0,189,197,"5/7/24, 12:00 AM",DUMKA,158,2024-12-31,5.54,3.405328,392,389,419,414,3.7047918,2024-01-01,30.19211428571429,Golpur,"{""geodesic"":false,""type"":""Point"",""coordinates"":[87.3101819882497,24.26246276149154]}"
1379_0,0.35,0.07878514,3.6,0.8,80.37,0.09594324,187,16.4,168,0.19256891,0.35,28,0.118712164,12,0.2702865,0.2342527,-1.6093720117809551,1.78,245.49483,189,197,"5/7/24, 12:00 AM",DUMKA,160,2024-12-31,5.67,3.405328,392,389,419,414,2.2349942,2024-01-01,30.19211428571429,Golpur,"{""geodesic"":false,""type"":""Point"",""coordinates"":[87.30964299907922,24.262732256076777]}"
1380_0,0.56,0.08097361,6.3,0.72,59.32,0.09995556,193,23.3,135,0.28916848,0.61,16,0.13891096,14,0.29449314,0.1995041,-1.6810784024396752,0.87,140.55434,179,191,"5/7/24, 12:00 AM",DUMKA,169,2024-12-31,5.83,3.405328,412,412,409,398,4.793025,2024-01-01,30.14017142857142,Golpur,"{""geodesic"":false,""type"":""Point"",""coordinates"":[87.31045148283492,24.275129006997627]}"
1381_0,0.54,0.07203784,2.6,0.79,88.61,0.08646216,180,18.6,147,0.20575947,0.6,19,0.0886,15,0.22397298,0.17060405,-2.1156480959692785,1.23,180.0,189,197,"5/7/24, 12:00 AM",DUMKA,161,2024-12-31,5.71,3.405328,392,389,419,414,3.7047918,2024-01-01,30.19211428571429,Golpur,"{""geodesic"":false,""type"":""Point"",""coordinates"":[87.30991249366446,24.262732256076777]}"
1382_0,0.58,0.0926,2.1,0.65,88.93,0.10998195,188,20.1,172,0.2504875,0.75,18,0.11416666,12,0.2569847,0.1758625,-1.1242818954770626,0.45,312.355,191,202,"5/7/24, 12:00 AM",DUMKA,149,2024-12-31,5.34,3.405328,389,388,420,410,1.3764018,2024-01-01,30.19,Golpur,"{""geodesic"":false,""type"":""Point"",""coordinates"":[87.3177278366363,24.260576299394888]}"
1383_0,0.48,0.0782027,2.2,1.16,56.01,0.09243108,124,12.2,168,0.1915,0.71,19,0.115393244,10,0.2615162,0.2149,-2.151900217858442,1.22,164.66524,189,197,"5/7/24, 12:00 AM",DUMKA,159,2024-12-31,6.01,3.405328,392,389,419,414,3.8411603,2024-01-01,30.19211428571429,Golpur,"{""geodesic"":false,""type"":""Point"",""coordinates"":[87.30964299907922,24.26246276149154]}"
1384_0,0.69,0.07878514,5.4,0.9,54.58,0.09594324,215,21.4,134,0.19256891,0.26,18,0.118712164,14,0.2702865,0.2342527,-1.6093720117809551,1.44,245.49483,189,197,"5/7/24, 12:00 AM",DUMKA,160,2024-12-31,5.06,3.405328,392,389,419,414,2.2349942,2024-01-01,30.19211428571429,Golpur,"{""geodesic"":false,""type"":""Point"",""coordinates"":[87.30964299907922,24.262732256076777]}"
1385_0,0.47,0.065744445,1.2,0.37,56.23,0.0824,229,12.3,192,0.23266986,0.65,19,0.13305205,11,0.23789726,0.17991096,-1.554053938391992,2.41,331.2565,182,204,"5/6/24, 12:00 AM",DUMKA,175,2024-12-31,5.53,3.405328,398,391,420,405,2.1147115,2024-01-01,30.164058823529412,Golpur,"{""geodesic"":false,""type"":""Point"",""coordinates"":[87.313954912443,24.26920012612244]}"
1386_0,0.47,0.097348616,6.59,0.25,41.24,0.11344445,128.12,16.96,262,0.2629625,0.72,6.31,0.11623611,14.48,0.25911528,0.17435834,3.7356914278082556,0.85,312.35873,179,187,"7/1/24, 12:00 AM",DUMKA,136,2024-12-31,5.35,3.5489466,366,364,455,449,1.3763033,2024-01-01,30.168444444444447,Golpur,"{""geodesic"":false,""type"":""Point"",""coordinates"":[87.31880581497724,24.243867635110266]}"
1387_0,0.13,0.08716757,3.12,0.98,10.15,0.10350946,129.12,29.24,278,0.25798514,0.85,6.94,0.10762568,16.46,0.25965,0.18040541,-1.8907682155415602,0.57,339.91507,184,194,"7/13/24, 12:00 AM",DUMKA,161,2024-12-31,5.02,3.5459766,420,423,395,383,2.9600112,2024-01-01,30.222833333333337,Dhabna,"{""geodesic"":false,""type"":""Point"",""coordinates"":[87.35896050817738,24.270008609878143]}"
1388_0,1.08,0.08716757,4.07,0.46,61.33,0.10350946,76.12,20.66,230,0.25798514,0.98,16.15,0.10762568,18.67,0.25965,0.18040541,-1.8907682155415602,0.35,339.91507,184,194,"7/13/24, 12:00 AM",DUMKA,161,2024-12-31,4.88,3.5459766,420,423,395,383,2.9600112,2024-01-01,30.222833333333337,Dhabna,"{""geodesic"":false,""type"":""Point"",""coordinates"":[87.35896050817738,24.270008609878143]}"
1389_0,0.56,0.07742609,6.08,0.06,26.65,0.13915999,114.51,11.26,300,0.22723143,0.25,11.19,0.15293285,14.48,0.2778943,0.23745143,-1.1241609165745026,0.58,132.35718,194,206,"7/11/24, 12:00 AM",DUMKA,163,2024-12-31,5.44,3.5459766,452,451,354,343,1.3763443,2024-01-01,30.18441176470589,Dhabna,"{""geodesic"":false,""type"":""Point"",""coordinates"":[87.3635419161264,24.2508744943264]}"
1390_0,0.23,0.07742609,2.35,0.95,45.22,0.13915999,122.34,19.28,261,0.22723143,0.29,8.39,0.15293285,18.67,0.2778943,0.23745143,-1.1241609165745026,0.81,132.35718,194,206,"7/11/24, 12:00 AM",DUMKA,163,2024-12-31,5.04,3.5459766,452,451,354,343,1.3763443,2024-01-01,30.18441176470589,Dhabna,"{""geodesic"":false,""type"":""Point"",""coordinates"":[87.3635419161264,24.2508744943264]}"
1391_0,1.18,0.07354493,3.23,0.62,26.32,0.13288,118.47,19.27,268,0.22979714,0.55,15.35,0.13139144,8.46,0.23074286,0.18002285,-0.7292653561844488,0.45,180.0,194,206,"7/11/24, 12:00 AM",DUMKA,162,2024-12-31,5.71,3.5459766,452,451,354,343,0.92740995,2024-01-01,30.18441176470589,Dhabna,"{""geodesic"":false,""type"":""Point"",""coordinates"":[87.36408090529686,24.2508744943264]}"
1392_0,0.81,0.08557059,6.19,0.25,31.41,0.09521177,96.87,10.98,243,0.26099265,0.41,4.36,0.08722647,16.46,0.208575,0.13197647,-2.447418091878799,0.43,79.66548,198,209,"7/10/24, 12:00 AM",DUMKA,158,2024-12-31,5.9,3.4836266,446,446,356,345,5.1561427,2024-01-01,30.181085714285718,Dhabna,"{""geodesic"":false,""type"":""Point"",""coordinates"":[87.36623686197875,24.24952702140022]}"
1393_0,1.08,0.125537,5.34,0.42,35.38,0.14682192,140.56,20.34,280,0.3343315,0.85,8.58,0.1567726,16.67,0.3325055,0.24213699,-1.4388901202674815,0.57,349.6404,178,193,"7/6/24, 12:00 AM",DUMKA,159,2024-12-31,4.87,3.405328,400,400,422,406,5.638889,2024-01-01,30.212294117647055,Dhabna,"{""geodesic"":false,""type"":""Point"",""coordinates"":[87.34279083306323,24.256264386031116]}"
1394_0,0.56,0.07956986,2.12,0.43,45.23,0.09310137,119.57,20.34,263,0.24240547,0.47,18.76,0.09176301,19.58,0.21467534,0.15468767,-1.4224308692633063,0.45,180.0,186,205,"7/6/24, 12:00 AM",DUMKA,158,2024-12-31,5.69,3.405328,385,386,428,409,1.8543341,2024-01-01,30.214235294117643,Dhabna,"{""geodesic"":false,""type"":""Point"",""coordinates"":[87.34440780057464,24.253569440178758]}"
1395_0,0.19,0.07956986,5.78,0.58,26.1,0.09310137,145.34,12.36,232,0.24240547,0.26,8.72,0.09176301,14.65,0.21467534,0.15468767,-1.4224308692633063,0.46,180.0,186,205,"7/6/24, 12:00 AM",DUMKA,158,2024-12-31,4.88,3.405328,385,386,428,409,1.8543341,2024-01-01,30.214235294117643,Dhabna,"{""geodesic"":false,""type"":""Point"",""coordinates"":[87.34440780057464,24.253569440178758]}"
1396_0,0.35,0.10378379,4.1,0.4,85.39,0.12295135,195,8.85,165,0.27217433,0.72,18,0.12918109,10,0.29155946,0.20912567,-2.39989299312462,0.77,304.36282,181,200,"5/7/24, 12:00 AM",DUMKA,167,2024-12-31,5.23,3.5459766,412,410,407,391,4.9175797,2024-01-01,30.236571428571427,Dhabna,"{""geodesic"":false,""type"":""Point"",""coordinates"":[87.35464859481361,24.26111528856536]}"
1397_0,0.39,0.11118082,4.03,0.43,90.91,0.11416028,140.56,22.66,243,0.2566274,0.38,8.32,0.10429315,16.46,0.2210411,0.15340821,-1.55398190887269,0.5,28.742134,186,209,"7/20/24, 12:00 AM",DUMKA,171,2024-12-31,5.73,3.5459766,418,412,396,379,2.1146839,2024-01-01,30.236571428571427,Saharghati,"{""geodesic"":false,""type"":""Point"",""coordinates"":[87.35141465979078,24.26192377232107]}"
1398_0,0.99,0.10580959,4.56,0.72,60.34,0.116052054,118.47,9.67,248,0.26158082,0.47,6.39,0.10759863,18.48,0.21948083,0.15475206,-1.5539808932512835,0.42,331.25797,187,208,"7/20/24, 12:00 AM",DUMKA,175,2024-12-31,5.72,3.5459766,411,409,402,384,2.1146817,2024-01-01,30.236571428571427,Saharghati,"{""geodesic"":false,""type"":""Point"",""coordinates"":[87.35249263813172,24.261384783150596]}"
1399_0,0.46,0.097589046,5.12,0.89,64.26,0.10837397,119.57,19.08,258,0.255463,0.49,9.39,0.104120545,12.49,0.24170822,0.18187124,-2.2229033007734076,0.75,47.645184,187,208,"7/19/24, 12:00 AM",DUMKA,174,2024-12-31,5.31,3.5459766,411,409,402,384,4.122884,2024-01-01,30.236571428571427,Saharghati,"{""geodesic"":false,""type"":""Point"",""coordinates"":[87.35276213271696,24.261384783150596]}"
1400_0,0.26,0.116624326,5.35,0.87,93.26,0.11727027,145.34,10.15,384,0.21106891,0.89,16.96,0.1216054,18.65,0.23338243,0.18698783,-0.821776020341554,0.57,270.0,189,205,"7/19/24, 12:00 AM",DUMKA,174,2024-12-31,5.39,3.5459766,414,412,397,384,1.0172154,2024-01-01,30.205542857142856,Saharghati,"{""geodesic"":false,""type"":""Point"",""coordinates"":[87.35653505691026,24.258959331883474]}"
1401_0,1.35,0.12552702,2.12,0.43,45.23,0.14398514,119.57,20.34,263,0.2927473,0.47,18.76,0.1597135,12.49,0.31321082,0.23099324,-2.399813812892306,0.65,55.63595,194,214,"7/19/24, 12:00 AM",DUMKA,171,2024-12-31,5.69,3.5459766,425,423,381,363,4.9174266,2024-01-01,30.21097142857143,Saharghati,"{""geodesic"":false,""type"":""Point"",""coordinates"":[87.3568045514955,24.25518640769017]}"
1402_0,0.47,0.08716757,3.65,0.43,46.55,0.10350946,96.87,21.01,238,0.25798514,0.47,26.01,0.10762568,16.67,0.25965,0.18040541,-1.8907682155415602,0.43,339.91507,184,194,"7/18/24, 12:00 AM",DUMKA,161,2024-12-31,5.69,3.5459766,420,423,395,383,2.9600112,2024-01-01,30.222833333333337,Saharghati,"{""geodesic"":false,""type"":""Point"",""coordinates"":[87.35896050817738,24.270008609878143]}"
1403_0,0.23,0.07956986,4.03,0.58,90.91,0.09310137,140.56,22.66,243,0.24240547,0.26,8.32,0.09176301,9.47,0.21467534,0.15468767,-1.4224308692633063,0.81,180.0,186,205,"7/19/24, 12:00 AM",DUMKA,158,2024-12-31,4.88,3.405328,385,386,428,409,1.8543341,2024-01-01,30.214235294117643,Kurumpahari,"{""geodesic"":false,""type"":""Point"",""coordinates"":[87.34440780057464,24.253569440178758]}"
1404_0,0.65,0.053685293,2.78,0.39,63.27,0.112782605,106.77,19.63,358,0.2641029,0.89,13.37,0.103526086,13.87,0.218929,0.16235653,-2.207956351932695,0.65,90.0,198,211,"7/12/24, 12:00 AM",DUMKA,167,2024-12-31,5.64,3.5459766,430,430,371,359,4.0622373,2024-01-01,30.18441176470589,Kurumpahari,"{""geodesic"":false,""type"":""Point"",""coordinates"":[87.36273343237069,24.251682978082105]}"
1405_0,0.56,0.10093135,3.76,0.37,35.33,0.1162597,114.51,23.54,248,0.25098658,0.39,6.39,0.1348791,18.67,0.2686045,0.2100209,-0.7292524722068736,0.85,-0.0,196,207,"7/10/24, 12:00 AM",DUMKA,158,2024-12-31,5.69,3.4836266,447,448,358,346,0.92740995,2024-01-01,30.181085714285718,Kurumpahari,"{""geodesic"":false,""type"":""Point"",""coordinates"":[87.36650635656399,24.248988032229747]}"
1406_0,0.54,0.08397714,5.69,0.45,40.5,0.114748575,92.78,20.76,267,0.32814226,0.39,8.58,0.16892818,16.67,0.34694085,0.25405917,-1.9317162682254578,0.78,261.35965,201,213,"7/11/24, 12:00 AM",DUMKA,165,2024-12-31,5.91,3.5459766,422,423,377,364,6.1500053,2024-01-01,30.21097142857143,Dhamna,"{""geodesic"":false,""type"":""Point"",""coordinates"":[87.3605774756888,24.253299945593522]}"
1407_0,0.46,0.08397714,4.92,0.77,90.24,0.114748575,112.14,25.3,239,0.32814226,0.8,17.47,0.16892818,13.46,0.34694085,0.25405917,-1.9317162682254578,0.35,261.35965,201,213,"7/11/24, 12:00 AM",DUMKA,165,2024-12-31,5.61,3.5459766,422,423,377,364,6.1500053,2024-01-01,30.21097142857143,Dhamna,"{""geodesic"":false,""type"":""Point"",""coordinates"":[87.3605774756888,24.253299945593522]}"
1408_0,1.18,0.0755116,3.56,0.44,40.42,0.09702753,118.47,11.73,235,0.23876858,0.71,9.31,0.16244143,13.46,0.2932,0.25124714,-1.3843187624451863,0.52,121.29291,194,206,"7/10/24, 12:00 AM",DUMKA,161,2024-12-31,5.83,3.5459766,452,451,354,343,3.5666876,2024-01-01,30.18441176470589,Dhamna,"{""geodesic"":false,""type"":""Point"",""coordinates"":[87.36408090529686,24.250335505155928]}"
1409_0,0.99,0.0755116,5.56,0.47,49.48,0.09702753,119.57,19.28,262,0.23876858,0.63,6.31,0.16244143,14.65,0.2932,0.25124714,-1.3843187624451863,0.46,121.29291,194,206,"7/10/24, 12:00 AM",DUMKA,161,2024-12-31,5.42,3.5459766,452,451,354,343,3.5666876,2024-01-01,30.18441176470589,Dhamna,"{""geodesic"":false,""type"":""Point"",""coordinates"":[87.36408090529686,24.250335505155928]}"
1410_0,0.13,0.12659179,5.47,0.71,57.82,0.13885753,105.48,6.36,276,0.28874657,0.53,8.38,0.14848493,8.67,0.30273288,0.21519452,-1.384369892190524,0.75,121.29219,194,214,"7/9/24, 12:00 AM",DUMKA,168,2024-12-31,5.63,3.5459766,425,423,381,363,3.5667613,2024-01-01,30.21097142857143,Dhamna,"{""geodesic"":false,""type"":""Point"",""coordinates"":[87.35815202442167,24.253838934763994]}"
1411_0,0.45,0.075069696,4.91,0.49,60.37,0.08182121,114.51,8.87,239,0.2577606,0.63,18.21,0.062268183,18.65,0.18024546,0.10278788,-2.3997253787196082,0.43,235.63443,196,207,"7/9/24, 12:00 AM",DUMKA,155,2024-12-31,5.45,3.4836266,451,451,353,342,4.9172373,2024-01-01,30.17217142857144,Dhamna,"{""geodesic"":false,""type"":""Point"",""coordinates"":[87.36677585114921,24.248179548474038]}"
1412_0,0.47,0.08887077,1.73,0.53,83.27,0.09138308,145.34,17.25,201,0.24403077,0.52,20.52,0.07782154,12.49,0.19321845,0.12694462,-1.1241111163677928,0.46,227.64194,197,212,"7/9/24, 12:00 AM",DUMKA,156,2024-12-31,5.63,3.4836266,448,445,356,343,1.3763214,2024-01-01,30.17217142857144,Dhamna,"{""geodesic"":false,""type"":""Point"",""coordinates"":[87.36758433490493,24.24683207554786]}"
1413_0,0.36,0.09427916,4.21,0.41,57.53,0.107088886,128.12,19.63,225,0.23421527,0.63,9.39,0.118419446,9.47,0.25824723,0.20609722,-1.8279163258147169,0.62,180.0,188,208,"7/8/24, 12:00 AM",DUMKA,165,2024-12-31,5.13,3.405328,406,403,406,389,2.7802885,2024-01-01,30.214235294117643,Dhamna,"{""geodesic"":false,""type"":""Point"",""coordinates"":[87.347102746427,24.255455902275408]}"
1414_0,0.39,0.072016664,5.23,0.31,42.22,0.08259167,113.29,31.4,265,0.25939026,0.63,6.34,0.07663611,9.34,0.21917917,0.154925,-1.6092771510241453,0.45,245.49365,188,208,"7/8/24, 12:00 AM",DUMKA,167,2024-12-31,4.95,3.405328,406,403,406,389,2.2348933,2024-01-01,30.214235294117643,Dhamna,"{""geodesic"":false,""type"":""Point"",""coordinates"":[87.34683325184177,24.255725396860644]}"
1415_0,0.99,0.12018195,4.56,0.72,60.34,0.13738889,118.47,9.67,248,0.29204443,0.47,6.39,0.14304583,9.34,0.28240138,0.19935417,-1.9645103782690272,0.45,286.90436,178,193,"7/4/24, 12:00 AM",DUMKA,157,2024-12-31,5.72,3.405328,400,400,422,406,3.1864338,2024-01-01,30.212294117647055,Dhamna,"{""geodesic"":false,""type"":""Point"",""coordinates"":[87.34198234930751,24.25599489144588]}"
1416_0,0.56,0.07956986,3.4,0.47,88.29,0.09310137,247,17.3,202,0.24240547,0.33,15,0.09176301,14,0.21467534,0.15468767,-1.4224308692633063,0.32,180.0,186,205,"5/7/24, 12:00 AM",DUMKA,158,2024-12-31,4.2,3.405328,385,386,428,409,1.8543341,2024-01-01,30.214235294117643,Dhamna,"{""geodesic"":false,""type"":""Point"",""coordinates"":[87.34440780057464,24.253569440178758]}"
1417_0,0.74,0.086075,7.1,1.16,71.65,0.10166389,157,22.6,196,0.25657222,0.42,12,0.10334445,12,0.2565236,0.17081389,-0.7293298382146685,2.4,180.0,188,208,"5/7/24, 12:00 AM",DUMKA,170,2024-12-31,5.01,3.5459766,417,413,395,379,0.92740995,2024-01-01,30.236571428571427,Dhamna,"{""geodesic"":false,""type"":""Point"",""coordinates"":[87.35437910022837,24.259498321053947]}"
1418_0,0.46,0.09189583,7.1,1.06,89.46,0.11142361,225,29.9,172,0.25891387,0.43,17,0.11912778,15,0.25480834,0.18404722,-0.5043890166888001,1.1,159.91647,181,200,"5/7/24, 12:00 AM",DUMKA,167,2024-12-31,5.1,3.5459766,412,410,407,391,2.9599848,2024-01-01,30.236571428571427,Dhamna,"{""geodesic"":false,""type"":""Point"",""coordinates"":[87.3538401110579,24.26030680480965]}"
1419_0,0.59,0.108290546,2.4,0.56,48.3,0.117975675,116,22.3,190,0.23103513,0.39,23,0.12427297,9,0.24104188,0.18793379,-1.1242831084741114,1.06,227.64507,194,213,"5/7/24, 12:00 AM",DUMKA,175,2024-12-31,6.1,3.5459766,423,418,382,369,1.3764035,2024-01-01,30.205542857142856,Dhamna,"{""geodesic"":false,""type"":""Point"",""coordinates"":[87.3568045514955,24.260845793980124]}"
1420_0,0.52,0.09604054,2,0.98,57.02,0.10933919,111,20.5,164,0.26139593,0.35,21,0.10178919,13,0.22264189,0.15493919,-1.1242831084741114,2.13,227.64507,194,213,"5/7/24, 12:00 AM",DUMKA,175,2024-12-31,6.06,3.5459766,423,418,382,369,1.3764035,2024-01-01,30.236571428571427,Dhamna,"{""geodesic"":false,""type"":""Point"",""coordinates"":[87.35653505691026,24.260845793980124]}"
1421_0,0.57,0.09003649,5.3,0.71,71.25,0.100763515,192,2.3,123,0.24715675,0.31,14,0.09077838,14,0.21379054,0.14524189,-1.1242752540562735,1.18,227.64493,194,213,"5/7/24, 12:00 AM",DUMKA,173,2024-12-31,6.14,3.5459766,423,418,382,369,1.3764001,2024-01-01,30.205542857142856,Dhamna,"{""geodesic"":false,""type"":""Point"",""coordinates"":[87.3568045514955,24.26030680480965]}"
1422_0,0.78,0.110635616,3.65,0.53,46.55,0.13422328,96.87,21.01,238,0.29751506,0.39,26.01,0.15033151,17.48,0.3280082,0.2381,-1.3011952123936847,0.65,235.63577,185,202,"7/6/24, 12:00 AM",DUMKA,156,2024-12-31,4.68,3.405328,377,376,439,422,4.9174047,2024-01-01,30.212294117647055,Sagarbhanga,"{""geodesic"":false,""type"":""Point"",""coordinates"":[87.34279083306323,24.254377923934463]}"
1423_0,0.39,0.113940276,4.03,0.43,90.91,0.13076666,140.56,22.66,243,0.2884486,0.38,8.32,0.1384236,13.87,0.3033125,0.21565278,-0.7187408009907776,0.81,227.64363,185,202,"7/6/24, 12:00 AM",DUMKA,154,2024-12-31,5.73,3.405328,377,376,439,422,2.7511446,2024-01-01,30.212294117647055,Sagarbhanga,"{""geodesic"":false,""type"":""Point"",""coordinates"":[87.342521338478,24.254377923934463]}"
1424_0,0.49,0.07956986,3.39,0.58,9.88,0.09310137,139.14,16.96,239,0.24240547,0.69,9.94,0.09176301,12.49,0.21467534,0.15468767,-1.4224308692633063,0.45,180.0,186,205,"7/5/24, 12:00 AM",DUMKA,158,2024-12-31,5.73,3.405328,385,386,428,409,1.8543341,2024-01-01,30.214235294117643,Sagarbhanga,"{""geodesic"":false,""type"":""Point"",""coordinates"":[87.34440780057464,24.253569440178758]}"
1425_0,0.34,0.057947222,3.12,0.61,10.15,0.08021667,129.12,29.24,278,0.2502722,0.69,6.94,0.07636944,18.67,0.20950277,0.12975833,-0.12950210482830196,0.41,270.0,207,212,"7/20/24, 12:00 AM",DUMKA,133,2024-12-31,5.38,3.603517,389,394,404,393,1.017667,2024-01-01,30.253729729729734,Bandarpani,"{""geodesic"":false,""type"":""Point"",""coordinates"":[87.43064606785012,24.315283700197767]}"
1426_0,0.49,0.057369445,4.07,0.42,61.33,0.08005278,76.12,20.66,230,0.27770832,0.61,16.15,0.070769444,8.46,0.1992111,0.119275,-1.5157943281831796,0.78,270.0,207,212,"7/20/24, 12:00 AM",DUMKA,134,2024-12-31,5.58,3.603517,389,394,404,393,4.064257,2024-01-01,30.254378378378384,Bandarpani,"{""geodesic"":false,""type"":""Point"",""coordinates"":[87.43091556243536,24.31501420561253]}"
1427_0,0.47,0.062372223,6.59,0.37,47.85,0.07969444,128.12,15.66,274,0.26898333,0.68,10.59,0.073325,12.49,0.20750555,0.1287,-0.12950395484444935,0.57,270.0,209,214,"7/20/24, 12:00 AM",DUMKA,137,2024-12-31,5.46,3.603517,391,397,400,389,1.017667,2024-01-01,30.254378378378384,Bandarpani,"{""geodesic"":false,""type"":""Point"",""coordinates"":[87.43361050828771,24.315283700197767]}"
1428_0,0.26,0.07997071,5.35,0.87,93.26,0.09450429,145.34,10.15,384,0.29617873,0.89,16.96,0.10736099,16.67,0.2697929,0.17132127,-1.3289035238110578,0.48,203.70235,231,251,"5/17/24, 12:00 AM",DUMKA,165,2024-12-31,5.39,3.5169094,384,379,385,370,5.0515504,2024-01-01,30.2252,Tapsi,"{""geodesic"":false,""type"":""Point"",""coordinates"":[87.14282585081823,24.338999223698522]}"
1429_0,0.34,0.10744,2.12,0.87,39.71,0.13133857,128.12,19.64,248,0.2846468,0.37,2.2,0.16652837,13.46,0.31179646,0.23096879,2.8637344581041466,0.42,227.66248,228,248,"5/16/24, 12:00 AM",DUMKA,162,2024-12-31,5.05,3.5169094,379,372,394,379,1.3768625,2024-01-01,30.246941176470592,Tapsi,"{""geodesic"":false,""type"":""Point"",""coordinates"":[87.14498180750012,24.338460234528053]}"
1430_0,1.18,0.06538705,2.12,0.89,39.71,0.09244532,118.47,19.64,246,0.28328562,0.38,9.62,0.09957266,13.46,0.26690143,0.17929928,-0.9162257939194168,0.45,245.49474,202,218,"5/16/24, 12:00 AM",DUMKA,211,2024-12-31,6.1,3.5056844,399,388,399,394,2.234986,2024-01-01,30.214628571428577,Tapsi,"{""geodesic"":false,""type"":""Point"",""coordinates"":[87.06682837778172,24.262193266906305]}"
1431_0,0.78,0.061217986,3.12,0.51,45.66,0.09846929,128.12,27.68,225,0.26848072,0.59,8.26,0.09357143,8.97,0.23609215,0.15646714,-1.6105041089918748,0.65,294.49167,226,253,"5/17/24, 12:00 AM",DUMKA,163,2024-12-31,4.68,3.5169094,373,362,402,385,2.236148,2024-01-01,30.223,Tapsi,"{""geodesic"":false,""type"":""Point"",""coordinates"":[87.12126628399936,24.341963664136117]}"
1432_0,0.56,0.08315786,2.78,0.71,63.27,0.11030357,106.77,19.63,358,0.26760715,0.53,13.37,0.11602357,13.87,0.27683356,0.19313,1.5119478042585994,0.35,216.20175,232,248,"5/19/24, 12:00 AM",DUMKA,154,2024-12-31,5.63,3.6050391,351,347,417,405,3.4440148,2024-01-01,30.183257142857137,Ghanshyampur,"{""geodesic"":false,""type"":""Point"",""coordinates"":[87.18513650070025,24.38023189523961]}"
1433_0,0.45,0.06440365,3.85,0.42,43.42,0.08102117,76.34,22.32,243,0.2824913,0.59,4.36,0.08986667,9.47,0.21010363,0.12697826,-1.1355871720608672,0.53,-0.0,218,236,"5/19/24, 12:00 AM",DUMKA,174,2024-12-31,5.39,3.58974,392,381,391,383,2.7802885,2024-01-01,30.226555555555553,Ghanshyampur,"{""geodesic"":false,""type"":""Point"",""coordinates"":[87.11372043561275,24.361636768858336]}"
1434_0,0.47,0.08315786,5.09,0.56,50.26,0.11030357,165.01,16.97,279,0.26760715,0.52,17.23,0.11602357,7.47,0.27683356,0.19313,1.5119478042585994,0.52,216.20175,232,248,"5/21/24, 12:00 AM",DUMKA,154,2024-12-31,5.39,3.6050391,351,347,417,405,3.4440148,2024-01-01,30.183257142857137,Beludabar,"{""geodesic"":false,""type"":""Point"",""coordinates"":[87.18513650070025,24.38023189523961]}"
1435_0,0.45,0.088262856,3.3,0.54,99.45,0.1304695,125.53,1.85,162,0.2783064,0.86,15.69,0.14203689,9,0.301961,0.21861774,1.1769810643817196,2.33,132.3305,212,237,"4/30/24, 12:00 AM",DUMKA,169,2024-12-31,4.54,3.58974,366,356,422,406,1.3770474,2024-01-01,30.25055555555555,Kadarjoria,"{""geodesic"":false,""type"":""Point"",""coordinates"":[87.11587639229464,24.369452111830174]}"
1436_0,1.18,0.08773551,2.68,0.96,38.62,0.111273915,100.11,9.26,361,0.27699202,0.67,18.51,0.11867971,12.49,0.28062102,0.19420145,-1.2053306503592989,0.81,65.51188,219,236,"5/19/24, 12:00 AM",DUMKA,167,2024-12-31,5.13,3.58974,379,375,402,390,4.4661107,2024-01-01,30.226555555555553,Dubrikedaili,"{""geodesic"":false,""type"":""Point"",""coordinates"":[87.11506790853893,24.362714747199277]}"
1437_0,0.23,0.07997071,3.8,0.47,54.74,0.09450429,134.07,24.45,278,0.29617873,0.49,18.28,0.10736099,13.46,0.2697929,0.17132127,-1.3289035238110578,0.68,203.70235,231,251,"5/17/24, 12:00 AM",DUMKA,165,2024-12-31,5.58,3.5169094,384,379,385,370,5.0515504,2024-01-01,30.2252,Simra,"{""geodesic"":false,""type"":""Point"",""coordinates"":[87.14282585081823,24.338999223698522]}"
1438_0,1.35,0.08626861,5.12,0.46,37.17,0.10805182,165.01,18.9,218,0.29581532,0.75,28.26,0.11834744,16.46,0.33184087,0.23322555,-0.4557121326320597,0.41,331.25095,205,231,"5/17/24, 12:00 AM",DUMKA,177,2024-12-31,5.46,3.5056844,392,386,403,383,2.1148238,2024-01-01,30.245722222222216,Simra,"{""geodesic"":false,""type"":""Point"",""coordinates"":[87.06655888319648,24.29830554132791]}"
1439_0,0.39,0.08478849,6.47,0.63,18.31,0.10998274,165.01,17.25,235,0.2937367,0.69,9.31,0.118043885,18.67,0.3345331,0.2358928,-0.16803479516847808,0.46,331.25082,205,231,"5/17/24, 12:00 AM",DUMKA,176,2024-12-31,4.87,3.5056844,392,386,403,383,2.114826,2024-01-01,30.245722222222216,Simra,"{""geodesic"":false,""type"":""Point"",""coordinates"":[87.066019894026,24.298844530498382]}"
1440_0,0.26,0.09001007,3.39,0.48,9.88,0.120358996,40.56,16.96,291,0.29337052,0.85,9.9,0.13696475,8.67,0.34809855,0.2585331,-0.5112659730024919,1.23,294.49905,205,231,"5/17/24, 12:00 AM",DUMKA,176,2024-12-31,5.61,3.5056844,392,386,403,383,2.2355158,2024-01-01,30.245722222222216,Simra,"{""geodesic"":false,""type"":""Point"",""coordinates"":[87.06655888319648,24.298575035913146]}"
1441_0,0.48,0.06538705,3.12,0.31,74.98,0.09244532,96.87,21.36,225,0.28328562,0.47,8.26,0.09957266,15.4,0.26690143,0.17929928,-0.9162257939194168,0.48,245.49474,202,218,"5/16/24, 12:00 AM",DUMKA,211,2024-12-31,5.5,3.5056844,399,388,399,394,2.234986,2024-01-01,30.214628571428577,Simra,"{""geodesic"":false,""type"":""Point"",""coordinates"":[87.06682837778172,24.262193266906305]}"
1442_0,0.36,0.088262856,1.6,0.58,58.16,0.1304695,64.51,2.25,172,0.2783064,0.75,17.59,0.14203689,14,0.301961,0.21861774,1.1769810643817196,2.92,132.3305,212,237,"4/30/24, 12:00 AM",DUMKA,169,2024-12-31,4.06,3.58974,366,356,422,406,1.3770474,2024-01-01,30.25055555555555,Kairabani,"{""geodesic"":false,""type"":""Point"",""coordinates"":[87.11587639229464,24.369452111830174]}"
1443_0,0.99,0.082153626,5.35,0.41,93.26,0.11295217,145.34,10.15,384,0.24689999,0.59,16.96,0.13805218,8.89,0.2974942,0.23068985,3.7467153474888693,0.57,331.20715,227,249,"5/19/24, 12:00 AM",DUMKA,172,2024-12-31,5.09,3.4890735,385,376,388,375,2.1157105,2024-01-01,30.27268571428571,Machadih,"{""geodesic"":false,""type"":""Point"",""coordinates"":[87.11587639229464,24.526836949607915]}"
1444_0,0.78,0.082153626,4.12,0.98,82.16,0.11295217,126.33,19.27,389,0.24689999,0.85,14.51,0.13805218,7.47,0.2974942,0.23068985,3.7467153474888693,0.75,331.20715,227,249,"5/19/24, 12:00 AM",DUMKA,172,2024-12-31,5.02,3.4890735,385,376,388,375,2.1157105,2024-01-01,30.27268571428571,Machadih,"{""geodesic"":false,""type"":""Point"",""coordinates"":[87.11587639229464,24.526836949607915]}"
1445_0,0.49,0.07038321,2.15,0.59,35.81,0.08726715,98.63,17.12,281,0.26976132,0.71,9.28,0.08083942,15.49,0.22996934,0.1550708,0.276251211234884,0.45,270.0,215,237,"5/17/24, 12:00 AM",DUMKA,185,2024-12-31,5.58,3.5056844,410,402,376,362,1.0175201,2024-01-01,30.245722222222216,Nawadih,"{""geodesic"":false,""type"":""Point"",""coordinates"":[87.07006231280454,24.29695806840173]}"
1446_0,0.36,0.088262856,5.78,0.46,59.83,0.1304695,100.11,11.26,262,0.2783064,0.39,6.31,0.14203689,16.67,0.301961,0.21861774,1.1769810643817196,0.48,132.3305,212,237,"5/19/24, 12:00 AM",DUMKA,169,2024-12-31,5.58,3.58974,366,356,422,406,1.3770474,2024-01-01,30.25055555555555,Jangla,"{""geodesic"":false,""type"":""Point"",""coordinates"":[87.11587639229464,24.369452111830174]}"
1447_0,0.99,0.0932,2.45,0.45,26.42,0.114045836,165.01,11.26,274,0.28054446,0.68,10.32,0.114743054,9.34,0.26328054,0.176325,-0.7295748004564495,0.76,-0.0,243,252,"5/17/24, 12:00 AM",DUMKA,154,2024-12-31,6.1,3.43492,386,386,370,362,0.92740995,2024-01-01,30.169485714285713,Birajpur,"{""geodesic"":false,""type"":""Point"",""coordinates"":[87.15818704217666,24.290759692941304]}"
1448_0,0.75,0.078956425,2.06,0.25,28.7,0.093925,13.5,18.29,159,0.265,0.53,21,0.10985958,13,0.23784539,0.17500922,-1.8183535116258538,1.788,132.3377,216,230,"3/29/24, 12:00 AM",DUMKA,156,2024-12-31,5.51,3.5740879,396,393,388,377,2.7521267,2024-01-01,30.1264705882353,Lakrapahari,"{""geodesic"":false,""type"":""Point"",""coordinates"":[87.21343343215001,24.33738225618711]}"
1449_0,0.14,0.10268643,5.34,0.97,35.38,0.12549928,140.56,20.34,280,0.30291417,0.79,8.58,0.17481348,15.45,0.3466915,0.26367235,-1.9657542291775076,0.65,286.89392,229,240,"5/18/24, 12:00 AM",DUMKA,175,2024-12-31,5.08,3.5169094,374,372,397,388,3.1883395,2024-01-01,30.246941176470592,Phulopani,"{""geodesic"":false,""type"":""Point"",""coordinates"":[87.14713776418199,24.33926871828376]}"
1450_0,0.14,0.07038321,4.88,0.95,36.95,0.08726715,114.51,14.5,371,0.26976132,0.59,10.32,0.08083942,21.47,0.22996934,0.1550708,0.276251211234884,0.65,270.0,215,237,"5/17/24, 12:00 AM",DUMKA,185,2024-12-31,5.52,3.5056844,410,402,376,362,1.0175201,2024-01-01,30.245722222222216,Gajanda,"{""geodesic"":false,""type"":""Point"",""coordinates"":[87.07006231280454,24.29695806840173]}"
1451_0,0.39,0.06830211,4.58,0.88,67.45,0.08606127,128.12,20,348,0.22577253,0.59,11.38,0.09619789,18.65,0.25624296,0.17928451,0.5596346533836047,0.81,238.73595,232,252,"5/19/24, 12:00 AM",DUMKA,167,2024-12-31,5.62,3.6050391,344,336,424,411,3.5696383,2024-01-01,30.198457142857148,Lagla,"{""geodesic"":false,""type"":""Point"",""coordinates"":[87.16734985807469,24.394245613671874]}"
1452_0,0.99,0.06830211,2.45,0.92,38.34,0.08606127,115.31,22.32,376,0.22577253,0.57,15.08,0.09619789,16.46,0.25624296,0.17928451,0.5596346533836047,0.45,238.73595,232,252,"5/19/24, 12:00 AM",DUMKA,167,2024-12-31,5.47,3.6050391,344,336,424,411,3.5696383,2024-01-01,30.198457142857148,Lagla,"{""geodesic"":false,""type"":""Point"",""coordinates"":[87.16734985807469,24.394245613671874]}"
1453_0,0.34,0.0877,2.35,0.49,45.62,0.10978732,101.26,7.24,248,0.23010422,0.62,13.08,0.118542954,13.65,0.22552817,0.17347747,-1.611038846275719,0.76,245.51468,233,249,"5/19/24, 12:00 AM",DUMKA,156,2024-12-31,4.93,3.6050391,348,343,419,408,2.2366922,2024-01-01,30.176228571428567,Lagla,"{""geodesic"":false,""type"":""Point"",""coordinates"":[87.1816330710922,24.379153916898666]}"
1454_0,0.26,0.0877,6.59,0.37,47.85,0.10978732,128.12,15.66,274,0.23010422,0.68,10.59,0.118542954,15.67,0.22552817,0.17347747,-1.611038846275719,0.35,245.51468,233,249,"5/19/24, 12:00 AM",DUMKA,156,2024-12-31,5.46,3.6050391,348,343,419,408,2.2366922,2024-01-01,30.176228571428567,Lagla,"{""geodesic"":false,""type"":""Point"",""coordinates"":[87.1816330710922,24.379153916898666]}"
1455_0,0.54,0.07468143,2.68,0.96,38.62,0.09325,100.11,9.26,361,0.27687144,0.67,18.51,0.08912143,16.67,0.23,0.14485286,-1.5150172846765033,0.45,90.0,208,224,"5/16/24, 12:00 AM",DUMKA,171,2024-12-31,5.13,3.4328725,383,381,410,395,2.0338874,2024-01-01,30.21685714285714,Sapdahar,"{""geodesic"":false,""type"":""Point"",""coordinates"":[87.12692567028931,24.264888212758663]}"
1456_0,0.26,0.07038321,2.78,0.93,63.27,0.08726715,106.77,19.63,358,0.26976132,0.69,13.37,0.08083942,13.46,0.22996934,0.1550708,0.276251211234884,0.46,270.0,215,237,"5/17/24, 12:00 AM",DUMKA,185,2024-12-31,4.72,3.5056844,410,402,376,362,1.0175201,2024-01-01,30.245722222222216,Babukedaili,"{""geodesic"":false,""type"":""Point"",""coordinates"":[87.07006231280454,24.29695806840173]}"
1457_0,0.58,0.1013331,1.5,0.5,87.28,0.1177813,100.45,10.62,328,0.2686338,0.66,9.46,0.1340518,10,0.27524388,0.20932302,-2.2241542091300572,2.15,132.33145,215,231,"4/13/24, 12:00 AM",DUMKA,178,2024-12-31,5.02,3.58974,376,372,409,397,4.124723,2024-01-01,30.226555555555553,Babukedaili,"{""geodesic"":false,""type"":""Point"",""coordinates"":[87.11345094102751,24.365140198466403]}"
1458_0,0.54,0.1013331,3.3,0.24,65.1,0.1177813,51.26,19.37,139,0.2686338,0.94,7.65,0.1340518,12,0.27524388,0.20932302,-2.2241542091300572,0.91,132.33145,215,231,"4/12/24, 12:00 AM",DUMKA,178,2024-12-31,5.12,3.58974,376,372,409,397,4.124723,2024-01-01,30.226555555555553,Babukedaili,"{""geodesic"":false,""type"":""Point"",""coordinates"":[87.11345094102751,24.365140198466403]}"
1459_0,1.35,0.10268643,4.21,0.58,57.53,0.12549928,128.12,19.63,225,0.30291417,0.69,9.39,0.17481348,8.97,0.3466915,0.26367235,-1.9657542291775076,0.46,286.89392,229,240,"5/18/24, 12:00 AM",DUMKA,175,2024-12-31,5.73,3.5169094,374,372,397,388,3.1883395,2024-01-01,30.246941176470592,Pipra,"{""geodesic"":false,""type"":""Point"",""coordinates"":[87.14713776418199,24.33926871828376]}"
1460_0,0.99,0.074639566,4.91,0.49,37.512,0.097706474,140.56,7.09,262,0.25465396,0.98,6.31,0.10816979,8.46,0.26680216,0.18654172,-1.6092076829264923,0.78,114.50716,211,227,"5/16/24, 12:00 AM",DUMKA,217,2024-12-31,5.73,3.5056844,396,384,393,389,2.2348247,2024-01-01,30.234857142857145,Kurumtanr,"{""geodesic"":false,""type"":""Point"",""coordinates"":[87.0689843344636,24.251143988911636]}"
1461_0,0.14,0.07553669,4.21,0.41,57.53,0.09919424,128.12,19.63,225,0.25668776,0.63,9.36,0.10733813,7.48,0.2816784,0.19311222,-1.5538773964848223,0.39,208.74008,211,227,"5/16/24, 12:00 AM",DUMKA,218,2024-12-31,5.13,3.5056844,396,384,393,389,2.1146421,2024-01-01,30.234857142857145,Bhora Badar,"{""geodesic"":false,""type"":""Point"",""coordinates"":[87.06871483987837,24.251143988911636]}"
1462_0,0.46,0.1013331,2.4,0.87,49.85,0.1177813,59.13,12.63,360,0.2686338,0.81,14.29,0.1340518,10,0.27524388,0.20932302,-2.2241542091300572,0.49,132.33145,215,231,"4/13/24, 12:00 AM",DUMKA,178,2024-12-31,5.48,3.58974,376,372,409,397,4.124723,2024-01-01,30.226555555555553,Amra,"{""geodesic"":false,""type"":""Point"",""coordinates"":[87.11345094102751,24.365140198466403]}"
1463_0,0.45,0.1013331,1.5,0.61,62.47,0.1177813,89.14,17.05,162,0.2686338,0.43,21.34,0.1340518,10,0.27524388,0.20932302,-2.2241542091300572,3.22,132.33145,215,231,"4/12/24, 12:00 AM",DUMKA,178,2024-12-31,5.02,3.58974,376,372,409,397,4.124723,2024-01-01,30.226555555555553,Amra,"{""geodesic"":false,""type"":""Point"",""coordinates"":[87.11345094102751,24.365140198466403]}"
1464_0,0.26,0.070671126,5.35,0.87,93.26,0.0855162,145.34,10.15,384,0.24266902,0.89,16.96,0.07021972,18.65,0.18477324,0.11331338,-1.1357098024628407,0.57,180.0,231,247,"5/19/24, 12:00 AM",DUMKA,158,2024-12-31,5.39,3.6050391,345,341,424,411,2.7802885,2024-01-01,30.183257142857137,Jamogori,"{""geodesic"":false,""type"":""Point"",""coordinates"":[87.1832500386036,24.377267454802016]}"
1465_0,0.81,0.070671126,5.71,0.27,60.54,0.0855162,153.2,9.85,276,0.24266902,0.56,8.38,0.07021972,16.67,0.18477324,0.11331338,-1.1357098024628407,0.82,180.0,231,247,"5/19/24, 12:00 AM",DUMKA,158,2024-12-31,5.63,3.6050391,345,341,424,411,2.7802885,2024-01-01,30.183257142857137,Jamogori,"{""geodesic"":false,""type"":""Point"",""coordinates"":[87.1832500386036,24.377267454802016]}"
1466_0,0.39,0.070671126,3.65,0.59,64.89,0.0855162,128.12,25.61,385,0.24266902,0.42,19.15,0.07021972,14.48,0.18477324,0.11331338,-1.1357098024628407,0.46,180.0,231,247,"5/19/24, 12:00 AM",DUMKA,158,2024-12-31,5.33,3.6050391,345,341,424,411,2.7802885,2024-01-01,30.183257142857137,Jamogori,"{""geodesic"":false,""type"":""Point"",""coordinates"":[87.1832500386036,24.377267454802016]}"
1467_0,1.13,0.057567626,5.35,0.35,93.26,0.08393022,145.34,10.15,384,0.29234603,0.35,16.96,0.08497698,16.6,0.25411296,0.16484532,-2.077626361372837,0.46,238.70953,202,218,"5/18/24, 12:00 AM",DUMKA,213,2024-12-31,4.98,3.5056844,399,388,399,394,3.5669372,2024-01-01,30.214628571428577,Nayadih,"{""geodesic"":false,""type"":""Point"",""coordinates"":[87.06709787236694,24.26246276149154]}"
1468_0,0.49,0.08064964,4.56,0.72,60.34,0.10735036,118.47,9.67,248,0.2702108,0.47,6.39,0.1203554,21.47,0.29893452,0.21411511,-1.1241621296221516,0.65,132.35712,211,227,"5/16/24, 12:00 AM",DUMKA,216,2024-12-31,5.72,3.5056844,396,384,393,389,1.376346,2024-01-01,30.234857142857145,Tengdhowa,"{""geodesic"":false,""type"":""Point"",""coordinates"":[87.06925382904883,24.251143988911636]}"
1469_0,0.75,0.09865461,3.32,0.45,62.94,0.10672837,13.25,12.54,142,0.1964156,0.39,16,0.1189,18,0.24019007,0.20126241,-1.6103979860613369,1.56,65.506996,213,230,"3/29/24, 12:00 AM",DUMKA,162,2024-12-31,5.53,3.5740879,386,381,401,389,2.2360344,2024-01-01,30.124285714285712,Ranidinda Urf Madanpur,"{""geodesic"":false,""type"":""Point"",""coordinates"":[87.21990130219568,24.334148321164278]}"
1470_0,0.15,0.09893404,0.25,0.25,35.26,0.11564752,28.34,10.28,192,0.25557446,0.48,11,0.12373759,16,0.25940356,0.19808227,-1.125169282766973,0.26,132.3384,213,230,"3/29/24, 12:00 AM",DUMKA,162,2024-12-31,5.16,3.5740879,386,381,401,389,1.3768394,2024-01-01,30.124285714285712,Ranidinda Urf Madanpur,"{""geodesic"":false,""type"":""Point"",""coordinates"":[87.21990130219568,24.334417815749514]}"
1471_0,0.34,0.09925105,4.01,0.69,29.37,0.11593357,150.06,32.8,388,0.24694195,0.52,16.68,0.11852518,9.34,0.24614826,0.18757972,-2.2238088530682205,0.35,47.662167,218,231,"5/21/24, 12:00 AM",DUMKA,151,2024-12-31,5.06,3.5740879,389,386,393,383,4.1242204,2024-01-01,30.1264705882353,Ranidinda Urf Madanpur,"{""geodesic"":false,""type"":""Point"",""coordinates"":[87.21046899171242,24.336843267016636]}"
1472_0,0.54,0.11823972,5.34,0.37,35.38,0.12654932,140.56,20.4,280,0.22862466,0.58,8.58,0.1399863,14.48,0.26075205,0.21117534,-2.151900217858442,0.81,15.334764,182,204,"5/21/24, 12:00 AM",DUMKA,170,2024-12-31,5.53,3.5459766,401,394,417,401,3.8411603,2024-01-01,30.236571428571427,Ranidinda Urf Madanpur,"{""geodesic"":false,""type"":""Point"",""coordinates"":[87.35141465979078,24.26246276149154]}"
1473_0,0.78,0.084232844,1.64,0.67,26.1,0.12480145,145.34,12.36,232,0.2937367,0.48,8.72,0.14700432,7.47,0.29500073,0.20478201,-0.2242189638957377,0.49,294.49164,232,243,"5/18/24, 12:00 AM",DUMKA,168,2024-12-31,5.31,3.5169094,384,383,384,374,2.2361522,2024-01-01,30.253588235294128,Palasi,"{""geodesic"":false,""type"":""Point"",""coordinates"":[87.14632928042629,24.342233158721353]}"
1474_0,0.99,0.10691015,5.23,0.27,42.22,0.12583406,113.29,31.4,265,0.28597122,0.56,6.34,0.15254028,8.46,0.30126476,0.21448705,-0.16846090193406682,0.82,331.24252,232,243,"5/19/24, 12:00 AM",DUMKA,168,2024-12-31,5.63,3.5169094,384,383,384,374,2.1149943,2024-01-01,30.253588235294128,Katania,"{""geodesic"":false,""type"":""Point"",""coordinates"":[87.14659877501153,24.34250265330659]}"
1475_0,0.26,0.10691015,4.12,0.97,82.16,0.12583406,126.33,29.57,389,0.28597122,0.79,14.51,0.15254028,18.67,0.30126476,0.21448705,-0.16846090193406682,0.5,331.24252,232,243,"5/19/24, 12:00 AM",DUMKA,168,2024-12-31,5.08,3.5169094,384,383,384,374,2.1149943,2024-01-01,30.253588235294128,Katania,"{""geodesic"":false,""type"":""Point"",""coordinates"":[87.14659877501153,24.34250265330659]}"
1476_0,0.39,0.080678836,3.65,0.78,64.89,0.14576979,128.12,25.61,385,0.2713626,0.83,19.15,0.14581582,8.67,0.28238273,0.1982374,-0.8230697787768512,0.65,270.0,232,243,"5/18/24, 12:00 AM",DUMKA,169,2024-12-31,5.83,3.5169094,384,383,384,374,1.0178812,2024-01-01,30.253588235294128,Katania,"{""geodesic"":false,""type"":""Point"",""coordinates"":[87.14659877501153,24.341963664136117]}"
1477_0,0.26,0.084459156,3.85,0.41,43.42,0.103817604,76.34,22.32,243,0.250881,0.63,4.36,0.102264084,12.49,0.21412465,0.14954647,2.619266802083659,0.82,208.76427,231,247,"5/19/24, 12:00 AM",DUMKA,150,2024-12-31,5.13,3.6050391,345,341,424,411,2.1151316,2024-01-01,30.183257142857137,Phulopani,"{""geodesic"":false,""type"":""Point"",""coordinates"":[87.1824415548479,24.37807593855772]}"
1478_0,0.36,0.08315786,2.45,0.78,38.34,0.11030357,115.31,22.32,376,0.26760715,0.83,15.08,0.11602357,9.47,0.27683356,0.19313,1.5119478042585994,0.8,216.20175,232,248,"5/19/24, 12:00 AM",DUMKA,154,2024-12-31,5.83,3.6050391,351,347,417,405,3.4440148,2024-01-01,30.183257142857137,Phulopani,"{""geodesic"":false,""type"":""Point"",""coordinates"":[87.18513650070025,24.38023189523961]}"
1479_0,0.54,0.084232844,4.68,0.41,45.41,0.12480145,96.87,21.38,232,0.2937367,0.59,8.32,0.14700432,13.87,0.29500073,0.20478201,-0.2242189638957377,0.39,294.49164,232,243,"5/17/24, 12:00 AM",DUMKA,168,2024-12-31,5.09,3.5169094,384,383,384,374,2.2361522,2024-01-01,30.253588235294128,Uparbahiar,"{""geodesic"":false,""type"":""Point"",""coordinates"":[87.14632928042629,24.342233158721353]}"
1480_0,0.26,0.093606524,1.64,0.58,26.1,0.11769855,143.34,12.36,232,0.27711958,0.26,8.72,0.13005507,13.87,0.29254928,0.20851305,-0.9803624413395934,0.78,58.729637,219,236,"5/19/24, 12:00 AM",DUMKA,169,2024-12-31,4.88,3.58974,379,375,402,390,3.5689926,2024-01-01,30.226555555555553,Basbutia,"{""geodesic"":false,""type"":""Point"",""coordinates"":[87.1147984139537,24.362714747199277]}"
1481_0,0.45,0.083775185,2.35,0.59,38.45,0.1298087,122.34,13.36,254,0.2865145,0.47,8.21,0.13820942,11.57,0.30562463,0.21574855,1.6850305064741813,0.42,114.488075,216,231,"5/19/24, 12:00 AM",DUMKA,170,2024-12-31,4.95,3.58974,390,381,394,388,2.2364566,2024-01-01,30.226555555555553,Heth Rengni,"{""geodesic"":false,""type"":""Point"",""coordinates"":[87.11398993019799,24.362984241784513]}"
1482_0,0.49,0.070671126,2.45,0.92,38.34,0.0855162,115.31,22.32,376,0.24266902,0.57,15.08,0.07021972,12.49,0.18477324,0.11331338,-1.1357098024628407,0.58,180.0,231,247,"5/19/24, 12:00 AM",DUMKA,158,2024-12-31,5.7,3.6050391,345,341,424,411,2.7802885,2024-01-01,30.183257142857137,Heth Rengni,"{""geodesic"":false,""type"":""Point"",""coordinates"":[87.1832500386036,24.377267454802016]}"
1483_0,1.18,0.088262856,2.56,0.55,35.33,0.1304695,129.12,7.42,246,0.2783064,0.48,9.62,0.14203689,7.48,0.301961,0.21861774,1.1769810643817196,0.45,132.3305,212,237,"5/19/24, 12:00 AM",DUMKA,169,2024-12-31,5.69,3.58974,366,356,422,406,1.3770474,2024-01-01,30.25055555555555,Satrukha,"{""geodesic"":false,""type"":""Point"",""coordinates"":[87.11587639229464,24.369452111830174]}"
1484_0,0.84,0.09874789,2.53,0.49,27.02,0.1243007,23.4,23.28,193,0.2908852,0.38,16,0.13409366,13,0.276169,0.20406057,-2.234818515106768,2.316,102.83062,229,242,"3/29/24, 12:00 AM",DUMKA,139,2024-12-31,5.24,3.6050391,374,369,397,389,4.169204,2024-01-01,30.21274285714286,Murli Chak,"{""geodesic"":false,""type"":""Point"",""coordinates"":[87.18190256567742,24.352473952960317]}"
1485_0,0.26,0.08972917,2.04,0.85,25.1,0.104304165,21.12,16.18,178,0.25888196,0.43,26,0.10922222,18,0.2380375,0.16888611,-1.919806637046113,1.67,90.0,232,246,"4/9/24, 12:00 AM",DUMKA,133,2024-12-31,5.04,3.497992,396,394,372,360,3.048195,2024-01-01,30.149550000000012,Mahadebraydih,"{""geodesic"":false,""type"":""Point"",""coordinates"":[87.21505039966144,24.221769079120925]}"
1486_0,0.78,0.07997071,2.35,0.71,45.62,0.09450429,101.26,7.24,248,0.29617873,0.59,13.08,0.10736099,8.97,0.2697929,0.17132127,-1.3289035238110578,0.49,203.70235,231,251,"5/17/24, 12:00 AM",DUMKA,165,2024-12-31,5.51,3.5169094,384,379,385,370,5.0515504,2024-01-01,30.2252,Jarpura,"{""geodesic"":false,""type"":""Point"",""coordinates"":[87.14282585081823,24.338999223698522]}"
1487_0,0.36,0.10788429,4.53,0.69,10.15,0.12880571,99.68,21.39,262,0.2744163,0.56,6.31,0.16243121,8.97,0.2947383,0.2183468,2.3784953412203618,0.45,114.492294,228,248,"5/16/24, 12:00 AM",DUMKA,162,2024-12-31,5.63,3.5169094,379,372,394,379,2.2360952,2024-01-01,30.2252,Asanjor,"{""geodesic"":false,""type"":""Point"",""coordinates"":[87.14471231291488,24.338460234528053]}"
1488_0,0.45,0.06538705,4.91,0.95,60.37,0.09244532,101.22,8.87,354,0.28328562,0.59,12.39,0.09957266,14.65,0.26690143,0.17929928,-0.9162257939194168,0.81,245.49474,202,218,"5/16/24, 12:00 AM",DUMKA,211,2024-12-31,5.73,3.5056844,399,388,399,394,2.234986,2024-01-01,30.214628571428577,Asanjor,"{""geodesic"":false,""type"":""Point"",""coordinates"":[87.06682837778172,24.262193266906305]}"
1489_0,1.35,0.07038321,3.12,0.63,10.15,0.08726715,129.12,29.24,278,0.26976132,0.67,6.94,0.08083942,13.46,0.22996934,0.1550708,0.276251211234884,0.48,270.0,215,237,"5/17/24, 12:00 AM",DUMKA,185,2024-12-31,4.95,3.5056844,410,402,376,362,1.0175201,2024-01-01,30.245722222222216,Hardipatti,"{""geodesic"":false,""type"":""Point"",""coordinates"":[87.07006231280454,24.29695806840173]}"
1490_0,1.18,0.06826331,3.23,0.62,26.32,0.08993165,118.47,19.27,268,0.25956833,0.55,15.35,0.094888486,8.46,0.2726223,0.18407339,-1.514627368787626,0.45,270.0,216,237,"5/17/24, 12:00 AM",DUMKA,210,2024-12-31,5.71,3.5859947,395,381,390,382,2.033488,2024-01-01,30.225941176470588,Hardipatti,"{""geodesic"":false,""type"":""Point"",""coordinates"":[87.06628938861124,24.240094710916964]}"
1491_0,0.49,0.06748993,2.56,0.43,35.33,0.097340286,101.26,7.42,238,0.2796892,0.59,26.01,0.10643669,15.45,0.2811748,0.1958036,-0.821822129531691,0.48,270.0,202,218,"5/16/24, 12:00 AM",DUMKA,211,2024-12-31,5.61,3.5056844,399,388,399,394,2.0338387,2024-01-01,30.214628571428577,Hardipatti,"{""geodesic"":false,""type"":""Point"",""coordinates"":[87.06709787236694,24.26192377232107]}"
1492_0,0.68,0.1013331,2.1,0.74,59.62,0.1177813,94.52,13.29,357,0.2686338,0.82,10.25,0.1340518,15,0.27524388,0.20932302,-2.2241542091300572,0.81,132.33145,215,231,"4/13/24, 12:00 AM",DUMKA,178,2024-12-31,5.82,3.58974,376,372,409,397,4.124723,2024-01-01,30.226555555555553,Asanthar,"{""geodesic"":false,""type"":""Point"",""coordinates"":[87.11345094102751,24.365140198466403]}"
1493_0,0.77,0.088771224,3.28,0.69,42.34,0.13460785,106.77,20.18,258,0.29098937,0.69,9.39,0.16933617,14.48,0.30305037,0.22380142,2.2813253564623692,0.82,245.5078,228,248,"5/17/24, 12:00 AM",DUMKA,163,2024-12-31,5.65,3.5169094,379,372,394,379,2.2361033,2024-01-01,30.2252,Asansolkurwa,"{""geodesic"":false,""type"":""Point"",""coordinates"":[87.14498180750012,24.338999223698522]}"
1494_0,0.35,0.1013331,1.8,0.29,60.09,0.1177813,104.24,16.29,258,0.2686338,0.56,13.56,0.1340518,8,0.27524388,0.20932302,-2.2241542091300572,3.11,132.33145,215,231,"4/13/24, 12:00 AM",DUMKA,178,2024-12-31,5.28,3.58974,376,372,409,397,4.124723,2024-01-01,30.226555555555553,Asansolkurwa,"{""geodesic"":false,""type"":""Point"",""coordinates"":[87.11345094102751,24.365140198466403]}"
1495_0,0.46,0.072347485,2.29,0.37,25.64,0.09821223,98.63,22.32,243,0.21921223,0.47,8.32,0.11186691,12.49,0.26133454,0.181241,-1.8173178336796998,0.57,47.64294,211,227,"5/16/24, 12:00 AM",DUMKA,217,2024-12-31,5.5,3.5056844,396,384,393,389,2.7511086,2024-01-01,30.234857142857145,Bara,"{""geodesic"":false,""type"":""Point"",""coordinates"":[87.0689843344636,24.25141348349687]}"
1496_0,0.34,0.084232844,2.46,0.42,18.72,0.12480145,100.11,21.39,265,0.2937367,0.56,6.34,0.14700432,15.49,0.29500073,0.20478201,-0.2242189638957377,0.62,294.49164,232,243,"5/17/24, 12:00 AM",DUMKA,168,2024-12-31,5.04,3.5169094,384,383,384,374,2.2361522,2024-01-01,30.253588235294128,Bara,"{""geodesic"":false,""type"":""Point"",""coordinates"":[87.14632928042629,24.342233158721353]}"
1497_0,0.26,0.079592146,4.12,0.31,82.16,0.109021425,126.33,19.27,389,0.26891357,0.52,14.51,0.11311643,16.67,0.27184713,0.18629286,1.3200920397623517,0.65,282.8279,233,248,"5/21/24, 12:00 AM",DUMKA,154,2024-12-31,5.73,3.6050391,346,343,421,409,4.170063,2024-01-01,30.183257142857137,Bara,"{""geodesic"":false,""type"":""Point"",""coordinates"":[87.18513650070025,24.379962400654374]}"
1498_0,0.56,0.07991781,2.35,0.89,38.45,0.098084934,122.34,13.36,254,0.26615617,0.98,8.21,0.09657123,18.48,0.2659589,0.17806302,-2.3625385238524643,0.81,167.6238,226,242,"5/18/24, 12:00 AM",DUMKA,173,2024-12-31,5.14,3.4328725,395,392,379,366,4.736964,2024-01-01,30.21829411764705,Mahulbana,"{""geodesic"":false,""type"":""Point"",""coordinates"":[87.14174787247728,24.29237666045272]}"
1499_0,0.34,0.084232844,1.64,0.42,26.1,0.12480145,145.34,12.36,232,0.2937367,0.59,8.72,0.14700432,17.48,0.29500073,0.20478201,-0.2242189638957377,0.46,294.49164,232,243,"5/19/24, 12:00 AM",DUMKA,168,2024-12-31,5.39,3.5169094,384,383,384,374,2.2361522,2024-01-01,30.253588235294128,Haringohal,"{""geodesic"":false,""type"":""Point"",""coordinates"":[87.14632928042629,24.342233158721353]}"
1500_0,0.99,0.08478849,1.64,0.58,26.1,0.10998274,145.34,12.36,232,0.2937367,0.26,8.72,0.118043885,16.67,0.3345331,0.2358928,-0.16803479516847808,0.48,331.25082,205,231,"5/17/24, 12:00 AM",DUMKA,176,2024-12-31,4.88,3.5056844,392,386,403,383,2.114826,2024-01-01,30.245722222222216,Dondia,"{""geodesic"":false,""type"":""Point"",""coordinates"":[87.066019894026,24.298844530498382]}"
1501_0,0.45,0.09506424,5.89,0.87,38.26,0.1086146,101.26,13.2,354,0.17258175,0.61,12.39,0.110483944,9.47,0.15400584,0.10571752,-1.5165673146941332,0.65,90.0,215,234,"5/19/24, 12:00 AM",DUMKA,178,2024-12-31,5.51,3.58974,398,387,387,379,2.0354729,2024-01-01,30.226555555555553,Tarajora,"{""geodesic"":false,""type"":""Point"",""coordinates"":[87.1118339735161,24.363792725540222]}"
1502_0,0.26,0.10691377,5.71,0.27,60.54,0.13096522,153.2,9.85,276,0.29395363,0.56,8.38,0.14091377,7.48,0.30871594,0.22472101,1.6470753471225665,0.81,132.3319,216,231,"5/19/24, 12:00 AM",DUMKA,171,2024-12-31,5.63,3.58974,390,381,394,388,1.3770111,2024-01-01,30.226555555555553,Tarajora,"{""geodesic"":false,""type"":""Point"",""coordinates"":[87.1126424572718,24.36325373636975]}"
1503_0,0.81,0.06826331,2.35,0.47,45.62,0.08993165,101.26,7.24,248,0.25956833,0.81,13.08,0.094888486,13.87,0.2726223,0.18407339,-1.514627368787626,0.41,270.0,216,237,"5/17/24, 12:00 AM",DUMKA,210,2024-12-31,5.14,3.5859947,395,381,390,382,2.033488,2024-01-01,30.225941176470588,Khilkanali,"{""geodesic"":false,""type"":""Point"",""coordinates"":[87.06628938861124,24.240094710916964]}"
1504_0,0.99,0.084232844,5.56,0.47,49.68,0.12480145,119.57,19.28,262,0.2937367,0.63,6.31,0.14700432,14.65,0.29500073,0.20478201,-0.2242189638957377,0.46,294.49164,232,243,"5/17/24, 12:00 AM",DUMKA,168,2024-12-31,5.42,3.5169094,384,383,384,374,2.2361522,2024-01-01,30.253588235294128,Samlato,"{""geodesic"":false,""type"":""Point"",""coordinates"":[87.14632928042629,24.342233158721353]}"
1505_0,0.26,0.10268643,2.15,0.96,35.81,0.12549928,98.63,17.12,281,0.30291417,0.67,9.28,0.17481348,7.48,0.3466915,0.26367235,-1.9657542291775076,0.48,286.89392,229,240,"5/18/24, 12:00 AM",DUMKA,175,2024-12-31,5.13,3.5169094,374,372,397,388,3.1883395,2024-01-01,30.246941176470592,Samlato,"{""geodesic"":false,""type"":""Point"",""coordinates"":[87.14713776418199,24.33926871828376]}"
1506_0,1.13,0.07997071,4.88,0.95,36.95,0.09450429,114.51,14.5,371,0.29617873,0.59,10.32,0.10736099,7.47,0.2697929,0.17132127,-1.3289035238110578,0.46,203.70235,231,251,"5/17/24, 12:00 AM",DUMKA,165,2024-12-31,5.52,3.5169094,384,379,385,370,5.0515504,2024-01-01,30.2252,Asansol,"{""geodesic"":false,""type"":""Point"",""coordinates"":[87.14282585081823,24.338999223698522]}"
1507_0,0.85,0.09042877,2.78,0.93,63.27,0.1127452,106.77,19.63482,358,0.26843563,0.69,13.37,0.12782602,8.97,0.23790684,0.17726438,-2.1155780649754647,2.2,180.0,186,205,"7/18/24, 12:00 AM",DUMKA,158,2024-12-31,4.72,3.405328,385,386,428,409,3.7047918,2024-01-01,30.214235294117643,Dhabna,"{""geodesic"":false,""type"":""Point"",""coordinates"":[87.34467729515988,24.253569440178758]}"
1508_0,0.65,0.07956986,4.12,0.98,82.16,0.09310137,126.33,19.27158,389,0.24240547,0.85,14.510000000000002,0.09176301,13.87,0.21467534,0.15468767,-1.4224308692633063,0.14,180.0,186,205,"7/18/24, 12:00 AM",DUMKA,158,2024-12-31,5.02,3.405328,385,386,428,409,1.8543341,2024-01-01,30.214235294117643,Dhabna,"{""geodesic"":false,""type"":""Point"",""coordinates"":[87.34440780057464,24.253569440178758]}"
1509_0,0.65,0.133875,4.88,0.95,36.95012,0.1579375,114.51,14.5,371,0.2567875,0.59,10.32,0.17270695,21.47,0.28489166,0.22221528,3.0624568781193062,0.14,331.2848,211,234,"7/23/24, 12:00 AM",DUMKA,137,2024-12-31,5.52,3.670288,393,381,396,385,2.1141396,2024-01-01,30.263828571428576,Goasol,"{""geodesic"":false,""type"":""Point"",""coordinates"":[87.13447151867591,24.119630631316536]}"
1510_0,0.41,0.098462686,4.29,0.58,45.620000000000005,0.117738806,76.34,7.35,236,0.20463881,0.69,11.65,0.14948657,12.49,0.2898567,0.2537,-0.8210381457592124,1.87,90.0,195,212,"7/23/24, 12:00 AM",DUMKA,258,2024-12-31,5.73,3.6687794,435,422,370,366,1.0168358,2024-01-01,30.310666666666677,Karmatanr,"{""geodesic"":false,""type"":""Point"",""coordinates"":[86.97627819714246,24.21125879029673]}"
1511_0,0.45,0.1073403,5.65,0.93,51.56999999999999,0.13180597,96.87,15.48,212,0.2864955,0.48,11.36,0.1625373,9.34,0.33839852,0.24619702,-0.43049717290295036,2.77,227.63304,203,226,"7/24/24, 12:00 AM",DUMKA,247,2024-12-31,5.51,3.6687794,420,402,377,372,1.3760871,2024-01-01,30.280722222222224,Khutojori,"{""geodesic"":false,""type"":""Point"",""coordinates"":[86.98059011050624,24.20721637151819]}"
1512_0,0.35,0.1073403,5.71,0.27,60.540000000000006,0.13180597,153.2,9.85,276,0.2864955,0.56,8.38,0.1625373,14.65,0.33839852,0.24619702,-0.43049717290295036,0.36,227.63304,203,226,"7/24/24, 12:00 AM",DUMKA,247,2024-12-31,5.63,3.6687794,420,402,377,372,1.3760871,2024-01-01,30.280722222222224,Khutojori,"{""geodesic"":false,""type"":""Point"",""coordinates"":[86.98059011050624,24.20721637151819]}"
1513_0,0.65,0.1073403,6.11,0.78,58.620000000000005,0.13180597,107.89,26.3,368,0.2864955,0.83,17.41,0.1625373,15.45,0.33839852,0.24619702,-0.43049717290295036,2.42,227.63304,203,226,"7/24/24, 12:00 AM",DUMKA,247,2024-12-31,5.83,3.6687794,420,402,377,372,1.3760871,2024-01-01,30.280722222222224,Khutojori,"{""geodesic"":false,""type"":""Point"",""coordinates"":[86.98059011050624,24.20721637151819]}"
1514_0,0.43,0.11059851,4.88,0.95,36.95012,0.13175672,114.51,14.5,371,0.26801494,0.59,10.32,0.1462612,14.48,0.27868506,0.21367164,-1.9196347358607748,0.46,270.0,195,212,"7/24/24, 12:00 AM",DUMKA,258,2024-12-31,5.52,3.6687794,435,422,370,366,3.0479295,2024-01-01,30.310666666666677,Khutojori,"{""geodesic"":false,""type"":""Point"",""coordinates"":[86.97627819714246,24.21045030654102]}"
1515_0,0.85,0.11059851,3.1241,0.63,10.150000000000006,0.13175672,129.12,29.24,278,0.26801494,0.67,6.94,0.1462612,12.49,0.27868506,0.21367164,-1.9196347358607748,2.14,270.0,195,212,"7/24/24, 12:00 AM",DUMKA,258,2024-12-31,4.949999999999999,3.6687794,435,422,370,366,3.0479295,2024-01-01,30.310666666666677,Khutojori,"{""geodesic"":false,""type"":""Point"",""coordinates"":[86.97627819714246,24.21045030654102]}"
1516_0,0.8,0.088783585,2.45,0.78,38.34,0.1082612,115.31,22.32,376,0.2873552,0.83,15.079999999999998,0.10907164,9.47,0.2993806,0.2057806,-1.6085926752070105,0.36,245.4854,203,226,"7/24/24, 12:00 AM",DUMKA,248,2024-12-31,5.83,3.6687794,420,402,377,372,4.4616013,2024-01-01,30.280722222222224,Khutojori,"{""geodesic"":false,""type"":""Point"",""coordinates"":[86.98085960509147,24.20721637151819]}"
1517_0,0.56,0.11059851,5.09,0.93,50.56,0.13175672,165.01,16.9674,368,0.26801494,0.69,17.23,0.1462612,16.67,0.27868506,0.21367164,-1.9196347358607748,0.99,270.0,195,212,"7/24/24, 12:00 AM",DUMKA,258,2024-12-31,4.72,3.6687794,435,422,370,366,3.0479295,2024-01-01,30.310666666666677,Khutojori,"{""geodesic"":false,""type"":""Point"",""coordinates"":[86.97627819714246,24.21045030654102]}"
1518_0,0.37,0.09212985,4.12,0.97,82.16,0.11699403,126.33,19.27158,389,0.26828805,0.79,14.510000000000002,0.13038209,13.46,0.2703597,0.21547313,-2.2222529051961755,0.54,227.63304,201,223,"7/24/24, 12:00 AM",DUMKA,250,2024-12-31,5.08,3.6687794,414,398,386,380,4.121929,2024-01-01,30.280722222222224,Khutojori,"{""geodesic"":false,""type"":""Point"",""coordinates"":[86.97762567006865,24.20721637151819]}"
1519_0,0.42,0.09212985,2.68,0.98,38.620000000000005,0.11699403,100.11,9.26,361,0.26828805,0.85,18.51,0.13038209,15.49,0.2703597,0.21547313,-2.2222529051961755,1.87,227.63304,201,223,"7/24/24, 12:00 AM",DUMKA,250,2024-12-31,5.02,3.6687794,414,398,386,380,4.121929,2024-01-01,30.280722222222224,Khutojori,"{""geodesic"":false,""type"":""Point"",""coordinates"":[86.97762567006865,24.20721637151819]}"
1520_0,0.58,0.09968955,2.15,0.63,35.81,0.110173136,98.63,17.12,281,0.20875373,0.67,9.28,0.13999104,16.67,0.27464178,0.23244627,-1.8275553846968022,2.2,180.0,195,212,"7/24/24, 12:00 AM",DUMKA,255,2024-12-31,4.949999999999999,3.6687794,435,422,370,366,2.7802885,2024-01-01,30.310666666666677,Khutojori,"{""geodesic"":false,""type"":""Point"",""coordinates"":[86.97708668089817,24.209372328200075]}"
1521_0,0.5,0.05167846,2.87,0.52,74.09,0.075375386,118.47,20.3432436,267,0.2450723,0.56,11.54,0.07603539,8.67,0.21817847,0.14442924,-0.7288915497084373,0.19,-0.0,217,237,"7/24/24, 12:00 AM",DUMKA,244,2024-12-31,5.73,3.6687794,404,389,379,374,0.92740995,2024-01-01,30.280722222222224,Khutojori,"{""geodesic"":false,""type"":""Point"",""coordinates"":[86.97708668089817,24.202365468983945]}"
1522_0,0.81,0.055192307,4.07,0.42,61.33,0.08245846,76.12,20.66,230,0.2695569,0.61,16.15,0.08989538,18.65,0.23277692,0.1573123,-1.919504854849397,0.99,270.0,217,237,"7/24/24, 12:00 AM",DUMKA,245,2024-12-31,5.58,3.6687794,404,389,379,374,3.0477307,2024-01-01,30.280722222222224,Khutojori,"{""geodesic"":false,""type"":""Point"",""coordinates"":[86.97708668089817,24.20209597439871]}"
1523_0,0.41,0.055192307,6.47,0.63,18.31,0.08245846,165.01,17.2539,235,0.2695569,0.69,9.31,0.08989538,7.47,0.23277692,0.1573123,-1.919504854849397,2.11,270.0,217,237,"7/24/24, 12:00 AM",DUMKA,245,2024-12-31,4.869999999999999,3.6687794,404,389,379,374,3.0477307,2024-01-01,30.280722222222224,Khutojori,"{""geodesic"":false,""type"":""Point"",""coordinates"":[86.97708668089817,24.20209597439871]}"
1524_0,0.65,0.055192307,2.3489,0.59,38.45,0.08245846,122.3433,13.36,254,0.2695569,0.47,8.21,0.08989538,18.67,0.23277692,0.1573123,-1.919504854849397,0.39,270.0,217,237,"7/24/24, 12:00 AM",DUMKA,245,2024-12-31,4.949999999999999,3.6687794,404,389,379,374,3.0477307,2024-01-01,30.280722222222224,Khutojori,"{""geodesic"":false,""type"":""Point"",""coordinates"":[86.97708668089817,24.20209597439871]}"
1525_0,0.41,0.055192307,5.78,0.46,59.83,0.08245846,100.11,11.26,262,0.2695569,0.39,6.31,0.08989538,8.97,0.23277692,0.1573123,-1.919504854849397,2.14,270.0,217,237,"7/24/24, 12:00 AM",DUMKA,245,2024-12-31,5.58,3.6687794,404,389,379,374,3.0477307,2024-01-01,30.280722222222224,Khutojori,"{""geodesic"":false,""type"":""Point"",""coordinates"":[86.97708668089817,24.20209597439871]}"
1526_0,0.35,0.055192307,4.58,0.88,67.45,0.08245846,128.12,20.343232,348,0.2695569,0.59,11.38,0.08989538,15.49,0.23277692,0.1573123,-1.919504854849397,2.34,270.0,217,237,"7/24/24, 12:00 AM",DUMKA,245,2024-12-31,5.619999999999999,3.6687794,404,389,379,374,3.0477307,2024-01-01,30.280722222222224,Khutojori,"{""geodesic"":false,""type"":""Point"",""coordinates"":[86.97708668089817,24.20209597439871]}"
1527_0,1.23,0.07407879,4.12,0.31,82.16,0.09252576,126.33,19.27158,389,0.27535304,0.52,14.510000000000002,0.088807575,14.48,0.25559393,0.1707591,-1.5394377167408442,1.79,257.15503,201,224,"7/23/24, 12:00 AM",DUMKA,250,2024-12-31,5.73,3.6687794,413,396,386,380,4.1646376,2024-01-01,30.29461111111111,Khutojori,"{""geodesic"":false,""type"":""Point"",""coordinates"":[86.98193758343241,24.205599404006776]}"
1528_0,0.43,0.07407879,2.68,0.61,38.620000000000005,0.09252576,100.11,9.26,361,0.27535304,0.61,18.51,0.088807575,12.49,0.25559393,0.1707591,-1.5394377167408442,0.14,257.15503,201,224,"7/23/24, 12:00 AM",DUMKA,250,2024-12-31,5.59,3.6687794,413,396,386,380,4.1646376,2024-01-01,30.29461111111111,Khutojori,"{""geodesic"":false,""type"":""Point"",""coordinates"":[86.98193758343241,24.205599404006776]}"
1529_0,0.82,0.06313485,4.21,0.41,57.53,0.08815606,128.12,19.63484,225,0.28039697,0.63,9.39,0.08690455,9.34,0.25418788,0.16857879,2.0553387023552294,2.17,-0.0,201,224,"7/23/24, 12:00 AM",DUMKA,251,2024-12-31,5.13,3.6687794,413,396,386,380,0.0,2024-01-01,30.29461111111111,Khutojori,"{""geodesic"":false,""type"":""Point"",""coordinates"":[86.98220707801765,24.205599404006776]}"
1530_0,0.39,0.06313485,2.3489,0.59,38.45,0.08815606,122.3433,13.36,254,0.28039697,0.47,8.21,0.08690455,18.65,0.25418788,0.16857879,2.0553387023552294,2.77,-0.0,201,224,"7/23/24, 12:00 AM",DUMKA,251,2024-12-31,4.949999999999999,3.6687794,413,396,386,380,0.0,2024-01-01,30.29461111111111,Khutojori,"{""geodesic"":false,""type"":""Point"",""coordinates"":[86.98220707801765,24.205599404006776]}"
1531_0,0.42,0.06313485,4.56,0.72,60.34,0.08815606,118.47,9.672,248,0.28039697,0.47,6.390000000000001,0.08690455,18.48,0.25418788,0.16857879,2.0553387023552294,0.99,-0.0,201,224,"7/23/24, 12:00 AM",DUMKA,251,2024-12-31,5.72,3.6687794,413,396,386,380,0.0,2024-01-01,30.29461111111111,Khutojori,"{""geodesic"":false,""type"":""Point"",""coordinates"":[86.98220707801765,24.205599404006776]}"
1532_0,0.75,0.06313485,5.12,0.89,64.26,0.08815606,119.57,19.08,258,0.28039697,0.49,9.39,0.08690455,12.49,0.25418788,0.16857879,2.0553387023552294,0.46,-0.0,201,224,"7/23/24, 12:00 AM",DUMKA,251,2024-12-31,5.31,3.6687794,413,396,386,380,0.0,2024-01-01,30.29461111111111,Khutojori,"{""geodesic"":false,""type"":""Point"",""coordinates"":[86.98220707801765,24.205599404006776]}"
1533_0,0.46,0.06313485,3.65,0.89,64.89,0.08815606,128.12,25.612,385,0.28039697,0.51,19.15,0.08690455,8.89,0.25418788,0.16857879,2.0553387023552294,3.14,-0.0,201,224,"7/23/24, 12:00 AM",DUMKA,251,2024-12-31,5.02,3.6687794,413,396,386,380,0.0,2024-01-01,30.29461111111111,Khutojori,"{""geodesic"":false,""type"":""Point"",""coordinates"":[86.98220707801765,24.205599404006776]}"
1534_0,0.48,0.06313485,5.34,0.42,35.379999999999995,0.08815606,140.56,20.3432354,280,0.28039697,0.85,8.58,0.08690455,16.67,0.25418788,0.16857879,2.0553387023552294,0.34,-0.0,201,224,"7/23/24, 12:00 AM",DUMKA,251,2024-12-31,4.869999999999999,3.6687794,413,396,386,380,0.0,2024-01-01,30.29461111111111,Khutojori,"{""geodesic"":false,""type"":""Point"",""coordinates"":[86.98220707801765,24.205599404006776]}"
1535_0,0.57,0.08792609,5.34,0.42,35.379999999999995,0.10766956,140.56,20.3432354,280,0.23348695,0.85,8.58,0.12594202,16.67,0.2633232,0.207,-0.9424509369007701,1.08,36.154198,227,245,"7/23/24, 12:00 AM",DUMKA,234,2024-12-31,4.869999999999999,3.5200946,423,412,349,343,3.4419298,2024-01-01,30.28605882352941,Kapsio,"{""geodesic"":false,""type"":""Point"",""coordinates"":[86.94636429818128,24.15897684076097]}"
1536_0,0.62,0.07456667,2.87,0.46,74.09,0.09649275,118.47,20.3432436,267,0.27801594,0.98,11.54,0.09838696,8.46,0.22602029,0.15116377,-0.728551082812424,2.22,-0.0,227,245,"7/23/24, 12:00 AM",DUMKA,237,2024-12-31,4.88,3.5200946,423,412,349,343,0.92740995,2024-01-01,30.291764705882347,Kapsio,"{""geodesic"":false,""type"":""Point"",""coordinates"":[86.94636429818128,24.158168357005263]}"
1537_0,0.82,0.07331304,3.39,0.58,9.879999999999995,0.096720286,139.14,16.96202,239,0.26808116,0.69,9.94,0.10467971,22.78,0.24925797,0.1763,-0.9866568132887364,0.47,140.58002,227,245,"7/23/24, 12:00 AM",DUMKA,231,2024-12-31,5.73,3.5200946,423,412,349,343,4.791267,2024-01-01,30.28605882352941,Kapsio,"{""geodesic"":false,""type"":""Point"",""coordinates"":[86.94825076027793,24.158707346175735]}"
1538_0,0.85,0.070837684,4.21,0.41,57.53,0.09277681,128.12,19.63484,225,0.28746668,0.63,9.39,0.097365215,13.65,0.23292899,0.15690434,-2.492186115699216,2.17,110.0503,223,246,"7/23/24, 12:00 AM",DUMKA,235,2024-12-31,5.13,3.5200946,415,400,362,354,5.394558,2024-01-01,30.28605882352941,Kapsio,"{""geodesic"":false,""type"":""Point"",""coordinates"":[86.94852025486317,24.159246335346207]}"
1539_0,0.65,0.06931194,2.3489,0.59,38.45,0.10427015,122.3433,13.36,254,0.27170298,0.47,8.21,0.12798806,8.67,0.29898506,0.2247985,-1.8161716288469596,2.77,47.621616,236,254,"7/23/24, 12:00 AM",DUMKA,238,2024-12-31,4.949999999999999,3.5200946,422,409,342,337,2.749988,2024-01-01,30.291764705882347,Kapsio,"{""geodesic"":false,""type"":""Point"",""coordinates"":[86.94339985774369,24.156012400323377]}"
1540_0,0.46,0.09084154,4.88,0.95,36.95012,0.12147538,114.51,14.5,371,0.3085154,0.59,10.32,0.13573231,15.45,0.36418307,0.2555046,-0.7180530386179484,2.2,132.36926,192,216,"7/18/24, 12:00 AM",DUMKA,230,2024-12-31,5.52,3.6654937,422,402,386,382,2.7504675,2024-01-01,30.27666666666666,Bedia,"{""geodesic"":false,""type"":""Point"",""coordinates"":[86.99406483976803,24.196975577279225]}"
1541_0,0.52,0.10159849,5.09,0.97,50.56,0.1388,165.01,16.9674,368,0.2942288,0.79,17.23,0.1659909,14.48,0.36251515,0.26656514,3.051750765845238,0.13,151.2701,192,216,"7/18/24, 12:00 AM",DUMKA,230,2024-12-31,5.08,3.6654937,422,402,386,382,2.1144366,2024-01-01,30.27666666666666,Bedia,"{""geodesic"":false,""type"":""Point"",""coordinates"":[86.99433433435327,24.197514566449698]}"
1542_0,0.35,0.06836831,5.35,0.87,93.26,0.08397676,145.34,10.15,384,0.22868873,0.89,16.96,0.079833806,7.47,0.20973803,0.14124013,-1.8278279273285996,0.81,180.0,217,230,"7/18/24, 12:00 AM",DUMKA,230,2024-12-31,5.39,3.5332065,415,405,367,365,2.7802885,2024-01-01,30.26994444444444,Bedia,"{""geodesic"":false,""type"":""Point"",""coordinates"":[87.02856014667822,24.24440662428074]}"
1543_0,0.75,0.0720169,5.65,0.93,51.57,0.095997185,96.87,15.48,212,0.26354226,0.48,11.36,0.102226764,8.89,0.25008732,0.17049015,-0.4290812040014278,0.45,132.39337,240,253,"7/23/24, 12:00 AM",DUMKA,123,2024-12-31,5.51,3.818278,380,376,379,371,1.3753923,2024-01-01,30.294971428571426,Gulamibathan,"{""geodesic"":false,""type"":""Point"",""coordinates"":[87.16088198802903,24.088908248599648]}"
1544_0,0.52,0.09380822,2.78,0.93,63.27,0.1114452,106.77,19.63482,358,0.24277261,0.69,13.37,0.11510548,9.34,0.24558356,0.16907534,-2.19479099882247,0.78,22.376602,237,243,"7/23/24, 12:00 AM",DUMKA,106,2024-12-31,4.72,3.5241098,411,417,352,341,7.972281,2024-01-01,30.305542857142864,Jhujko,"{""geodesic"":false,""type"":""Point"",""coordinates"":[87.53979137487065,24.373494530608713]}"
1545_0,0.45,0.072743244,6.1,0.84,91.28,0.08883243,26.12,8.714,134,0.2753054,0.65,26.2,0.08522162,12,0.2184,0.14422162,-1.197342800937073,1.26,20.080297,233,242,"4/11/24, 12:00 AM",DUMKA,82,2024-12-31,5.63,3.8513324,390,390,377,368,2.9599237,2024-01-01,30.422249999999995,Bara Chapuria,"{""geodesic"":false,""type"":""Point"",""coordinates"":[87.61120743995814,24.237938754235078]}"
1546_0,0.5,0.08868767,5.09,0.97,50.56,0.1103726,165.01,16.9674,368,0.29511097,0.79,17.23,0.11306027,14.65,0.2967411,0.20315206,-2.4487739589079074,1.69,36.20026,237,243,"7/23/24, 12:00 AM",DUMKA,111,2024-12-31,5.08,3.5241098,411,417,352,341,10.234064,2024-01-01,30.305542857142864,Karmatanr,"{""geodesic"":false,""type"":""Point"",""coordinates"":[87.53979137487065,24.373225036023477]}"
1547_0,0.35,0.07826027,4.88,0.63,36.95012,0.10323699,114.51,14.5,371,0.26749453,0.55,10.32,0.11360137,7.48,0.28278357,0.20098767,-0.6389030489442213,0.19,339.8999,237,243,"7/23/24, 12:00 AM",DUMKA,100,2024-12-31,5.75,3.5241098,411,417,352,341,5.9048734,2024-01-01,30.305542857142864,Karmatanr,"{""geodesic"":false,""type"":""Point"",""coordinates"":[87.54113884779682,24.37376402519395]}"
1548_0,0.78,0.10747647,1.64,0.58,26.099999999999994,0.12857647,145.34,12.36,232,0.26381764,0.26,8.72,0.15374412,13.87,0.30114853,0.24171911,-1.1236846645493077,0.26,227.63385,195,212,"7/15/24, 12:00 AM",DUMKA,258,2024-12-31,4.88,3.6687794,435,422,370,366,2.7506309,2024-01-01,30.310666666666677,Bara Dumria,"{""geodesic"":false,""type"":""Point"",""coordinates"":[86.97600870255722,24.210719801126256]}"
1549_0,0.78,0.109202705,2.87,0.46,74.09,0.11592568,118.47,20.3432436,267,0.21589054,0.98,11.54,0.12553918,22.78,0.25054324,0.19916487,-1.4224917136292234,2.34,180.0,192,199,"7/23/24, 12:00 AM",DUMKA,154,2024-12-31,4.88,3.405328,374,371,434,430,1.8543341,2024-01-01,30.19211428571429,Golpur,"{""geodesic"":false,""type"":""Point"",""coordinates"":[87.30829552615305,24.260576299394888]}"
1550_0,0.32,0.098966666,4.92,0.45,90.24,0.11610556,112.14,25.3,239,0.25070417,0.69,17.47,0.11681944,21.47,0.23788194,0.15954722,4.212390238415376,0.19,180.0,179,187,"7/23/24, 12:00 AM",DUMKA,135,2024-12-31,5.5,3.5489466,366,364,455,449,0.92740995,2024-01-01,30.168444444444447,Golpur,"{""geodesic"":false,""type"":""Point"",""coordinates"":[87.3193448041477,24.243328645939794]}"
1551_0,0.45,0.10747647,5.23,0.27,42.2218,0.12857647,113.29,31.4,265,0.26381764,0.56,6.34,0.15374412,8.46,0.30114853,0.24171911,-1.1236846645493077,2.22,227.63385,195,212,"7/18/24, 12:00 AM",DUMKA,258,2024-12-31,5.63,3.6687794,435,422,370,366,2.7506309,2024-01-01,30.310666666666677,Dhawadangal,"{""geodesic"":false,""type"":""Point"",""coordinates"":[86.97600870255722,24.210719801126256]}"
1552_0,0.82,0.10747647,5.89,0.88,38.26,0.12857647,101.26,13.2,354,0.26381764,0.59,12.39,0.15374412,12.49,0.30114853,0.24171911,-1.1236846645493077,0.56,227.63385,195,212,"7/18/24, 12:00 AM",DUMKA,258,2024-12-31,5.619999999999999,3.6687794,435,422,370,366,2.7506309,2024-01-01,30.310666666666677,Dhawadangal,"{""geodesic"":false,""type"":""Point"",""coordinates"":[86.97600870255722,24.210719801126256]}"
1553_0,0.75,0.10747647,4.01,0.92,29.67,0.12857647,150.06,32.8,388,0.26381764,0.57,16.68,0.15374412,8.67,0.30114853,0.24171911,-1.1236846645493077,2.17,227.63385,195,212,"7/18/24, 12:00 AM",DUMKA,258,2024-12-31,5.47,3.6687794,435,422,370,366,2.7506309,2024-01-01,30.310666666666677,Dhawadangal,"{""geodesic"":false,""type"":""Point"",""coordinates"":[86.97600870255722,24.210719801126256]}"
1554_0,0.57,0.09790149,2.45,0.63,38.34,0.13248657,115.31,22.32,376,0.29977763,0.48,15.079999999999998,0.15467015,8.46,0.35184777,0.26205075,-2.446804748202251,1.87,280.3377,202,224,"7/18/24, 12:00 AM",DUMKA,249,2024-12-31,5.71,3.6687794,420,403,378,372,5.154584,2024-01-01,30.310666666666677,Dhawadangal,"{""geodesic"":false,""type"":""Point"",""coordinates"":[86.97466122963105,24.209372328200075]}"
1555_0,0.65,0.08483731,6.11,0.51,58.620000000000005,0.1088403,107.89,26.3,368,0.25433433,0.43,17.41,0.10807463,8.46,0.25043285,0.1798806,-0.8373849908277088,0.14,259.66238,202,224,"7/18/24, 12:00 AM",DUMKA,250,2024-12-31,5.77,3.6687794,420,403,378,372,5.1546164,2024-01-01,30.310666666666677,Dhawadangal,"{""geodesic"":false,""type"":""Point"",""coordinates"":[86.97520021880152,24.210180811955784]}"
1556_0,0.45,0.09168657,3.39,0.43,9.879999999999995,0.113043286,139.14,16.96202,239,0.20962687,0.61,9.94,0.1228403,8.46,0.23788656,0.18482538,-2.0821963763954714,0.36,277.42337,195,212,"7/22/24, 12:00 AM",DUMKA,254,2024-12-31,5.46,3.6687794,435,422,370,366,7.1414905,2024-01-01,30.310666666666677,Dhawadangal,"{""geodesic"":false,""type"":""Point"",""coordinates"":[86.97546971338676,24.210180811955784]}"
1557_0,0.72,0.09168657,4.33,0.39,87.91999999999999,0.113043286,101.22,13.66,248,0.20962687,0.47,10.38,0.1228403,13.87,0.23788656,0.18482538,-2.0821963763954714,2.91,277.42337,195,212,"7/22/24, 12:00 AM",DUMKA,254,2024-12-31,4.98,3.6687794,435,422,370,366,7.1414905,2024-01-01,30.310666666666677,Dhawadangal,"{""geodesic"":false,""type"":""Point"",""coordinates"":[86.97546971338676,24.210180811955784]}"
1558_0,0.35,0.09168657,2.3489,0.59,38.45,0.113043286,122.3433,13.36,254,0.20962687,0.47,8.21,0.1228403,12.3446,0.23788656,0.18482538,-2.0821963763954714,0.45,277.42337,195,212,"7/22/24, 12:00 AM",DUMKA,254,2024-12-31,4.949999999999999,3.6687794,435,422,370,366,7.1414905,2024-01-01,30.310666666666677,Dhawadangal,"{""geodesic"":false,""type"":""Point"",""coordinates"":[86.97546971338676,24.210180811955784]}"
1559_0,0.35,0.08483731,5.12,0.89,64.26,0.1088403,119.57,19.08,258,0.25433433,0.49,9.39,0.10807463,21.47,0.25043285,0.1798806,-0.8373849908277088,0.14,259.66238,202,224,"7/22/24, 12:00 AM",DUMKA,250,2024-12-31,5.31,3.6687794,420,403,378,372,5.1546164,2024-01-01,30.310666666666677,Dhawadangal,"{""geodesic"":false,""type"":""Point"",""coordinates"":[86.97520021880152,24.210180811955784]}"
1560_0,0.75,0.08483731,5.23,0.31,42.2218,0.1088403,113.29,31.4,265,0.25433433,0.63,6.34,0.10807463,9.47,0.25043285,0.1798806,-0.8373849908277088,0.34,259.66238,202,224,"7/22/24, 12:00 AM",DUMKA,250,2024-12-31,4.949999999999999,3.6687794,420,403,378,372,5.1546164,2024-01-01,30.310666666666677,Dhawadangal,"{""geodesic"":false,""type"":""Point"",""coordinates"":[86.97520021880152,24.210180811955784]}"
1561_0,0.75,0.10747647,2.78,0.48,63.27,0.12857647,106.77,19.63482,358,0.26381764,0.39,13.37,0.15374412,18.65,0.30114853,0.24171911,-1.1236846645493077,0.19,227.63385,195,212,"7/22/24, 12:00 AM",DUMKA,258,2024-12-31,4.69,3.6687794,435,422,370,366,2.7506309,2024-01-01,30.310666666666677,Dhawadangal,"{""geodesic"":false,""type"":""Point"",""coordinates"":[86.97600870255722,24.210719801126256]}"
1562_0,0.65,0.10747647,5.09,0.44,50.56,0.12857647,165.01,16.9674,368,0.26381764,0.71,17.23,0.15374412,16.67,0.30114853,0.24171911,-1.1236846645493077,0.39,227.63385,195,212,"7/22/24, 12:00 AM",DUMKA,258,2024-12-31,5.83,3.6687794,435,422,370,366,2.7506309,2024-01-01,30.310666666666677,Dhawadangal,"{""geodesic"":false,""type"":""Point"",""coordinates"":[86.97600870255722,24.210719801126256]}"
1563_0,0.78,0.10214776,5.09,0.59,50.56,0.122791044,165.01,16.9674,368,0.2873,0.42,17.23,0.14262238,18.65,0.34936118,0.25121492,2.1630883877360154,0.13,216.16447,203,225,"7/22/24, 12:00 AM",DUMKA,246,2024-12-31,5.81,3.6687794,413,396,385,379,3.44238,2024-01-01,30.280722222222224,Dhawadangal,"{""geodesic"":false,""type"":""Point"",""coordinates"":[86.980320615921,24.206946876932953]}"
1564_0,0.65,0.1073403,2.45,0.42,38.34,0.13180597,115.31,22.32,376,0.2864955,0.56,15.079999999999998,0.1625373,13.46,0.33839852,0.24619702,-0.43049717290295036,0.99,227.63304,203,226,"7/22/24, 12:00 AM",DUMKA,247,2024-12-31,5.04,3.6687794,420,402,377,372,1.3760871,2024-01-01,30.280722222222224,Dhawadangal,"{""geodesic"":false,""type"":""Point"",""coordinates"":[86.98059011050624,24.20721637151819]}"
1565_0,0.62,0.09878657,5.34,0.37,35.379999999999995,0.12177164,140.56,20.3432354,280,0.288003,0.58,8.58,0.14942388,15.45,0.344897,0.24795075,-0.4304876712620057,0.34,227.63298,203,225,"7/22/24, 12:00 AM",DUMKA,247,2024-12-31,5.529999999999999,3.6687794,413,396,385,379,1.3760854,2024-01-01,30.280722222222224,Dhawadangal,"{""geodesic"":false,""type"":""Point"",""coordinates"":[86.98059011050624,24.206946876932953]}"
1566_0,0.46,0.1073403,6.59,0.37,47.85,0.13180597,128.12,15.66,274,0.2864955,0.68,10.59,0.1625373,14.65,0.33839852,0.24619702,-0.43049717290295036,0.99,227.63304,203,226,"7/22/24, 12:00 AM",DUMKA,247,2024-12-31,5.46,3.6687794,420,402,377,372,1.3760871,2024-01-01,30.280722222222224,Dhawadangal,"{""geodesic"":false,""type"":""Point"",""coordinates"":[86.98059011050624,24.20721637151819]}"
1567_0,0.39,0.1073403,2.3488,0.49,45.620000000000005,0.13180597,101.26,7.24,248,0.2864955,0.62,13.079999999999998,0.1625373,13.87,0.33839852,0.24619702,-0.43049717290295036,0.54,227.63304,203,226,"7/22/24, 12:00 AM",DUMKA,247,2024-12-31,4.93,3.6687794,420,402,377,372,1.3760871,2024-01-01,30.280722222222224,Dhawadangal,"{""geodesic"":false,""type"":""Point"",""coordinates"":[86.98059011050624,24.20721637151819]}"
1568_0,0.75,0.10747647,1.64,0.58,26.099999999999994,0.12857647,145.34,12.36,232,0.26381764,0.26,8.72,0.15374412,8.67,0.30114853,0.24171911,-1.1236846645493077,0.39,227.63385,195,212,"7/22/24, 12:00 AM",DUMKA,258,2024-12-31,4.88,3.6687794,435,422,370,366,2.7506309,2024-01-01,30.310666666666677,Dhawadangal,"{""geodesic"":false,""type"":""Point"",""coordinates"":[86.97600870255722,24.210719801126256]}"
1569_0,0.45,0.088783585,2.56,0.55,35.3327,0.1082612,129.12,7.42,246,0.2873552,0.48,9.62,0.10907164,14.65,0.2993806,0.2057806,-1.6085926752070105,1.13,245.4854,203,226,"7/22/24, 12:00 AM",DUMKA,248,2024-12-31,5.69,3.6687794,420,402,377,372,4.4616013,2024-01-01,30.280722222222224,Dhawadangal,"{""geodesic"":false,""type"":""Point"",""coordinates"":[86.98085960509147,24.20721637151819]}"
1570_0,0.82,0.07174478,3.65,0.89,64.89,0.09552538,128.12,25.612,385,0.23294328,0.51,19.15,0.1078612,14.48,0.24536417,0.18330747,-1.8902999750588543,2.22,159.92293,193,208,"7/16/24, 12:00 AM",DUMKA,262,2024-12-31,5.02,3.6687794,437,424,370,369,2.959863,2024-01-01,30.310666666666677,Dhawadangal,"{""geodesic"":false,""type"":""Point"",""coordinates"":[86.98059011050624,24.215840198245736]}"
1571_0,0.65,0.07097761,5.09,0.97,50.56,0.100807466,165.01,16.9674,368,0.2519791,0.79,17.23,0.11512388,9.47,0.26280597,0.18922389,-2.2222825993789224,0.56,47.633728,198,212,"7/16/24, 12:00 AM",DUMKA,250,2024-12-31,5.08,3.6687794,433,421,369,368,4.121983,2024-01-01,30.296,Dhawadangal,"{""geodesic"":false,""type"":""Point"",""coordinates"":[86.98544101304049,24.210180811955784]}"
1572_0,0.85,0.1020612,2.68,0.96,38.620000000000005,0.13448657,100.11,9.26,361,0.28728807,0.67,18.51,0.15735821,18.67,0.3213642,0.24233134,-0.45488957317564954,1.69,151.26762,196,214,"7/16/24, 12:00 AM",DUMKA,248,2024-12-31,5.13,3.6687794,434,420,370,367,2.1144867,2024-01-01,30.310666666666677,Dhawadangal,"{""geodesic"":false,""type"":""Point"",""coordinates"":[86.97924263758006,24.21045030654102]}"
1573_0,0.65,0.10747647,5.09,0.59,50.56,0.12857647,165.01,16.9674,368,0.26381764,0.42,17.23,0.15374412,16.67,0.30114853,0.24171911,-1.1236846645493077,0.13,227.63385,195,212,"7/16/24, 12:00 AM",DUMKA,258,2024-12-31,5.81,3.6687794,435,422,370,366,2.7506309,2024-01-01,30.310666666666677,Dhawadangal,"{""geodesic"":false,""type"":""Point"",""coordinates"":[86.97600870255722,24.210719801126256]}"
1574_0,0.45,0.10747647,2.68,0.61,38.620000000000005,0.12857647,100.11,9.26,361,0.26381764,0.61,18.51,0.15374412,15.49,0.30114853,0.24171911,-1.1236846645493077,0.34,227.63385,195,212,"7/16/24, 12:00 AM",DUMKA,258,2024-12-31,5.59,3.6687794,435,422,370,366,2.7506309,2024-01-01,30.310666666666677,Dhawadangal,"{""geodesic"":false,""type"":""Point"",""coordinates"":[86.97600870255722,24.210719801126256]}"
1575_0,0.69,0.097020864,5.23,0.31,42.22,0.12933813,113.29,31.4,265,0.2918144,0.63,6.34,0.14706546,9.34,0.3179813,0.23874821,-0.30423148883164863,0.45,331.1977,248,261,"5/29/24, 12:00 AM",DUMKA,206,2024-12-31,4.95,3.184141,392,384,360,354,4.22605,2024-01-01,30.275085714285705,Saraiya,"{""geodesic"":false,""type"":""Point"",""coordinates"":[87.01616339575737,24.57615445870608]}"
1576_0,0.25,0.097020864,0.7,0.78,82.11,0.12933813,46.87,6.26,186,0.2918144,0.59,14.58,0.14706546,1,0.3179813,0.23874821,-0.30423148883164863,1.26,331.1977,248,261,"4/25/24, 12:00 AM",DUMKA,206,2024-12-31,5.96,3.184141,392,384,360,354,4.22605,2024-01-01,30.275085714285705,Saraiya,"{""geodesic"":false,""type"":""Point"",""coordinates"":[87.01616339575737,24.57615445870608]}"
1577_0,0.69,0.097020864,4.12,0.5,82.16,0.12933813,126.3,19.27,389,0.2918144,0.76,14.51,0.14706546,16.67,0.3179813,0.23874821,-0.30423148883164863,0.45,331.1977,248,261,"5/29/24, 12:00 AM",DUMKA,206,2024-12-31,5.37,3.184141,392,384,360,354,4.22605,2024-01-01,30.275085714285705,Saraiya,"{""geodesic"":false,""type"":""Point"",""coordinates"":[87.01616339575737,24.57615445870608]}"
1578_0,0.49,0.075354055,3.39,0.58,9.88,0.10205946,139.14,16.96,239,0.2298027,0.69,9.94,0.120164864,12.49,0.28590542,0.20901081,-1.9688192788247307,0.45,106.86824,245,255,"5/22/24, 12:00 AM",DUMKA,225,2024-12-31,5.73,3.4973216,386,383,369,362,3.193042,2024-01-01,30.252742857142852,Dondiya,"{""geodesic"":false,""type"":""Point"",""coordinates"":[86.95417964115312,24.542467635551596]}"
1579_0,0.23,0.075354055,3.85,0.42,43.42,0.10205946,76.34,22.32,243,0.2298027,0.59,4.36,0.120164864,13.46,0.28590542,0.20901081,-1.9688192788247307,0.41,106.86824,245,255,"5/22/24, 12:00 AM",DUMKA,225,2024-12-31,5.39,3.4973216,386,383,369,362,3.193042,2024-01-01,30.252742857142852,Dondiya,"{""geodesic"":false,""type"":""Point"",""coordinates"":[86.95417964115312,24.542467635551596]}"
1580_0,0.19,0.075354055,1.64,0.58,26.1,0.10205946,145.34,12.36,232,0.2298027,0.26,8.72,0.120164864,12.49,0.28590542,0.20901081,-1.9688192788247307,0.78,106.86824,245,255,"5/22/24, 12:00 AM",DUMKA,225,2024-12-31,4.88,3.4973216,386,383,369,362,3.193042,2024-01-01,30.252742857142852,Dondiya,"{""geodesic"":false,""type"":""Point"",""coordinates"":[86.95417964115312,24.542467635551596]}"
1581_0,0.99,0.096605554,5.09,0.93,50.56,0.13935833,165.01,16.97,368,0.31160834,0.69,17.23,0.17676389,16.67,0.37885833,0.2951,-0.826401716165416,0.56,90.0,230,244,"5/29/24, 12:00 AM",DUMKA,229,2024-12-31,4.72,3.2510781,390,384,380,372,1.0195895,2024-01-01,30.25885714285715,Purana Dholgaria,"{""geodesic"":false,""type"":""Point"",""coordinates"":[86.94313036315846,24.55324741896103]}"
1582_0,1.18,0.072233334,2.78,0.48,63.27,0.10138889,106.77,19.63,358,0.23946944,0.69,13.37,0.12149444,12.49,0.28031388,0.213875,-1.4247709119948841,0.52,180.0,230,244,"5/29/24, 12:00 AM",DUMKA,232,2024-12-31,4.39,3.2510781,390,384,380,372,1.8543341,2024-01-01,30.25885714285715,Baija,"{""geodesic"":false,""type"":""Point"",""coordinates"":[86.94420834149939,24.552977924375792]}"
1583_0,0.46,0.07626667,5.35,0.41,93.26,0.10467222,145.34,10.15,384,0.24995278,0.59,16.96,0.124025,8.97,0.27650556,0.208675,-2.4037488713738124,0.48,124.30113,230,244,"5/29/24, 12:00 AM",DUMKA,230,2024-12-31,5.09,3.2510781,390,384,380,372,4.925301,2024-01-01,30.25885714285715,Baija,"{""geodesic"":false,""type"":""Point"",""coordinates"":[86.94447783608463,24.552977924375792]}"
1584_0,0.34,0.07270278,3.12,0.61,10.15,0.10313056,129.12,29.24,278,0.25385833,0.69,6.94,0.12067778,18.67,0.28122222,0.20947222,-1.9250140186587672,0.41,90.0,230,244,"5/29/24, 12:00 AM",DUMKA,231,2024-12-31,5.38,3.2510781,390,384,380,372,3.0561898,2024-01-01,30.25885714285715,Baija,"{""geodesic"":false,""type"":""Point"",""coordinates"":[86.94447783608463,24.55324741896103]}"
1585_0,1.08,0.07270278,2.12,0.53,45.23,0.10313056,119.57,20.34,263,0.25385833,0.52,18.76,0.12067778,13.46,0.28122222,0.20947222,-1.9250140186587672,0.81,90.0,230,244,"5/29/24, 12:00 AM",DUMKA,231,2024-12-31,5.63,3.2510781,390,384,380,372,3.0561898,2024-01-01,30.25885714285715,Baija,"{""geodesic"":false,""type"":""Point"",""coordinates"":[86.94447783608463,24.55324741896103]}"
1586_0,0.51,0.068397224,1.1,1.11,57.18,0.09807222,125.53,10.44,175,0.26053333,0.52,19.65,0.11841389,10,0.28353056,0.21104445,0.5404720396291602,1.08,124.29752,239,258,"4/24/24, 12:00 AM",DUMKA,209,2024-12-31,5.62,3.3526697,397,386,363,356,4.925753,2024-01-01,30.24216666666667,Baija,"{""geodesic"":false,""type"":""Point"",""coordinates"":[86.95983902744308,24.569956083245653]}"
1587_0,0.35,0.08910811,1.1,0.66,104.2,0.113643244,50.11,0.61,165,0.26526216,0.63,19.64,0.1215,15,0.2711135,0.19333243,1.0080195271693222,0.46,28.801027,242,261,"4/24/24, 12:00 AM",DUMKA,209,2024-12-31,5.16,3.3526697,402,391,356,348,2.1158767,2024-01-01,30.24216666666667,Baija,"{""geodesic"":false,""type"":""Point"",""coordinates"":[86.95983902744308,24.56941709407518]}"
1588_0,0.36,0.09025946,1.2,0.34,49.84,0.11174324,69.57,1.59,195,0.27447838,0.51,15.62,0.113627024,12,0.27227297,0.18636486,0.5957386656791208,1.25,73.13515,242,261,"4/24/24, 12:00 AM",DUMKA,210,2024-12-31,5.28,3.3526697,402,391,356,348,3.1936626,2024-01-01,30.24216666666667,Baija,"{""geodesic"":false,""type"":""Point"",""coordinates"":[86.95983902744308,24.569147599489945]}"
1589_0,0.65,0.09025946,2.2,0.29,63.41,0.11174324,78.12,1.91,189,0.27447838,0.43,17.29,0.113627024,8,0.27227297,0.18636486,0.5957386656791208,1.63,73.13515,242,261,"4/24/24, 12:00 AM",DUMKA,210,2024-12-31,5.63,3.3526697,402,391,356,348,3.1936626,2024-01-01,30.24216666666667,Baija,"{""geodesic"":false,""type"":""Point"",""coordinates"":[86.95983902744308,24.569147599489945]}"
1590_0,0.26,0.082105406,1.5,0.72,80.07,0.113845274,72.12,5.36,184,0.25789258,0.39,12.3,0.12522094,11,0.27365404,0.20424594,4.538354794493909,0.87,132.28539,242,254,"4/21/24, 12:00 AM",DUMKA,193,2024-12-31,6.44,3.184141,373,366,385,380,1.3782388,2024-01-01,30.290222222222226,Baija,"{""geodesic"":false,""type"":""Point"",""coordinates"":[87.0261346954111,24.568608610319473]}"
1591_0,0.54,0.06118108,3.48,0.48,93.26,0.08812973,99.68,8.05,225,0.24451081,0.57,8.26,0.09585405,15.47,0.26112163,0.18533513,2.5265350728734144,0.57,-0.0,238,252,"5/29/24, 12:00 AM",DUMKA,224,2024-12-31,5.61,3.330229,380,377,382,371,1.8543341,2024-01-01,30.26165714285714,Barhait,"{""geodesic"":false,""type"":""Point"",""coordinates"":[86.94690328735176,24.545701570574426]}"
1592_0,0.46,0.06118108,5.12,0.89,64.26,0.08812973,119.57,19.08,258,0.24451081,0.49,9.39,0.09585405,12.49,0.26112163,0.18533513,2.5265350728734144,0.48,-0.0,238,252,"5/29/24, 12:00 AM",DUMKA,224,2024-12-31,5.31,3.330229,380,377,382,371,1.8543341,2024-01-01,30.26165714285714,Barhait,"{""geodesic"":false,""type"":""Point"",""coordinates"":[86.94690328735176,24.545701570574426]}"
1593_0,0.45,0.05927297,3.45,0.62,34.11,0.084886484,128.12,18.36,269,0.25348377,0.39,13.36,0.091513515,17.48,0.2444,0.17150271,1.5740446404212172,0.39,39.50598,239,248,"5/29/24, 12:00 AM",DUMKA,225,2024-12-31,5.8,3.330229,384,381,377,370,4.7971635,2024-01-01,30.26165714285714,Barhait,"{""geodesic"":false,""type"":""Point"",""coordinates"":[86.94663379276652,24.545701570574426]}"
1594_0,0.47,0.07523889,4.88,0.95,36.95,0.10546111,114.51,14.5,371,0.2592361,0.59,10.32,0.11980833,8.89,0.29103333,0.21755555,3.9098303318261705,0.39,90.0,231,245,"5/29/24, 12:00 AM",DUMKA,225,2024-12-31,5.52,3.2510781,390,383,379,372,1.0195918,2024-01-01,30.25885714285715,Barhait,"{""geodesic"":false,""type"":""Point"",""coordinates"":[86.94528631984033,24.553516913546265]}"
1595_0,0.23,0.07197222,2.68,0.96,38.62,0.10141111,100.11,9.26,361,0.258825,0.67,18.51,0.112955555,18.65,0.2818778,0.20505278,-0.7316255849040365,0.35,180.0,231,245,"5/29/24, 12:00 AM",DUMKA,225,2024-12-31,5.13,3.2510781,390,383,379,372,1.8543341,2024-01-01,30.249371428571436,Barhait,"{""geodesic"":false,""type"":""Point"",""coordinates"":[86.94555581442557,24.553516913546265]}"
1596_0,0.36,0.07197222,5.35,0.87,83.26,0.10141111,145.34,10.15,384,0.258825,0.89,16.96,0.112955555,16.67,0.2818778,0.20505278,-0.7316255849040365,0.42,180.0,231,245,"5/29/24, 12:00 AM",DUMKA,225,2024-12-31,5.39,3.2510781,390,383,379,372,1.8543341,2024-01-01,30.249371428571436,Barhait,"{""geodesic"":false,""type"":""Point"",""coordinates"":[86.94555581442557,24.553516913546265]}"
1597_0,0.23,0.083001316,4.03,0.58,90.91,0.11057632,140.56,22.66,243,0.28243026,0.26,8.32,0.11793224,9.47,0.26932895,0.1925296,3.506716956765672,0.81,132.2857,246,258,"5/28/24, 12:00 AM",DUMKA,198,2024-12-31,4.88,3.184141,381,376,372,366,1.3782305,2024-01-01,30.290222222222226,Chilra,"{""geodesic"":false,""type"":""Point"",""coordinates"":[87.02155328746208,24.567261137393295]}"
1598_0,0.39,0.080518246,5.12,0.48,64.26,0.110289186,119.47,19.08,258,0.2788196,0.57,9.39,0.118369594,16.67,0.27171013,0.19334324,2.8883684648242105,0.48,132.28552,249,260,"5/28/24, 12:00 AM",DUMKA,193,2024-12-31,5.61,3.184141,379,372,373,368,2.7548778,2024-01-01,30.290222222222226,Chilra,"{""geodesic"":false,""type"":""Point"",""coordinates"":[87.02478722248492,24.568069621149]}"
1599_0,1.32,0.080518246,1.77,0.54,15.2,0.110289186,231.2,16.5,132.5,0.2788196,0.15,25.62,0.118369594,15.2,0.27171013,0.19334324,2.8883684648242105,1.22,132.28552,249,260,"6/2/24, 12:00 AM",DUMKA,193,2024-12-31,5.62,3.184141,379,372,373,368,2.7548778,2024-01-01,30.290222222222226,Chilra,"{""geodesic"":false,""type"":""Point"",""coordinates"":[87.02478722248492,24.568069621149]}"
1600_0,0.67,0.08016554,4.5,0.52,77.12,0.109237835,75.12,0.29,193,0.2728804,0.34,14.62,0.1174777,8,0.26346418,0.18833108,2.482902168023561,0.59,132.28546,249,260,"4/23/24, 12:00 AM",DUMKA,195,2024-12-31,5.21,3.184141,379,372,373,368,4.12835,2024-01-01,30.290222222222226,Chilra,"{""geodesic"":false,""type"":""Point"",""coordinates"":[87.02478722248492,24.568339115734236]}"
1601_0,0.47,0.082973756,1.73,0.53,83.27,0.11487589,145.34,7.25,201,0.28743193,0.52,20.52,0.12416525,12.49,0.27201205,0.1993078,-2.3648456076667026,0.46,192.40308,247,262,"5/28/24, 12:00 AM",DUMKA,205,2024-12-31,5.63,3.184141,384,376,369,362,4.73745,2024-01-01,30.283111111111104,Hararwa,"{""geodesic"":false,""type"":""Point"",""coordinates"":[87.01858884702449,24.574806985779897]}"
1602_0,0.26,0.082973756,2.78,0.93,63.27,0.11487589,106.77,19.63,358,0.28743193,0.69,13.37,0.12416525,13.46,0.27201205,0.1993078,-2.3648456076667026,0.46,192.40308,247,262,"5/28/24, 12:00 AM",DUMKA,205,2024-12-31,4.72,3.184141,384,376,369,362,4.73745,2024-01-01,30.283111111111104,Hararwa,"{""geodesic"":false,""type"":""Point"",""coordinates"":[87.01858884702449,24.574806985779897]}"
1603_0,0.49,0.082973756,2.15,0.59,35.81,0.11487589,98.63,17.12,281,0.28743193,0.71,9.28,0.12416525,15.49,0.27201205,0.1993078,-2.3648456076667026,0.45,192.40308,247,262,"5/28/24, 12:00 AM",DUMKA,205,2024-12-31,5.58,3.184141,384,376,369,362,4.73745,2024-01-01,30.283111111111104,Hararwa,"{""geodesic"":false,""type"":""Point"",""coordinates"":[87.01858884702449,24.574806985779897]}"
1604_0,1.13,0.05927297,2.15,0.22,35.81,0.084886484,100.11,17.12,325,0.25348377,0.41,9.58,0.091513515,8.89,0.2444,0.17150271,1.5740446404212172,0.45,39.50598,239,248,"5/29/24, 12:00 AM",DUMKA,225,2024-12-31,5.46,3.330229,384,381,377,370,4.7971635,2024-01-01,30.26165714285714,Dumarthar,"{""geodesic"":false,""type"":""Point"",""coordinates"":[86.94663379276652,24.545701570574426]}"
1605_0,0.23,0.08697432,5.35,0.49,93.26,0.11535676,145.34,10.15,384,0.26967636,0.63,16.96,0.12232365,15.47,0.27376553,0.20282905,-2.0817952964160447,0.46,301.22867,242,254,"5/29/24, 12:00 AM",DUMKA,195,2024-12-31,5.45,3.184141,373,366,385,380,3.5732653,2024-01-01,30.290222222222226,Kordaha,"{""geodesic"":false,""type"":""Point"",""coordinates"":[87.02586520082586,24.56941709407518]}"
1606_0,0.34,0.08697432,5.34,0.58,35.38,0.11535676,140.56,20.54,280,0.26967636,0.73,8.58,0.12232365,12.49,0.27376553,0.20282905,-2.0817952964160447,0.69,301.22867,242,254,"5/29/24, 12:00 AM",DUMKA,195,2024-12-31,5.48,3.184141,373,366,385,380,3.5732653,2024-01-01,30.290222222222226,Kordaha,"{""geodesic"":false,""type"":""Point"",""coordinates"":[87.02586520082586,24.56941709407518]}"
1607_0,0.36,0.08697432,2.15,0.46,35.81,0.11535676,98.63,17.12,281,0.26967636,0.75,9.28,0.12232365,8.89,0.27376553,0.20282905,-2.0817952964160447,0.52,301.22867,242,254,"5/29/24, 12:00 AM",DUMKA,195,2024-12-31,5.46,3.184141,373,366,385,380,3.5732653,2024-01-01,30.290222222222226,Kordaha,"{""geodesic"":false,""type"":""Point"",""coordinates"":[87.02586520082586,24.56941709407518]}"
1608_0,0.47,0.08697432,1.1,0.96,55.27,0.11535676,59.57,10.7,169,0.26967636,0.76,18.94,0.12232365,14,0.27376553,0.20282905,-2.0817952964160447,2.36,301.22867,242,254,"4/25/24, 12:00 AM",DUMKA,195,2024-12-31,5.63,3.184141,373,366,385,380,3.5732653,2024-01-01,30.290222222222226,Kordaha,"{""geodesic"":false,""type"":""Point"",""coordinates"":[87.02586520082586,24.56941709407518]}"
1609_0,0.39,0.072625004,3.65,0.59,64.89,0.101394445,128.12,25.61,385,0.264475,0.42,19.15,0.11190556,14.48,0.285475,0.20965834,-1.4611865055882296,0.46,195.36848,231,245,"5/29/24, 12:00 AM",DUMKA,225,2024-12-31,5.33,3.2510781,390,383,379,372,3.8417792,2024-01-01,30.249371428571436,Dighi,"{""geodesic"":false,""type"":""Point"",""coordinates"":[86.94582530901081,24.553516913546265]}"
1610_0,0.99,0.06723333,2.45,0.92,38.34,0.09511389,141.31,22.32,376,0.25650278,0.57,15.08,0.10281666,16.46,0.247425,0.17492223,0.8088019042279817,0.45,-0.0,232,247,"5/29/24, 12:00 AM",DUMKA,224,2024-12-31,5.47,3.2510781,386,379,382,374,2.7802885,2024-01-01,30.249371428571436,Barhhet,"{""geodesic"":false,""type"":""Point"",""coordinates"":[86.94852025486317,24.555942364813387]}"
1611_0,0.45,0.06139722,4.91,0.49,60.37,0.08964722,114.51,8.87,239,0.24296944,0.63,18.21,0.10555278,18.65,0.27491668,0.19579166,-1.1280404757762497,0.43,227.71506,234,251,"5/29/24, 12:00 AM",DUMKA,211,2024-12-31,5.45,3.3526697,395,384,371,365,1.3782505,2024-01-01,30.24216666666667,Cheharbhenk,"{""geodesic"":false,""type"":""Point"",""coordinates"":[86.95983902744308,24.570495072416126]}"
1612_0,0.23,0.06542778,3.85,0.49,43.42,0.09585278,96.81,22.32,208,0.24711667,0.62,14.6,0.114469446,21.47,0.276025,0.19699444,0.8626348252384433,0.57,121.228485,234,251,"5/29/24, 12:00 AM",DUMKA,211,2024-12-31,4.93,3.3526697,395,384,371,365,3.5732825,2024-01-01,30.24216666666667,Cheharbhenk,"{""geodesic"":false,""type"":""Point"",""coordinates"":[86.95983902744308,24.57022557783089]}"
1615_0,0.26,0.08510743,4.12,0.31,82.16,0.1127777,126.33,19.27,389,0.2699243,0.52,14.51,0.11935338,13.46,0.27878514,0.20205203,-1.1280208006214292,0.72,312.2852,242,254,"5/29/24, 12:00 AM",DUMKA,197,2024-12-31,5.73,3.184141,373,366,385,380,1.3782438,2024-01-01,30.290222222222226,Kordiha,"{""geodesic"":false,""type"":""Point"",""coordinates"":[87.0261346954111,24.56941709407518]}"
1616_0,1.08,0.08510743,3.85,0.42,43.42,0.1127777,76.34,22.32,234,0.2699243,0.59,4.36,0.11935338,9,0.27878514,0.20205203,-1.1280208006214292,0.37,312.2852,242,254,"5/29/24, 12:00 AM",DUMKA,197,2024-12-31,5.39,3.184141,373,366,385,380,1.3782438,2024-01-01,30.290222222222226,Kordiha,"{""geodesic"":false,""type"":""Point"",""coordinates"":[87.0261346954111,24.56941709407518]}"
1617_0,0.56,0.08510743,4.03,0.43,90.91,0.1127777,140.56,22.66,243,0.2699243,0.38,8.32,0.11935338,8.46,0.27878514,0.20205203,-1.1280208006214292,0.58,312.2852,242,254,"5/29/24, 12:00 AM",DUMKA,197,2024-12-31,5.73,3.184141,373,366,385,380,1.3782438,2024-01-01,30.290222222222226,Kordiha,"{""geodesic"":false,""type"":""Point"",""coordinates"":[87.0261346954111,24.56941709407518]}"
1618_0,0.45,0.082973756,1.8,0.72,59.63,0.11487589,75.12,9.63,182,0.28743193,0.52,19.03,0.12416525,10,0.27201205,0.1993078,-2.3648456076667026,2.15,192.40308,247,262,"4/21/24, 12:00 AM",DUMKA,205,2024-12-31,5.96,3.184141,384,376,369,362,4.73745,2024-01-01,30.283111111111104,Pindra,"{""geodesic"":false,""type"":""Point"",""coordinates"":[87.01858884702449,24.574806985779897]}"
1619_0,0.34,0.05927297,2.68,0.96,38.62,0.084886484,100.11,9.26,361,0.25348377,0.67,18.51,0.091513515,9.47,0.2444,0.17150271,1.5740446404212172,0.45,39.50598,239,248,"5/22/24, 12:00 AM",DUMKA,225,2024-12-31,5.13,3.330229,384,381,377,370,4.7971635,2024-01-01,30.26165714285714,Bhaturia,"{""geodesic"":false,""type"":""Point"",""coordinates"":[86.94663379276652,24.545701570574426]}"
1620_0,1.35,0.075354055,2.87,0.46,74.09,0.10205946,118.47,20.34,267,0.2298027,0.98,11.54,0.120164864,14.48,0.28590542,0.20901081,-1.9688192788247307,0.65,106.86824,245,255,"5/22/24, 12:00 AM",DUMKA,225,2024-12-31,4.88,3.4973216,386,383,369,362,3.193042,2024-01-01,30.252742857142852,Bhaturia,"{""geodesic"":false,""type"":""Point"",""coordinates"":[86.95417964115312,24.542467635551596]}"
1621_0,0.13,0.086542,5.65,0.93,51.57,0.11154867,96.87,15.48,212,0.292436,0.48,11.36,0.11441933,14.48,0.29347134,0.20031467,-2.724683286913013,0.76,342.55997,246,258,"5/29/24, 12:00 AM",DUMKA,194,2024-12-31,5.51,3.184141,382,376,372,366,6.7735333,2024-01-01,30.30483333333333,Bhaturia,"{""geodesic"":false,""type"":""Point"",""coordinates"":[87.02370924414397,24.565374675296642]}"
1622_0,0.81,0.075354055,3.12,0.63,10.15,0.10205946,129.12,29.24,278,0.2298027,0.67,6.94,0.120164864,16.46,0.28590542,0.20901081,-1.9688192788247307,0.62,106.86824,245,255,"5/22/24, 12:00 AM",DUMKA,225,2024-12-31,4.95,3.4973216,386,383,369,362,3.193042,2024-01-01,30.252742857142852,Jamunia,"{""geodesic"":false,""type"":""Point"",""coordinates"":[86.95417964115312,24.542467635551596]}"
1623_0,0.99,0.082973756,1.64,0.58,26.1,0.11487589,145.34,12.36,232,0.28743193,0.26,8.72,0.12416525,16.67,0.27201205,0.1993078,-2.3648456076667026,0.48,192.40308,247,262,"5/28/24, 12:00 AM",DUMKA,205,2024-12-31,4.88,3.184141,384,376,369,362,4.73745,2024-01-01,30.283111111111104,Pinrra,"{""geodesic"":false,""type"":""Point"",""coordinates"":[87.01858884702449,24.574806985779897]}"
1624_0,0.23,0.09044167,4.88,0.63,36.95,0.12573889,114.51,14.5,371,0.2715111,0.55,10.32,0.14824444,9.34,0.31865,0.24656944,0.23496104904496837,0.85,28.79808,230,244,"5/29/24, 12:00 AM",DUMKA,226,2024-12-31,5.75,3.2510781,390,384,380,372,2.1158168,2024-01-01,30.25885714285715,Dhawatanr,"{""geodesic"":false,""type"":""Point"",""coordinates"":[86.94393884691416,24.554055902716737]}"
1625_0,1.18,0.06610833,4.07,0.42,61.33,0.09280556,76.12,20.66,230,0.27346388,0.61,16.15,0.103022225,11.57,0.3146111,0.21752778,-2.51425520842843,0.78,312.2864,242,262,"5/29/24, 12:00 AM",DUMKA,211,2024-12-31,5.58,3.3526697,388,378,370,360,5.4969835,2024-01-01,30.22874285714286,Parasdah,"{""geodesic"":false,""type"":""Point"",""coordinates"":[86.98571050762573,24.5642966969557]}"
1626_0,0.51,0.08016554,1.6,0.58,58.16,0.109237835,28.34,2.25,172,0.2728804,0.75,17.59,0.1174777,10,0.26346418,0.18833108,2.482902168023561,2.92,132.28546,249,260,"4/21/24, 12:00 AM",DUMKA,195,2024-12-31,5.6,3.184141,379,372,373,368,4.12835,2024-01-01,30.290222222222226,Mardaura,"{""geodesic"":false,""type"":""Point"",""coordinates"":[87.02478722248492,24.568339115734236]}"
1627_0,0.45,0.07275833,4.4,0.25,61.09,0.101275,50.11,9.23,142,0.27446112,0.29,15.69,0.11115833,14,0.2655389,0.19591667,1.424633532696635,3.21,90.0,239,258,"4/21/24, 12:00 AM",DUMKA,208,2024-12-31,5.6,3.3526697,397,386,363,356,2.0388,2024-01-01,30.24216666666667,Dhanwe,"{""geodesic"":false,""type"":""Point"",""coordinates"":[86.95983902744308,24.569686588660417]}"
1628_0,0.54,0.080204055,5.9,0.43,54.66,0.10963446,90.56,7.29,257,0.27478176,0.75,19.03,0.11691622,14,0.27825,0.19959189,5.003179470037162,0.88,47.714607,242,254,"4/21/24, 12:00 AM",DUMKA,193,2024-12-31,6.53,3.184141,373,366,385,380,1.3782388,2024-01-01,30.290222222222226,Dhanwe,"{""geodesic"":false,""type"":""Point"",""coordinates"":[87.02640418999633,24.568608610319473]}"
1629_0,1.13,0.08349257,2.35,0.58,93.26,0.112196624,143.34,10.15,384,0.2695493,0.69,16.96,0.119416215,14.48,0.27704662,0.20102027,-1.4248927101556312,0.46,180.0,242,254,"5/29/24, 12:00 AM",DUMKA,196,2024-12-31,5.73,3.184141,373,366,385,380,1.8543341,2024-01-01,30.290222222222226,Dhanwe,"{""geodesic"":false,""type"":""Point"",""coordinates"":[87.0261346954111,24.569147599489945]}"
1633_0,0.78,0.06772973,6.11,0.87,58.62,0.09949459,107.89,26.3,368,0.25407296,0.61,17.41,0.116535135,11.57,0.2958865,0.21924324,-1.968983153801083,0.45,73.1331,232,246,"5/29/24, 12:00 AM",DUMKA,229,2024-12-31,5.51,3.2510781,390,382,378,372,3.1932876,2024-01-01,30.25885714285715,Matihara,"{""geodesic"":false,""type"":""Point"",""coordinates"":[86.94043541730609,24.552977924375792]}"
1634_0,0.36,0.06772973,5.09,0.44,50.5,0.09949459,165.01,16.97,368,0.25407296,0.71,17.23,0.116535135,7.47,0.2958865,0.21924324,-1.968983153801083,0.65,73.1331,232,246,"5/29/24, 12:00 AM",DUMKA,229,2024-12-31,5.83,3.2510781,390,382,378,372,3.1932876,2024-01-01,30.25885714285715,Matihara,"{""geodesic"":false,""type"":""Point"",""coordinates"":[86.94043541730609,24.552977924375792]}"
1635_0,0.99,0.066427775,5.89,0.45,38.26,0.0976,101.26,13.2,354,0.2629389,0.61,12.39,0.112569444,13.46,0.3027861,0.21579167,3.9983976542973063,0.78,-0.0,238,256,"5/29/24, 12:00 AM",DUMKA,205,2024-12-31,5.82,3.3526697,386,375,376,369,0.0,2024-01-01,30.24216666666667,Matihara,"{""geodesic"":false,""type"":""Point"",""coordinates"":[86.96064751119879,24.573190018268484]}"
1636_0,0.54,0.066427775,6.11,0.51,58.62,0.0976,107.89,26.3,368,0.2629389,0.43,17.41,0.112569444,15.49,0.3027861,0.21579167,3.9983976542973063,0.65,-0.0,238,256,"5/29/24, 12:00 AM",DUMKA,205,2024-12-31,5.77,3.3526697,386,375,376,369,0.0,2024-01-01,30.24216666666667,Matihara,"{""geodesic"":false,""type"":""Point"",""coordinates"":[86.96064751119879,24.573190018268484]}"
1637_0,0.49,0.066427775,3.65,0.52,64.89,0.0976,128.12,25.61,385,0.2629389,0.59,19.15,0.112569444,15.67,0.3027861,0.21579167,3.9983976542973063,0.42,-0.0,238,256,"5/29/24, 12:00 AM",DUMKA,205,2024-12-31,5.83,3.3526697,386,375,376,369,0.0,2024-01-01,30.24216666666667,Matihara,"{""geodesic"":false,""type"":""Point"",""coordinates"":[86.96064751119879,24.573190018268484]}"
1638_0,0.13,0.073674284,3.12,0.98,10.15,0.09207143,129.12,29.24,278,0.23681715,0.85,6.94,0.101534285,16.46,0.28981143,0.23925143,-1.611662379187354,0.57,245.5221,221,234,"5/28/24, 12:00 AM",DUMKA,264,2024-12-31,5.02,3.3341472,416,405,363,361,2.2373273,2024-01-01,30.249085714285716,Amgachhi,"{""geodesic"":false,""type"":""Point"",""coordinates"":[86.91968433424293,24.42254254512164]}"
1639_0,0.14,0.07090556,2.68,0.61,38.62,0.10102778,100.11,9.26,361,0.23893055,0.61,18.51,0.12268889,12.49,0.29014722,0.22648056,-2.6277591124246866,0.43,138.66331,239,258,"5/28/24, 12:00 AM",DUMKA,214,2024-12-31,5.59,3.3526697,397,386,363,356,6.1525855,2024-01-01,30.24216666666667,Belodih,"{""geodesic"":false,""type"":""Point"",""coordinates"":[86.96037801661355,24.571034061586595]}"
1640_0,0.78,0.06723333,3.78,0.936,63.27,0.09511389,106.77,19.63,358,0.25650278,0.69,16.67,0.10281666,9.34,0.247425,0.17492223,0.8088019042279817,0.5,-0.0,232,247,"5/28/24, 12:00 AM",DUMKA,224,2024-12-31,4.72,3.2510781,386,379,382,374,2.7802885,2024-01-01,30.249371428571436,Mohila,"{""geodesic"":false,""type"":""Point"",""coordinates"":[86.94852025486317,24.555942364813387]}"
1641_0,0.34,0.06723333,5.35,0.87,93.26,0.09511389,145.34,10.15,384,0.25650278,0.89,16.96,0.10281666,16.67,0.247425,0.17492223,0.8088019042279817,0.42,-0.0,232,247,"5/28/24, 12:00 AM",DUMKA,224,2024-12-31,5.39,3.2510781,386,379,382,374,2.7802885,2024-01-01,30.249371428571436,Mohila,"{""geodesic"":false,""type"":""Point"",""coordinates"":[86.94852025486317,24.555942364813387]}"
1642_0,0.47,0.06723333,6.59,0.37,47.78,0.09511389,128.12,15.66,274,0.25650278,0.68,10.59,0.10281666,12.49,0.247425,0.17492223,0.8088019042279817,0.57,-0.0,232,247,"5/28/24, 12:00 AM",DUMKA,224,2024-12-31,5.46,3.2510781,386,379,382,374,2.7802885,2024-01-01,30.249371428571436,Mohila,"{""geodesic"":false,""type"":""Point"",""coordinates"":[86.94852025486317,24.555942364813387]}"
1643_0,0.54,0.047937836,3.45,0.46,34.11,0.06948919,128.12,18.36,269,0.2227919,0.98,13.36,0.07409459,15.47,0.24021351,0.16108648,-3.2147251979906057,0.76,213.40846,241,258,"5/22/24, 12:00 AM",DUMKA,224,2024-12-31,4.88,3.4973216,388,380,371,362,10.974569,2024-01-01,30.255485714285715,Amghata,"{""geodesic"":false,""type"":""Point"",""coordinates"":[86.95768307076119,24.54219814096636]}"
1644_0,0.34,0.08349257,5.65,0.93,51.57,0.112196624,96.87,15.48,212,0.2695493,0.48,11.36,0.119416215,21.47,0.27704662,0.20102027,-1.4248927101556312,0.62,180.0,242,254,"5/29/24, 12:00 AM",DUMKA,196,2024-12-31,5.51,3.184141,373,366,385,380,1.8543341,2024-01-01,30.290222222222226,Matihani,"{""geodesic"":false,""type"":""Point"",""coordinates"":[87.0261346954111,24.569147599489945]}"
1645_0,0.49,0.08349257,2.45,0.92,38.34,0.112196624,115.31,22.32,376,0.2695493,0.57,15.08,0.119416215,12.49,0.27704662,0.20102027,-1.4248927101556312,0.58,180.0,242,254,"5/29/24, 12:00 AM",DUMKA,196,2024-12-31,5.47,3.184141,373,366,385,380,1.8543341,2024-01-01,30.290222222222226,Matihani,"{""geodesic"":false,""type"":""Point"",""coordinates"":[87.0261346954111,24.569147599489945]}"
1646_0,0.82,0.08747353,2.12,0.43,45.23,0.12145735,119.57,3.178,263,0.28763676,0.47,18.76,0.13812059,13.87,0.2809191,0.20857058,-1.5173424017374375,3.14,90.0,220,236,"6/24/24, 12:00 AM",DUMKA,247,2024-12-31,5.69,3.4005349,396,384,384,380,2.0362732,2024-01-01,30.236444444444444,Dumariya Hat,"{""geodesic"":false,""type"":""Point"",""coordinates"":[86.97708668089817,24.413649223808857]}"
1647_0,0.42,0.08689394,3.65,0.53,46.55,0.109039396,96.87,21.01,238,0.2709197,0.39,26.01,0.111881815,15.49,0.2957803,0.21641667,-2.2116631956350075,0.39,90.0,225,246,"5/14/24, 12:00 AM",DUMKA,176,2024-12-31,4.68,3.5832176,365,357,410,396,4.069811,2024-01-01,30.27000000000001,Bandarjori,"{""geodesic"":false,""type"":""Point"",""coordinates"":[87.12881213238596,24.488029729333952]}"
1648_0,0.52,0.07676715,1.63,0.56,26.3,0.10097,197.008,20.69,272.12,0.2697614,0.46,10.42,0.11775286,15.42,0.31734428,0.22511142,-0.8701487449656392,0.81,253.1312,219,237,"5/9/24, 12:00 AM",DUMKA,188,2024-12-31,4.95,3.4890735,387,373,394,389,3.1929388,2024-01-01,30.29634285714286,Majhdiha,"{""geodesic"":false,""type"":""Point"",""coordinates"":[87.11614588687988,24.53815572218782]}"
1649_0,0.5,0.07676715,5.14,0.63,55.06,0.10097,150.06,17.65,232,0.2697614,0.67,22.21,0.11775286,13.87,0.31734428,0.22511142,-0.8701487449656392,1.87,253.1312,219,237,"5/18/24, 12:00 AM",DUMKA,188,2024-12-31,4.95,3.4890735,387,373,394,389,3.1929388,2024-01-01,30.29634285714286,Majhdiha,"{""geodesic"":false,""type"":""Point"",""coordinates"":[87.11614588687988,24.53815572218782]}"
1650_0,0.78,0.116297185,4.02,0.45,47.55,0.1342169,76.12,5.538,269,0.20206197,0.47,9.39,0.14727043,12.49,0.23329858,0.19986902,-1.6123912689361493,2.17,245.53076,231,248,"5/15/24, 12:00 AM",DUMKA,163,2024-12-31,5.72,3.5832176,371,369,397,383,2.2380702,2024-01-01,30.263470588235304,Majhdiha,"{""geodesic"":false,""type"":""Point"",""coordinates"":[87.13150707823831,24.472938032560744]}"
1651_0,0.48,0.116297185,4.91,0.63,37.52,0.1342169,102.33,7.09,301,0.20206197,0.48,9.63,0.14727043,18.67,0.23329858,0.19986902,-1.6123912689361493,2.77,245.53076,231,248,"5/15/24, 12:00 AM",DUMKA,163,2024-12-31,5.51,3.5832176,371,369,397,383,2.2380702,2024-01-01,30.263470588235304,Majhdiha,"{""geodesic"":false,""type"":""Point"",""coordinates"":[87.13150707823831,24.472938032560744]}"
1652_0,0.45,0.116297185,4.53,0.69,10.15,0.1342169,99.68,1.512,262,0.20206197,0.56,6.31,0.14727043,8.97,0.23329858,0.19986902,-1.6123912689361493,0.36,245.53076,231,248,"5/15/24, 12:00 AM",DUMKA,163,2024-12-31,5.63,3.5832176,371,369,397,383,2.2380702,2024-01-01,30.263470588235304,Majhdiha,"{""geodesic"":false,""type"":""Point"",""coordinates"":[87.13150707823831,24.472938032560744]}"
1653_0,0.82,0.116297185,4.91,0.48,60.37,0.1342169,125.36,8.87,243,0.20206197,0.59,8.32,0.14727043,16.67,0.23329858,0.19986902,-1.6123912689361493,0.39,245.53076,231,248,"5/15/24, 12:00 AM",DUMKA,163,2024-12-31,5.58,3.5832176,371,369,397,383,2.2380702,2024-01-01,30.263470588235304,Majhdiha,"{""geodesic"":false,""type"":""Point"",""coordinates"":[87.13150707823831,24.472938032560744]}"
1654_0,0.46,0.116297185,7.01,0.87,43.42,0.1342169,139.14,22.32,280,0.20206197,0.47,8.58,0.14727043,18.67,0.23329858,0.19986902,-1.6123912689361493,0.34,245.53076,231,248,"5/15/24, 12:00 AM",DUMKA,163,2024-12-31,6.46,3.5832176,371,369,397,383,2.2380702,2024-01-01,30.263470588235304,Majhdiha,"{""geodesic"":false,""type"":""Point"",""coordinates"":[87.13150707823831,24.472938032560744]}"
1655_0,0.81,0.10759305,3.65,0.53,46.55,0.118147224,96.87,21.01,238,0.25894028,0.39,26.01,0.1243,9.47,0.27459446,0.1929875,-0.7293961737445752,2.14,-0.0,187,199,"6/19/24, 12:00 AM",DUMKA,162,2024-12-31,4.68,3.5459766,426,426,388,375,0.92740995,2024-01-01,30.205833333333334,Baghiya Kusumdih,"{""geodesic"":false,""type"":""Point"",""coordinates"":[87.36300292695591,24.267313664025785]}"
1656_0,0.5,0.07119831,5.09,0.97,50.56,0.09803983,165.01,2.74,368,0.2682873,0.79,17.23,0.11194576,14.65,0.2671822,0.19575085,4.078135578228318,1.69,106.884995,222,240,"6/6/24, 12:00 AM",DUMKA,231,2024-12-31,5.08,3.4005349,393,379,385,382,3.1899717,2024-01-01,30.234400000000004,Balathar,"{""geodesic"":false,""type"":""Point"",""coordinates"":[86.96927133792633,24.409876299615554]}"
1657_0,0.57,0.08094173,5.71,0.49,60.54,0.112460434,153.2,9.85,276,0.2788885,0.65,8.38,0.13511151,15.49,0.32988706,0.24993525,-1.6114220212170158,1.18,65.51929,224,237,"5/27/24, 12:00 AM",DUMKA,233,2024-12-31,5.53,3.4005349,392,383,384,380,2.237087,2024-01-01,30.266333333333325,Balathar,"{""geodesic"":false,""type"":""Point"",""coordinates"":[86.98085960509147,24.40610337542225]}"
1658_0,0.48,0.07319058,5.23,0.53,103.18,0.10464348,113.29,31.4,265,0.27766377,0.99,6.34,0.11861739,8.46,0.29034057,0.20958406,-2.235634581965155,2.42,77.174644,224,237,"5/27/24, 12:00 AM",DUMKA,231,2024-12-31,5.44,3.4005349,392,383,384,380,4.1708794,2024-01-01,30.26283333333334,Balathar,"{""geodesic"":false,""type"":""Point"",""coordinates"":[86.9811290996767,24.40610337542225]}"
1659_0,0.45,0.08094173,4.12,0.5,82.16,0.112460434,126.33,4.158,389,0.2788885,0.76,14.51,0.13511151,16.67,0.32988706,0.24993525,-1.6114220212170158,0.39,65.51929,224,237,"5/27/24, 12:00 AM",DUMKA,233,2024-12-31,5.37,3.4005349,392,383,384,380,2.237087,2024-01-01,30.266333333333325,Balathar,"{""geodesic"":false,""type"":""Point"",""coordinates"":[86.98085960509147,24.40610337542225]}"
1660_0,0.72,0.08094173,2.15,0.16,35.81,0.112460434,98.63,17.12,281,0.2788885,0.12,9.28,0.13511151,18.48,0.32988706,0.24993525,-1.6114220212170158,2.78,65.51929,224,237,"5/27/24, 12:00 AM",DUMKA,233,2024-12-31,5.8,3.4005349,392,383,384,380,2.237087,2024-01-01,30.266333333333325,Balathar,"{""geodesic"":false,""type"":""Point"",""coordinates"":[86.98085960509147,24.40610337542225]}"
1661_0,0.46,0.08094173,2.12,0.14,45.23,0.112460434,119.57,3.178,263,0.2788885,0.81,18.76,0.13511151,9.47,0.32988706,0.24993525,-1.6114220212170158,1.79,65.51929,224,237,"5/27/24, 12:00 AM",DUMKA,233,2024-12-31,5.51,3.4005349,392,383,384,380,2.237087,2024-01-01,30.266333333333325,Balathar,"{""geodesic"":false,""type"":""Point"",""coordinates"":[86.98085960509147,24.40610337542225]}"
1662_0,0.75,0.08094173,3.65,0.45,46.55,0.112460434,96.87,21.01,238,0.2788885,0.69,26.01,0.13511151,7.47,0.32988706,0.24993525,-1.6114220212170158,0.14,65.51929,224,237,"5/27/24, 12:00 AM",DUMKA,233,2024-12-31,5.7,3.4005349,392,383,384,380,2.237087,2024-01-01,30.266333333333325,Balathar,"{""geodesic"":false,""type"":""Point"",""coordinates"":[86.98085960509147,24.40610337542225]}"
1663_0,0.75,0.0514875,2.45,0.63,38.34,0.075315624,115.31,37.6,376,0.21555,0.48,15.08,0.0827125,22.78,0.23292187,0.16281563,-2.224887586373556,0.13,227.68228,226,240,"6/19/24, 12:00 AM",DUMKA,252,2024-12-31,5.71,3.3341472,404,392,370,368,4.1258054,2024-01-01,30.222057142857135,Tetaria,"{""geodesic"":false,""type"":""Point"",""coordinates"":[86.93477603101614,24.426045974729703]}"
1664_0,0.65,0.05993125,2.45,0.63,38.34,0.08774687,115.31,37.6,376,0.24204062,0.48,15.08,0.10653125,7.47,0.27046874,0.19300938,-2.3758316106066655,2.78,320.5217,215,231,"6/18/24, 12:00 AM",DUMKA,251,2024-12-31,5.71,3.3341472,414,402,371,368,4.7952623,2024-01-01,30.28741176470588,Tetaria,"{""geodesic"":false,""type"":""Point"",""coordinates"":[86.93504552560138,24.422003555951168]}"
1665_0,0.41,0.053852085,5.56,0.25,49.68,0.07372778,119.57,4.646,262,0.24722709,0.72,6.31,0.067894444,15.49,0.19884445,0.13004722,-1.5561084899330033,1.99,208.7844,221,243,"6/25/24, 12:00 AM",DUMKA,197,2024-12-31,5.35,3.3201091,364,354,415,403,2.1155393,2024-01-01,30.273885714285715,Thari,"{""geodesic"":false,""type"":""Point"",""coordinates"":[87.06251646441794,24.48317882679971]}"
1666_0,0.46,0.06275,2.78,0.39,63.27,0.09143611,106.77,0.482,283,0.23995556,0.61,13.37,0.09453055,9.47,0.22920278,0.15624444,1.4782076876184962,2.22,90.0,218,228,"6/15/24, 12:00 AM",DUMKA,250,2024-12-31,5.68,3.3341472,413,405,369,367,4.067799,2024-01-01,30.22308571428571,Raja Semaria,"{""geodesic"":false,""type"":""Point"",""coordinates"":[86.92076231258388,24.425506985559235]}"
1667_0,0.65,0.06275,4.12,0.48,82.16,0.09143611,126.33,4.158,294,0.23995556,0.57,14.51,0.09453055,18.67,0.22920278,0.15624444,1.4782076876184962,0.56,90.0,218,228,"6/15/24, 12:00 AM",DUMKA,250,2024-12-31,5.46,3.3341472,413,405,369,367,4.067799,2024-01-01,30.22308571428571,Raja Semaria,"{""geodesic"":false,""type"":""Point"",""coordinates"":[86.92076231258388,24.425506985559235]}"
1668_0,0.35,0.06275,3.65,0.52,64.89,0.09143611,128.12,35.2,385,0.23995556,0.59,19.15,0.09453055,15.49,0.22920278,0.15624444,1.4782076876184962,0.34,90.0,218,228,"6/15/24, 12:00 AM",DUMKA,250,2024-12-31,5.83,3.3341472,413,405,369,367,4.067799,2024-01-01,30.22308571428571,Raja Semaria,"{""geodesic"":false,""type"":""Point"",""coordinates"":[86.92076231258388,24.425506985559235]}"
1669_0,0.76,0.06275,4.12,0.31,82.16,0.09143611,126.33,4.158,389,0.23995556,0.52,14.51,0.09453055,12.49,0.22920278,0.15624444,1.4782076876184962,0.19,90.0,218,228,"6/15/24, 12:00 AM",DUMKA,250,2024-12-31,5.73,3.3341472,413,405,369,367,4.067799,2024-01-01,30.22308571428571,Raja Semaria,"{""geodesic"":false,""type"":""Point"",""coordinates"":[86.92076231258388,24.425506985559235]}"
1670_0,0.62,0.062425002,5.71,0.72,60.54,0.09023889,153.2,9.85,276,0.23769444,0.47,8.38,0.097025,13.87,0.23660833,0.16160834,1.2387528924752642,0.54,100.320465,218,228,"5/28/24, 12:00 AM",DUMKA,247,2024-12-31,5.72,3.3341472,413,405,369,367,5.1630483,2024-01-01,30.22308571428571,Raja Semaria,"{""geodesic"":false,""type"":""Point"",""coordinates"":[86.92103180716911,24.425506985559235]}"
1671_0,0.82,0.062425002,5.23,0.48,103.18,0.09023889,113.29,31.4,265,0.23769444,0.57,6.34,0.097025,18.65,0.23660833,0.16160834,1.2387528924752642,0.46,100.320465,218,228,"5/28/24, 12:00 AM",DUMKA,247,2024-12-31,5.61,3.3341472,413,405,369,367,5.1630483,2024-01-01,30.22308571428571,Raja Semaria,"{""geodesic"":false,""type"":""Point"",""coordinates"":[86.92103180716911,24.425506985559235]}"
1672_0,0.45,0.062425002,4.58,0.89,67.45,0.09023889,128.12,3.32,348,0.23769444,0.49,11.38,0.097025,15.49,0.23660833,0.16160834,1.2387528924752642,2.91,100.320465,218,228,"5/28/24, 12:00 AM",DUMKA,247,2024-12-31,5.31,3.3341472,413,405,369,367,5.1630483,2024-01-01,30.22308571428571,Raja Semaria,"{""geodesic"":false,""type"":""Point"",""coordinates"":[86.92103180716911,24.425506985559235]}"
1673_0,0.76,0.066175,3.48,0.35,93.26,0.09527778,99.68,8.05,225,0.23970556,0.48,8.26,0.10006389,13.46,0.25833055,0.17796111,-1.1373098327578086,2.77,77.17652,218,228,"5/28/24, 12:00 AM",DUMKA,250,2024-12-31,5.21,3.3341472,413,405,369,367,4.171479,2024-01-01,30.22308571428571,Raja Semaria,"{""geodesic"":false,""type"":""Point"",""coordinates"":[86.92076231258388,24.425237490974]}"
1674_0,0.35,0.066175,4.58,0.75,67.45,0.09527778,128.12,3.32,348,0.23970556,0.83,11.38,0.10006389,11.57,0.25833055,0.17796111,-1.1373098327578086,2.42,77.17652,218,228,"5/28/24, 12:00 AM",DUMKA,250,2024-12-31,4.89,3.3341472,413,405,369,367,4.171479,2024-01-01,30.22308571428571,Raja Semaria,"{""geodesic"":false,""type"":""Point"",""coordinates"":[86.92076231258388,24.425237490974]}"
1675_0,0.39,0.066175,5.34,0.43,35.38,0.09527778,140.56,3.354,280,0.23970556,0.47,8.58,0.10006389,12.49,0.25833055,0.17796111,-1.1373098327578086,2.47,77.17652,218,228,"5/27/24, 12:00 AM",DUMKA,250,2024-12-31,5.69,3.3341472,413,405,369,367,4.171479,2024-01-01,30.22308571428571,Raja Semaria,"{""geodesic"":false,""type"":""Point"",""coordinates"":[86.92076231258388,24.425237490974]}"
1676_0,0.81,0.07386,4.07,0.58,61.33,0.106994286,76.12,20.66,230,0.28140858,0.69,16.15,0.14546286,18.65,0.36310858,0.27848285,-1.5555004056130735,2.47,28.772345,217,234,"5/27/24, 12:00 AM",DUMKA,265,2024-12-31,5.73,3.3341472,422,410,361,356,2.1152952,2024-01-01,30.249085714285716,Raja Semaria,"{""geodesic"":false,""type"":""Point"",""coordinates"":[86.91833686131676,24.42038658843975]}"
1677_0,0.46,0.07386,4.02,0.37,26.53,0.106994286,98.63,1.304,258,0.28140858,0.71,10.34,0.14546286,18.67,0.36310858,0.27848285,-1.5555004056130735,1.34,28.772345,217,234,"5/27/24, 12:00 AM",DUMKA,265,2024-12-31,5.07,3.3341472,422,410,361,356,2.1152952,2024-01-01,30.249085714285716,Raja Semaria,"{""geodesic"":false,""type"":""Point"",""coordinates"":[86.91833686131676,24.42038658843975]}"
1678_0,0.76,0.096319444,6.89,0.53,69.54,0.117477775,113.29,4.63,246,0.22374722,0.99,9.62,0.14491944,11.57,0.29648888,0.2544861,-2.8032862264350205,0.45,75.419945,210,227,"5/17/24, 12:00 AM",DUMKA,253,2024-12-31,5.44,3.3341472,410,397,380,376,7.32863,2024-01-01,30.228800000000007,Bhaluwa,"{""geodesic"":false,""type"":""Point"",""coordinates"":[86.93423704184568,24.44194615525862]}"
1679_0,0.46,0.096319444,6.28,0.45,41.9,0.117477775,101.26,14.15,248,0.22374722,0.69,6.39,0.14491944,8.67,0.29648888,0.2544861,-2.8032862264350205,0.39,75.419945,210,227,"5/17/24, 12:00 AM",DUMKA,253,2024-12-31,5.7,3.3341472,410,397,380,376,7.32863,2024-01-01,30.228800000000007,Bhaluwa,"{""geodesic"":false,""type"":""Point"",""coordinates"":[86.93423704184568,24.44194615525862]}"
1680_0,0.35,0.096319444,5.47,0.81,54.26,0.117477775,134.07,6.36,212,0.22374722,0.87,11.36,0.14491944,9.47,0.29648888,0.2544861,-2.8032862264350205,3.14,75.419945,210,227,"5/17/24, 12:00 AM",DUMKA,253,2024-12-31,5.15,3.3341472,410,397,380,376,7.32863,2024-01-01,30.228800000000007,Bhaluwa,"{""geodesic"":false,""type"":""Point"",""coordinates"":[86.93423704184568,24.44194615525862]}"
1681_0,0.76,0.096319444,5.24,0.47,57.82,0.117477775,105.48,6.36,276,0.22374722,0.81,8.38,0.14491944,7.47,0.29648888,0.2544861,-2.8032862264350205,2.2,75.419945,210,227,"5/17/24, 12:00 AM",DUMKA,253,2024-12-31,5.14,3.3341472,410,397,380,376,7.32863,2024-01-01,30.228800000000007,Bhaluwa,"{""geodesic"":false,""type"":""Point"",""coordinates"":[86.93423704184568,24.44194615525862]}"
1682_0,0.41,0.096319444,4.91,0.45,37.52,0.117477775,107.89,7.09,265,0.22374722,0.94,6.34,0.14491944,18.67,0.29648888,0.2544861,-2.8032862264350205,1.79,75.419945,210,227,"5/17/24, 12:00 AM",DUMKA,253,2024-12-31,5.47,3.3341472,410,397,380,376,7.32863,2024-01-01,30.228800000000007,Bhaluwa,"{""geodesic"":false,""type"":""Point"",""coordinates"":[86.93423704184568,24.44194615525862]}"
1683_0,0.65,0.08818571,6.47,0.65,18.31,0.112085715,149.36,5.39,216,0.28909713,0.59,23.01,0.119791426,17.48,0.27855715,0.20665714,-2.2362081146094748,1.69,257.17828,211,227,"5/16/24, 12:00 AM",DUMKA,257,2024-12-31,6.05,3.3341472,419,407,370,365,4.1720366,2024-01-01,30.236514285714286,Bhaluwa,"{""geodesic"":false,""type"":""Point"",""coordinates"":[86.93100310682284,24.443024133599565]}"
1684_0,0.45,0.08818571,2.45,0.95,38.34,0.112085715,160.5,37.6,203,0.28909713,0.31,8.26,0.119791426,8.67,0.27855715,0.20665714,-2.2362081146094748,2.2,257.17828,211,227,"5/16/24, 12:00 AM",DUMKA,257,2024-12-31,5.68,3.3341472,419,407,370,365,4.1720366,2024-01-01,30.236514285714286,Bhaluwa,"{""geodesic"":false,""type"":""Point"",""coordinates"":[86.93100310682284,24.443024133599565]}"
1685_0,0.65,0.09149143,5.09,0.63,50.56,0.11734286,110.62,2.74,219,0.27502573,0.31,14.49,0.13305715,16.67,0.29644856,0.22132857,-1.555724920219755,0.34,208.77672,211,227,"5/16/24, 12:00 AM",DUMKA,255,2024-12-31,5.63,3.3341472,419,407,370,365,2.1153836,2024-01-01,30.236514285714286,Bhaluwa,"{""geodesic"":false,""type"":""Point"",""coordinates"":[86.9307336122376,24.443024133599565]}"
1686_0,0.65,0.09149143,4.91,0.75,60.37,0.11734286,104.26,8.87,311,0.27502573,0.31,8.32,0.13305715,7.47,0.29644856,0.22132857,-1.555724920219755,2.22,208.77672,211,227,"5/16/24, 12:00 AM",DUMKA,255,2024-12-31,5.61,3.3341472,419,407,370,365,2.1153836,2024-01-01,30.236514285714286,Bhaluwa,"{""geodesic"":false,""type"":""Point"",""coordinates"":[86.9307336122376,24.443024133599565]}"
1687_0,0.68,0.06914638,2.78,0.71,63.27,0.08988044,106.77,0.482,358,0.21257898,0.53,13.37,0.09868044,8.46,0.24722247,0.17766304,-1.2060101702304407,2.77,114.480194,225,241,"6/15/24, 12:00 AM",DUMKA,239,2024-12-31,5.63,3.4005349,390,378,385,381,4.467463,2024-01-01,30.236444444444444,Tilauna,"{""geodesic"":false,""type"":""Point"",""coordinates"":[86.98085960509147,24.409067815859846]}"
1688_0,0.5,0.06998042,3.65,0.89,64.89,0.099318884,128.12,35.2,385,0.31017414,0.51,19.15,0.10588182,13.46,0.31198952,0.20956713,0.9295340671877946,2.77,151.23021,216,232,"6/14/24, 12:00 AM",DUMKA,234,2024-12-31,5.02,3.4005349,404,390,380,377,2.1152434,2024-01-01,30.26283333333334,Tilauna,"{""geodesic"":false,""type"":""Point"",""coordinates"":[86.98571050762573,24.40691185917796]}"
1689_0,0.45,0.06998042,2.78,0.93,63.27,0.099318884,106.77,0.482,358,0.31017414,0.69,13.37,0.10588182,15.49,0.31198952,0.20956713,0.9295340671877946,0.36,151.23021,216,232,"6/14/24, 12:00 AM",DUMKA,234,2024-12-31,4.72,3.4005349,404,390,380,377,2.1152434,2024-01-01,30.26283333333334,Tilauna,"{""geodesic"":false,""type"":""Point"",""coordinates"":[86.98571050762573,24.40691185917796]}"
1690_0,0.78,0.074286014,4.58,0.88,67.45,0.10495664,128.12,3.32,348,0.2769133,0.59,11.38,0.11950699,12.49,0.29715315,0.2122951,-0.8241012974400427,0.81,90.0,216,232,"6/13/24, 12:00 AM",DUMKA,235,2024-12-31,5.62,3.4005349,404,390,380,377,2.0361702,2024-01-01,30.26283333333334,Tilauna,"{""geodesic"":false,""type"":""Point"",""coordinates"":[86.98571050762573,24.407181353763196]}"
1691_0,0.41,0.06998042,4.88,0.63,8.012,0.099318884,114.51,14.5,371,0.31017414,0.55,10.32,0.10588182,13.46,0.31198952,0.20956713,0.9295340671877946,2.77,151.23021,216,232,"6/12/24, 12:00 AM",DUMKA,234,2024-12-31,5.75,3.4005349,404,390,380,377,2.1152434,2024-01-01,30.26283333333334,Tilauna,"{""geodesic"":false,""type"":""Point"",""coordinates"":[86.98571050762573,24.40691185917796]}"
1692_0,0.8,0.06998042,3.25,0.39,96.34,0.099318884,113.29,14.2,245,0.31017414,0.53,11.28,0.10588182,17.48,0.31198952,0.20956713,0.9295340671877946,0.13,151.23021,216,232,"6/12/24, 12:00 AM",DUMKA,234,2024-12-31,5.17,3.4005349,404,390,380,377,2.1152434,2024-01-01,30.26283333333334,Tilauna,"{""geodesic"":false,""type"":""Point"",""coordinates"":[86.98571050762573,24.40691185917796]}"
1693_0,0.78,0.046417143,4.03,0.43,90.91,0.067742854,140.56,22.66,243,0.2549,0.38,8.32,0.066442855,16.46,0.2198743,0.15146858,-0.5078305328544056,1.08,-0.0,227,237,"6/20/24, 12:00 AM",DUMKA,241,2024-12-31,5.73,3.2468905,394,388,379,376,3.7047918,2024-01-01,30.288514285714285,Dumaria Bahiyar,"{""geodesic"":false,""type"":""Point"",""coordinates"":[86.93612350394233,24.471321065049327]}"
1694_0,0.46,0.058408573,4.02,0.69,26.53,0.08345714,98.63,1.304,258,0.27276573,0.59,10.34,0.09506286,22.78,0.25882572,0.18178286,-0.8414015671014295,0.49,79.68323,227,242,"6/20/24, 12:00 AM",DUMKA,241,2024-12-31,4.68,3.2468905,391,382,382,377,5.164867,2024-01-01,30.288514285714285,Dumaria Bahiyar,"{""geodesic"":false,""type"":""Point"",""coordinates"":[86.93585400935709,24.471590559634564]}"
1695_0,0.81,0.08969178,2.44,0.47,40.66,0.11356712,126.33,0.218,276,0.30416986,0.81,8.38,0.12099726,15.49,0.3254822,0.22739863,-1.708215396279798,0.34,55.660736,237,243,"5/10/24, 12:00 AM",DUMKA,104,2024-12-31,5.14,3.5241098,411,417,352,341,4.920525,2024-01-01,30.305542857142864,Dumaria Bahiyar,"{""geodesic"":false,""type"":""Point"",""coordinates"":[87.54033036404111,24.37295554143824]}"
1696_0,0.82,0.08524658,5.385,0.25,40.45,0.10681096,175.53,2.034,225,0.28372192,0.59,8.26,0.11146165,23.65,0.27765343,0.19154246,-2.441635878444652,0.45,63.15867,237,243,"5/13/24, 12:00 AM",DUMKA,105,2024-12-31,5.79,3.5241098,411,417,352,341,10.162795,2024-01-01,30.305542857142864,Dumaria Bahiyar,"{""geodesic"":false,""type"":""Point"",""coordinates"":[87.54006086945587,24.373225036023477]}"
1697_0,0.35,0.09380822,5.47,0.81,54.26,0.1114452,134.07,6.36,212,0.24277261,0.87,11.36,0.11510548,14.47,0.24558356,0.16907534,-2.19479099882247,0.39,22.376602,237,243,"5/13/24, 12:00 AM",DUMKA,106,2024-12-31,5.15,3.5241098,411,417,352,341,7.972281,2024-01-01,30.305542857142864,Dumaria Bahiyar,"{""geodesic"":false,""type"":""Point"",""coordinates"":[87.53979137487065,24.373494530608713]}"
1698_0,0.35,0.062177144,5.35,0.87,93.26,0.09106857,145.34,10.15,384,0.24230571,0.89,16.96,0.104574285,7.47,0.25906858,0.18868572,-0.5133760945728275,0.81,294.47397,213,230,"5/20/24, 12:00 AM",DUMKA,253,2024-12-31,5.39,3.3341472,418,406,369,364,2.237666,2024-01-01,30.236514285714286,Karma,"{""geodesic"":false,""type"":""Point"",""coordinates"":[86.92776917180001,24.445449584866687]}"
1699_0,0.85,0.06584286,5.78,0.46,59.83,0.09236286,100.11,11.26,262,0.2607257,0.39,6.31,0.10336857,15.47,0.25012285,0.18546571,-0.7936782807925858,0.36,20.110504,211,228,"5/20/24, 12:00 AM",DUMKA,259,2024-12-31,5.58,3.3341472,420,407,369,365,5.9052634,2024-01-01,30.236514285714286,Karma,"{""geodesic"":false,""type"":""Point"",""coordinates"":[86.92561321511812,24.444910595696214]}"
1700_0,0.62,0.08604857,3.48,0.48,93.26,0.11204,99.68,8.05,225,0.24156286,0.57,8.26,0.13702285,14.65,0.28148,0.22506,-0.730776736307498,0.54,-0.0,211,228,"5/20/24, 12:00 AM",DUMKA,262,2024-12-31,5.61,3.3341472,420,407,369,365,0.92740995,2024-01-01,30.236514285714286,Karma,"{""geodesic"":false,""type"":""Point"",""coordinates"":[86.9253437205329,24.444641101110978]}"
1701_0,0.45,0.08087714,5.65,0.93,51.57,0.101351425,96.87,15.48,212,0.18636286,0.48,11.36,0.11663714,18.65,0.26847428,0.2274,-0.8246775792793529,2.91,90.0,211,228,"5/20/24, 12:00 AM",DUMKA,262,2024-12-31,5.51,3.3341472,420,407,369,365,1.0187072,2024-01-01,30.236514285714286,Karma,"{""geodesic"":false,""type"":""Point"",""coordinates"":[86.92588270970336,24.444371606525742]}"
1702_0,0.78,0.06277353,5.09,0.97,50.56,0.09282941,165.01,2.74,368,0.27441472,0.79,17.23,0.10691765,21.47,0.32988235,0.2324853,-0.45688730735475136,1.79,208.77219,226,238,"5/18/24, 12:00 AM",DUMKA,263,2024-12-31,5.08,3.3341472,420,411,354,351,2.115292,2024-01-01,30.27477777777777,Karma,"{""geodesic"":false,""type"":""Point"",""coordinates"":[86.91348595878252,24.419578104684046]}"
1703_0,0.65,0.08580286,6.12,0.93,26.17,0.11462285,105.48,5.83,376,0.25594285,0.83,15.08,0.13091429,18.65,0.2848857,0.20983428,1.6606474555557462,0,90.0,217,232,"5/10/24, 12:00 AM",DUMKA,257,2024-12-31,5.5,3.3341472,421,410,362,358,1.0184873,2024-01-01,30.27477777777777,Karma,"{""geodesic"":false,""type"":""Point"",""coordinates"":[86.91429444253822,24.41715265341692]}"
1704_0,1.23,0.08580286,3.12,0.98,74.98,0.11462285,115.31,21.36,371,0.25594285,0.68,10.32,0.13091429,15.45,0.2848857,0.20983428,1.6606474555557462,1.13,90.0,217,232,"5/15/24, 12:00 AM",DUMKA,257,2024-12-31,4.87,3.3341472,421,410,362,358,1.0184873,2024-01-01,30.27477777777777,Karma,"{""geodesic"":false,""type"":""Point"",""coordinates"":[86.91429444253822,24.41715265341692]}"
1705_0,0.81,0.08580286,1.73,0.87,83.27,0.11462285,114.51,5.438,358,0.25594285,0.39,13.37,0.13091429,7.48,0.2848857,0.20983428,1.6606474555557462,2.2,90.0,217,232,"5/15/24, 12:00 AM",DUMKA,257,2024-12-31,5.02,3.3341472,421,410,362,358,1.0184873,2024-01-01,30.27477777777777,Karma,"{""geodesic"":false,""type"":""Point"",""coordinates"":[86.91429444253822,24.41715265341692]}"
1706_0,0.65,0.08580286,4.99,0.59,15.16,0.11462285,98.63,19.65,361,0.25594285,0.48,18.51,0.13091429,9.47,0.2848857,0.20983428,1.6606474555557462,0.13,90.0,217,232,"5/15/24, 12:00 AM",DUMKA,257,2024-12-31,4.87,3.3341472,421,410,362,358,1.0184873,2024-01-01,30.27477777777777,Karma,"{""geodesic"":false,""type"":""Point"",""coordinates"":[86.91429444253822,24.41715265341692]}"
1707_0,0.45,0.08580286,3.3,0.54,99.45,0.11462285,125.53,1.85,162,0.25594285,0.86,15.69,0.13091429,9,0.2848857,0.20983428,1.6606474555557462,2.33,90.0,217,232,"4/30/24, 12:00 AM",DUMKA,257,2024-12-31,4.54,3.3341472,421,410,362,358,1.0184873,2024-01-01,30.27477777777777,Karma,"{""geodesic"":false,""type"":""Point"",""coordinates"":[86.91429444253822,24.41715265341692]}"
1708_0,0.45,0.08580286,2.1,0.43,57.29,0.11462285,78.12,0.43,168,0.25594285,0.71,18.69,0.13091429,12,0.2848857,0.20983428,1.6606474555557462,1.74,90.0,217,232,"4/30/24, 12:00 AM",DUMKA,257,2024-12-31,4.21,3.3341472,421,410,362,358,1.0184873,2024-01-01,30.27477777777777,Karma,"{""geodesic"":false,""type"":""Point"",""coordinates"":[86.91429444253822,24.41715265341692]}"
1709_0,0.74,0.08580286,1.8,0.72,59.63,0.11462285,28.34,9.36,182,0.25594285,0.52,19.03,0.13091429,11,0.2848857,0.20983428,1.6606474555557462,2.15,90.0,217,232,"4/30/24, 12:00 AM",DUMKA,257,2024-12-31,4.96,3.3341472,421,410,362,358,1.0184873,2024-01-01,30.27477777777777,Karma,"{""geodesic"":false,""type"":""Point"",""coordinates"":[86.91429444253822,24.41715265341692]}"
1710_0,0.57,0.06843428,5.3,0.54,53.13,0.09983715,93.24,9.36,191,0.2688343,0.39,18.77,0.11143143,12,0.2818857,0.19722857,0.9674980520193587,0.59,90.0,217,232,"4/30/24, 12:00 AM",DUMKA,257,2024-12-31,4.87,3.3341472,421,410,362,358,2.036336,2024-01-01,30.27477777777777,Karma,"{""geodesic"":false,""type"":""Point"",""coordinates"":[86.91402494795298,24.417422148002156]}"
1711_0,0.35,0.07148944,4.33,0.56,87.92,0.09180634,101.22,13.66,248,0.25772464,0.57,10.38,0.09325634,16.67,0.26501268,0.18038099,1.215519033412195,2.17,180.0,232,252,"5/18/24, 12:00 AM",DUMKA,166,2024-12-31,4.95,3.6050391,344,336,424,411,1.8543341,2024-01-01,30.198457142857148,Katariya,"{""geodesic"":false,""type"":""Point"",""coordinates"":[87.16734985807469,24.393976119086638]}"
1712_0,0.43,0.073674284,3.65,0.43,46.55,0.09207143,96.87,21.01,238,0.23681715,0.47,26.01,0.101534285,16.67,0.28981143,0.23925143,-1.611662379187354,0.47,245.5221,221,234,"5/28/24, 12:00 AM",DUMKA,264,2024-12-31,5.69,3.3341472,416,405,363,361,2.2373273,2024-01-01,30.249085714285716,Paharpur,"{""geodesic"":false,""type"":""Point"",""coordinates"":[86.91968433424293,24.42254254512164]}"
1713_0,0.81,0.073674284,4.21,0.53,57.53,0.09207143,128.12,0.484,225,0.23681715,0.39,9.39,0.101534285,13.46,0.28981143,0.23925143,-1.611662379187354,0.56,245.5221,221,234,"5/28/24, 12:00 AM",DUMKA,264,2024-12-31,4.68,3.3341472,416,405,363,361,2.2373273,2024-01-01,30.249085714285716,Paharpur,"{""geodesic"":false,""type"":""Point"",""coordinates"":[86.91968433424293,24.42254254512164]}"
1714_0,0.75,0.050167568,6.89,0.91,38.45,0.06975406,127.98,13.36,255,0.22553243,0.59,11.18,0.066908106,16.67,0.20017567,0.14159459,-2.153740486040853,0.49,195.36026,223,236,"6/25/24, 12:00 AM",DUMKA,232,2024-12-31,5.14,3.2468905,384,376,393,388,3.841628,2024-01-01,30.28788888888889,Logain,"{""geodesic"":false,""type"":""Point"",""coordinates"":[86.9382794606242,24.48317882679971]}"
1716_0,0.54,0.088262856,2,0.53,70.21,0.1304695,26.34,4.16,134,0.2783064,0.26,18.02,0.14203689,13,0.301961,0.21861774,1.1769810643817196,2.06,132.3305,212,237,"4/30/24, 12:00 AM",DUMKA,169,2024-12-31,4.98,3.58974,366,356,422,406,1.3770474,2024-01-01,30.25055555555555,Karhariya,"{""geodesic"":false,""type"":""Point"",""coordinates"":[87.11587639229464,24.369452111830174]}"
1717_0,0.78,0.053561863,5.23,0.31,103.18,0.07173051,113.29,31.14,265,0.23290677,0.63,6.34,0.06597712,13.46,0.20210339,0.1300678,4.225723615599451,0.45,47.678707,222,240,"6/8/24, 12:00 AM",DUMKA,231,2024-12-31,4.95,3.4005349,393,379,385,382,2.7529912,2024-01-01,30.234400000000004,Jhanakpur,"{""geodesic"":false,""type"":""Point"",""coordinates"":[86.96927133792633,24.41014579420079]}"
1718_0,0.81,0.07788201,3.28,0.69,42.34,0.100111075,106.77,20.18,258,0.26940727,0.69,9.39,0.10891419,18.48,0.2853616,0.1998737,0.3358633608513294,2.99,253.1143,222,236,"6/26/24, 12:00 AM",DUMKA,208,2024-12-31,5.65,3.242275,391,381,388,384,3.1898437,2024-01-01,30.25708108108108,Kherwa,"{""geodesic"":false,""type"":""Point"",""coordinates"":[87.04850274598567,24.404486407910838]}"
1719_0,0.52,0.071923405,5.09,0.59,50.56,0.09579539,165.01,2.74,368,0.24545744,0.42,17.23,0.10098227,13.87,0.2360539,0.16213971,-2.1168018076429207,1.69,-0.0,212,228,"6/22/24, 12:00 AM",DUMKA,194,2024-12-31,5.81,3.502762,391,381,397,391,3.7047918,2024-01-01,30.25016666666667,Kherwa,"{""geodesic"":false,""type"":""Point"",""coordinates"":[87.06952332363407,24.41122377254173]}"
1720_0,0.48,0.071923405,5.34,0.58,35.38,0.09579539,140.56,3.354,280,0.24545744,0.73,8.58,0.10098227,16.46,0.2360539,0.16213971,-2.1168018076429207,2.77,-0.0,212,228,"6/21/24, 12:00 AM",DUMKA,194,2024-12-31,5.48,3.502762,391,381,397,391,3.7047918,2024-01-01,30.25016666666667,Kherwa,"{""geodesic"":false,""type"":""Point"",""coordinates"":[87.06952332363407,24.41122377254173]}"
1729_0,0.35,0.060517795,4.88,0.63,8.01,0.084762715,114.51,14.5,371,0.24349576,0.55,10.32,0.08794153,7.48,0.25374323,0.17112373,3.51958959299166,0.19,270.0,226,243,"6/5/24, 12:00 AM",DUMKA,230,2024-12-31,5.75,3.4005349,395,381,379,376,3.0527306,2024-01-01,30.234400000000004,Chadna,"{""geodesic"":false,""type"":""Point"",""coordinates"":[86.96954083251157,24.410684783371263]}"
1730_0,0.65,0.09284,4.88,0.95,8.012,0.12092,114.51,14.5,371,0.29007715,0.59,10.32,0.1387,21.47,0.3189257,0.24108571,-0.45711032844447147,0.14,208.77666,211,227,"5/21/24, 12:00 AM",DUMKA,254,2024-12-31,5.52,3.3341472,419,407,370,365,2.1153827,2024-01-01,30.236514285714286,Bhalua,"{""geodesic"":false,""type"":""Point"",""coordinates"":[86.9307336122376,24.44275463901433]}"
1731_0,0.78,0.08928,2.68,0.96,38.62,0.11662572,100.11,9.26,361,0.27012572,0.67,18.51,0.13457714,15.47,0.30243143,0.23207143,-1.9673202012140136,0.45,106.88082,211,227,"5/21/24, 12:00 AM",DUMKA,256,2024-12-31,5.13,3.3341472,419,407,370,365,3.1907356,2024-01-01,30.236514285714286,Bhalua,"{""geodesic"":false,""type"":""Point"",""coordinates"":[86.93046411765236,24.443024133599565]}"
1732_0,0.42,0.09284,6.47,0.63,18.31,0.12092,165.01,5.39,235,0.29007715,0.69,9.31,0.1387,8.89,0.3189257,0.24108571,-0.45711032844447147,0.34,208.77666,211,227,"5/20/24, 12:00 AM",DUMKA,254,2024-12-31,4.87,3.3341472,419,407,370,365,2.1153827,2024-01-01,30.236514285714286,Bhalua,"{""geodesic"":false,""type"":""Point"",""coordinates"":[86.9307336122376,24.44275463901433]}"
1733_0,0.48,0.09284,5.12,0.89,64.26,0.12092,119.57,19.08,258,0.29007715,0.49,9.39,0.1387,12.49,0.3189257,0.24108571,-0.45711032844447147,0.46,208.77666,211,227,"5/20/24, 12:00 AM",DUMKA,254,2024-12-31,5.31,3.3341472,419,407,370,365,2.1153827,2024-01-01,30.236514285714286,Bhalua,"{""geodesic"":false,""type"":""Point"",""coordinates"":[86.9307336122376,24.44275463901433]}"
1734_0,0.45,0.09149143,5.65,0.93,51.57,0.11734286,96.87,15.48,212,0.27502573,0.48,11.36,0.13305715,11.57,0.29644856,0.22132857,-1.555724920219755,2.91,208.77672,211,227,"5/20/24, 12:00 AM",DUMKA,255,2024-12-31,5.51,3.3341472,419,407,370,365,2.1153836,2024-01-01,30.236514285714286,Bhalua,"{""geodesic"":false,""type"":""Point"",""coordinates"":[86.9307336122376,24.443024133599565]}"
1735_0,0.78,0.09149143,4.58,0.88,68,0.11734286,128.12,3.32,348,0.27502573,0.59,11.38,0.13305715,9.34,0.29644856,0.22132857,-1.555724920219755,2.04,208.77672,211,227,"5/20/24, 12:00 AM",DUMKA,255,2024-12-31,5.62,3.3341472,419,407,370,365,2.1153836,2024-01-01,30.236514285714286,Bhalua,"{""geodesic"":false,""type"":""Point"",""coordinates"":[86.9307336122376,24.443024133599565]}"
1736_0,0.46,0.047289208,5.78,0.59,59.83,0.06628201,100.11,11.26,262,0.27057123,0.47,6.31,0.05954676,18.67,0.20455612,0.1222259,-0.918252939032335,0.45,114.481094,225,238,"6/8/24, 12:00 AM",DUMKA,239,2024-12-31,4.95,3.4005349,393,384,382,378,2.2370543,2024-01-01,30.266333333333325,Dumriakalan,"{""geodesic"":false,""type"":""Point"",""coordinates"":[86.97924263758006,24.403947418740366]}"
1737_0,0.41,0.07319058,3.65,0.95,64.89,0.10464348,128.12,35.2,385,0.27766377,0.59,19.15,0.11861739,8.97,0.29034057,0.20958406,-2.235634581965155,1.18,77.174644,224,237,"6/8/24, 12:00 AM",DUMKA,231,2024-12-31,5.52,3.4005349,392,383,384,380,4.1708794,2024-01-01,30.26283333333334,Dumriakalan,"{""geodesic"":false,""type"":""Point"",""coordinates"":[86.9811290996767,24.40610337542225]}"
1738_0,0.62,0.07319058,4.01,0.72,29.67,0.10464348,150.06,32.8,388,0.27766377,0.55,16.68,0.11861739,8.67,0.29034057,0.20958406,-2.235634581965155,0.49,77.174644,224,237,"6/8/24, 12:00 AM",DUMKA,231,2024-12-31,5.52,3.4005349,392,383,384,380,4.1708794,2024-01-01,30.26283333333334,Dumriakalan,"{""geodesic"":false,""type"":""Point"",""coordinates"":[86.9811290996767,24.40610337542225]}"
1739_0,0.46,0.07181667,1.64,0.46,26.1,0.101623915,145.34,12.36,232,0.28998116,0.39,8.72,0.12486159,12.49,0.33613986,0.24241957,-1.819177853287869,2.17,132.3223,224,237,"5/29/24, 12:00 AM",DUMKA,233,2024-12-31,5.58,3.4005349,392,383,384,380,2.7529383,2024-01-01,30.26283333333334,Amri,"{""geodesic"":false,""type"":""Point"",""coordinates"":[86.98085960509147,24.405833880837015]}"
1740_0,0.48,0.07181667,5.12,0.48,64.26,0.101623915,119.57,19.08,258,0.28998116,0.57,9.39,0.12486159,16.67,0.33613986,0.24241957,-1.819177853287869,0.39,132.3223,224,237,"5/29/24, 12:00 AM",DUMKA,233,2024-12-31,5.61,3.4005349,392,383,384,380,2.7529383,2024-01-01,30.26283333333334,Amri,"{""geodesic"":false,""type"":""Point"",""coordinates"":[86.98085960509147,24.405833880837015]}"
1741_0,0.52,0.08094173,2.45,0.78,38.34,0.112460434,115.31,37.6,376,0.2788885,0.83,15.08,0.13511151,8.89,0.32988706,0.24993525,-1.6114220212170158,2.78,65.51929,224,237,"5/29/24, 12:00 AM",DUMKA,233,2024-12-31,5.83,3.4005349,392,383,384,380,2.237087,2024-01-01,30.266333333333325,Amri,"{""geodesic"":false,""type"":""Point"",""coordinates"":[86.98085960509147,24.40610337542225]}"
1742_0,0.52,0.07181667,5.09,0.93,50.56,0.101623915,165.01,2.74,368,0.28998116,0.69,17.23,0.12486159,7.47,0.33613986,0.24241957,-1.819177853287869,0.13,132.3223,224,237,"5/29/24, 12:00 AM",DUMKA,233,2024-12-31,4.72,3.4005349,392,383,384,380,2.7529383,2024-01-01,30.26283333333334,Amri,"{""geodesic"":false,""type"":""Point"",""coordinates"":[86.98085960509147,24.405833880837015]}"
1743_0,0.45,0.040775,8.93,0.45,18.72,0.061636113,100.11,1.562,265,0.24688056,0.94,6.34,0.054877777,9.47,0.189325,0.111625,-1.55599002520073,3.15,151.21796,229,242,"6/26/24, 12:00 AM",DUMKA,231,2024-12-31,5.47,3.3529615,390,380,380,378,2.1154916,2024-01-01,30.29438888888889,Dhandih,"{""geodesic"":false,""type"":""Point"",""coordinates"":[86.95148469530076,24.47078207587886]}"
1744_0,0.41,0.0708,3.56,0.35,40.42,0.091797225,118.47,11.73,235,0.26969722,0.35,9.31,0.09564722,16.67,0.25109166,0.174475,-1.8295568730507232,2.64,-0.0,231,243,"6/25/24, 12:00 AM",DUMKA,231,2024-12-31,4.99,3.3529615,391,380,379,377,2.7802885,2024-01-01,30.283777777777775,Dhandih,"{""geodesic"":false,""type"":""Point"",""coordinates"":[86.95121520071552,24.467009151685556]}"
1745_0,0.85,0.06843056,6.89,0.53,69.54,0.10126667,113.29,4.63,246,0.2599778,0.99,9.62,0.135875,12.49,0.3234639,0.2484111,-1.612343449642385,2.08,294.46976,231,243,"6/25/24, 12:00 AM",DUMKA,230,2024-12-31,5.44,3.3529615,391,380,379,377,2.2380252,2024-01-01,30.283777777777775,Dhandih,"{""geodesic"":false,""type"":""Point"",""coordinates"":[86.95202368447124,24.46997359212315]}"
1746_0,0.65,0.08038889,6.28,0.45,41.9,0.10345,101.26,14.15,248,0.24744722,0.69,6.39,0.11875278,8.89,0.2837111,0.22389722,-1.8198985454563037,2.03,47.69115,231,245,"6/25/24, 12:00 AM",DUMKA,231,2024-12-31,5.7,3.3529615,392,382,376,374,2.7536469,2024-01-01,30.29877777777778,Dhandih,"{""geodesic"":false,""type"":""Point"",""coordinates"":[86.95256267364171,24.46539218417414]}"
1747_0,0.48,0.08133889,5.66,0.69,45.62,0.10512222,101.22,23.82,258,0.25241667,0.69,9.39,0.11873333,9.34,0.27455556,0.2094,-0.8627837577464443,2.04,331.21902,228,240,"6/25/24, 12:00 AM",DUMKA,237,2024-12-31,5.65,3.3529615,388,378,384,381,2.1154702,2024-01-01,30.29877777777778,Dhandih,"{""geodesic"":false,""type"":""Point"",""coordinates"":[86.95013722237458,24.46539218417414]}"
1748_0,0.45,0.06843056,5.47,0.81,54.26,0.10126667,134.07,6.36,212,0.2599778,0.87,11.36,0.135875,14.65,0.3234639,0.2484111,-1.612343449642385,1.87,294.46976,231,243,"6/25/24, 12:00 AM",DUMKA,230,2024-12-31,5.15,3.3529615,391,380,379,377,2.2380252,2024-01-01,30.283777777777775,Dhandih,"{""geodesic"":false,""type"":""Point"",""coordinates"":[86.95202368447124,24.46997359212315]}"
1749_0,0.82,0.06843056,4.91,0.45,37.52,0.10126667,107.89,7.09,265,0.2599778,0.94,6.34,0.135875,18.65,0.3234639,0.2484111,-1.612343449642385,2.78,294.46976,231,243,"6/25/24, 12:00 AM",DUMKA,230,2024-12-31,5.47,3.3529615,391,380,379,377,2.2380252,2024-01-01,30.283777777777775,Dhandih,"{""geodesic"":false,""type"":""Point"",""coordinates"":[86.95202368447124,24.46997359212315]}"
1750_0,0.7,0.08487567,2.45,0.75,85.15,0.11138378,135,15.6,130,0.2624,0.39,20.35,0.11857568,12,0.25012162,0.18647297,-0.5050964120222856,0.67,79.68405,224,237,"3/24/24, 12:00 AM",DUMKA,227,2024-12-31,4.78,3.2468905,383,374,393,388,5.165273,2024-01-01,30.28788888888889,Gadi Kamardiha,"{""geodesic"":false,""type"":""Point"",""coordinates"":[86.93800996603898,24.481831353873527]}"
1751_0,0.46,0.05052857,7.01,0.41,43.42,0.07566571,76.34,22.32,243,0.24566571,0.63,4.36,0.08385429,15.45,0.23771429,0.17096858,-2.4968414127459058,0.14,290.00427,231,245,"6/24/24, 12:00 AM",DUMKA,243,2024-12-31,5.13,3.2468905,389,379,380,376,5.4063935,2024-01-01,30.278500000000008,Gadi Kamardiha,"{""geodesic"":false,""type"":""Point"",""coordinates"":[86.94420834149939,24.47590247299834]}"
1752_0,0.72,0.0521,5.78,0.59,59.83,0.07527429,100.11,11.26,262,0.25792572,0.47,6.31,0.07788857,14.48,0.24190858,0.1648,-2.9597087704603102,0.34,288.84482,231,245,"6/24/24, 12:00 AM",DUMKA,239,2024-12-31,4.95,3.2468905,389,379,380,376,8.55026,2024-01-01,30.278500000000008,Gadi Kamardiha,"{""geodesic"":false,""type"":""Point"",""coordinates"":[86.94393884691416,24.47590247299834]}"
1753_0,0.35,0.056016665,4.02,0.55,26.53,0.08053611,98.63,1.304,258,0.24773611,0.48,10.34,0.08980278,18.67,0.2502722,0.18946388,-1.460534113294893,1.34,195.35947,229,244,"6/24/24, 12:00 AM",DUMKA,237,2024-12-31,5.69,3.2468905,393,384,378,372,3.8416133,2024-01-01,30.278500000000008,Gadi Kamardiha,"{""geodesic"":false,""type"":""Point"",""coordinates"":[86.94286086857322,24.476171967583575]}"
1754_0,0.32,0.06572,5.65,0.89,51.57,0.095068574,96.87,15.48,212,0.26215714,0.49,11.36,0.10132,12.49,0.25411144,0.18467143,-1.7414913041692592,0.39,270.0,229,244,"6/24/24, 12:00 AM",DUMKA,228,2024-12-31,5.31,3.2468905,393,383,379,373,5.0820513,2024-01-01,30.278500000000008,Gadi Kamardiha,"{""geodesic"":false,""type"":""Point"",""coordinates"":[86.94070491189133,24.47778893509499]}"
1755_0,0.85,0.083775185,6.59,0.25,41.24,0.1298087,128.12,2.344,262,0.2865145,0.72,6.31,0.13820942,14.48,0.30562463,0.21574855,1.6850305064741813,0.47,114.488075,216,231,"5/17/24, 12:00 AM",DUMKA,170,2024-12-31,5.35,3.58974,390,381,394,388,2.2364566,2024-01-01,30.226555555555553,Uparbahiar,"{""geodesic"":false,""type"":""Point"",""coordinates"":[87.11398993019799,24.362984241784513]}"
1756_0,0.78,0.083775185,5.96,0.16,64.12,0.1298087,101.26,2.654,232,0.2865145,0.21,8.72,0.13820942,12.49,0.30562463,0.21574855,1.6850305064741813,0.56,114.488075,216,231,"5/17/24, 12:00 AM",DUMKA,170,2024-12-31,5.8,3.58974,390,381,394,388,2.2364566,2024-01-01,30.226555555555553,Uparbahiar,"{""geodesic"":false,""type"":""Point"",""coordinates"":[87.11398993019799,24.362984241784513]}"
1757_0,0.5,0.073674284,4.12,0.97,82.16,0.09207143,126.33,4.158,389,0.23681715,0.79,14.51,0.101534285,18.67,0.28981143,0.23925143,-1.611662379187354,0.26,245.5221,221,234,"5/29/24, 12:00 AM",DUMKA,264,2024-12-31,5.08,3.3341472,416,405,363,361,2.2373273,2024-01-01,30.249085714285716,Paharpur,"{""geodesic"":false,""type"":""Point"",""coordinates"":[86.91968433424293,24.42254254512164]}"
1758_0,0.75,0.07876449,5.62,0.45,42.32,0.11433986,175.53,15.47,277,0.3033174,0.94,11.06,0.1448942,18.65,0.35141593,0.26187465,0.8424986627716068,0.45,208.76996,224,237,"5/27/24, 12:00 AM",DUMKA,233,2024-12-31,5.47,3.4005349,392,383,384,380,2.1152468,2024-01-01,30.266333333333325,Basjora,"{""geodesic"":false,""type"":""Point"",""coordinates"":[86.9811290996767,24.40772034293367]}"
1759_0,0.41,0.053561863,9.41,0.61,10.15,0.07173051,129.12,29.24,278,0.23290677,0.69,6.94,0.06597712,18.67,0.20210339,0.1300678,4.225723615599451,0.34,47.678707,222,240,"6/4/24, 12:00 AM",DUMKA,231,2024-12-31,5.38,3.4005349,393,379,385,382,2.7529912,2024-01-01,30.234400000000004,Daldali,"{""geodesic"":false,""type"":""Point"",""coordinates"":[86.96927133792633,24.41014579420079]}"
1760_0,0.81,0.053561863,2.12,0.53,45.23,0.07173051,119.57,3.178,263,0.23290677,0.52,18.76,0.06597712,13.46,0.20210339,0.1300678,4.225723615599451,1.08,47.678707,222,240,"6/4/24, 12:00 AM",DUMKA,231,2024-12-31,5.63,3.4005349,393,379,385,382,2.7529912,2024-01-01,30.234400000000004,Daldali,"{""geodesic"":false,""type"":""Point"",""coordinates"":[86.96927133792633,24.41014579420079]}"
1761_0,0.41,0.053561863,4.88,0.95,8.012,0.07173051,114.51,14.5,371,0.23290677,0.59,10.32,0.06597712,11.57,0.20210339,0.1300678,4.225723615599451,1.13,47.678707,222,240,"5/29/24, 12:00 AM",DUMKA,231,2024-12-31,5.52,3.4005349,393,379,385,382,2.7529912,2024-01-01,30.234400000000004,Daldali,"{""geodesic"":false,""type"":""Point"",""coordinates"":[86.96927133792633,24.41014579420079]}"
1762_0,0.75,0.053561863,3.65,0.53,46.55,0.07173051,96.87,21.01,238,0.23290677,0.39,26.01,0.06597712,9.47,0.20210339,0.1300678,4.225723615599451,0.49,47.678707,222,240,"5/29/24, 12:00 AM",DUMKA,231,2024-12-31,4.68,3.4005349,393,379,385,382,2.7529912,2024-01-01,30.234400000000004,Daldali,"{""geodesic"":false,""type"":""Point"",""coordinates"":[86.96927133792633,24.41014579420079]}"
1763_0,0.42,0.053561863,6.47,0.42,18.31,0.07173051,165.01,5.39,235,0.23290677,0.59,9.31,0.06597712,8.97,0.20210339,0.1300678,4.225723615599451,0.56,47.678707,222,240,"5/29/24, 12:00 AM",DUMKA,231,2024-12-31,5.39,3.4005349,393,379,385,382,2.7529912,2024-01-01,30.234400000000004,Daldali,"{""geodesic"":false,""type"":""Point"",""coordinates"":[86.96927133792633,24.41014579420079]}"
1764_0,0.53,0.09460959,3.29,0.27,61.45,0.118534245,159.2,13.21,390,0.30700547,0.35,10.32,0.12736027,10.56,0.31544247,0.22239041,-2.64059654643219,0.45,77.171394,237,243,"5/6/24, 12:00 AM",DUMKA,115,2024-12-31,5.63,3.5241098,411,417,352,341,12.337387,2024-01-01,30.305542857142864,Daldali,"{""geodesic"":false,""type"":""Point"",""coordinates"":[87.53979137487065,24.37295554143824]}"
1765_0,0.78,0.08194191,5.69,0.45,40.5,0.12816642,92.78,20.76,267,0.26622263,0.39,8.58,0.14605986,16.67,0.3145,0.23512919,-0.729994943604921,0.54,180.0,225,239,"5/25/24, 12:00 AM",DUMKA,151,2024-12-31,5.91,3.5413055,374,371,401,390,0.92740995,2024-01-01,30.26494736842105,Bhalsumia,"{""geodesic"":false,""type"":""Point"",""coordinates"":[87.3613859594445,24.344658609988475]}"
1766_0,0.78,0.067371644,5.39,0.75,65.3,0.092262685,128.12,6.36,237,0.25790447,0.83,9.28,0.114346266,18.65,0.30325374,0.22315672,-2.4029753434849064,1.08,124.3134,225,243,"5/14/24, 12:00 AM",DUMKA,196,2024-12-31,4.89,3.6808677,378,371,397,385,4.923763,2024-01-01,30.278399999999998,Kusmaha,"{""geodesic"":false,""type"":""Point"",""coordinates"":[87.30128866693691,24.495306083135322]}"
1767_0,0.52,0.06853283,6.63,0.37,45.22,0.096537314,126.33,4.62,261,0.26252836,0.59,8.39,0.1286582,16.46,0.31781492,0.24056567,-1.5562233178799636,2.22,151.21326,225,243,"5/14/24, 12:00 AM",DUMKA,197,2024-12-31,5.63,3.6808677,378,371,397,385,2.115587,2024-01-01,30.278399999999998,Kusmaha,"{""geodesic"":false,""type"":""Point"",""coordinates"":[87.30101917235167,24.495306083135322]}"
1768_0,0.72,0.067371644,3.81,0.45,27.05,0.092262685,145.34,6.35,239,0.25790447,0.69,17.47,0.114346266,22.78,0.30325374,0.22315672,-2.4029753434849064,0.56,124.3134,225,243,"5/14/24, 12:00 AM",DUMKA,196,2024-12-31,5.5,3.6808677,378,371,397,385,4.923763,2024-01-01,30.278399999999998,Kusmaha,"{""geodesic"":false,""type"":""Point"",""coordinates"":[87.30128866693691,24.495306083135322]}"
1769_0,0.5,0.068670146,5.94,0.81,40.66,0.093537316,113.29,10.82,254,0.24879552,0.55,8.21,0.124755226,18.48,0.31280747,0.22959402,-2.1174659041364805,1.08,-0.0,225,243,"5/14/24, 12:00 AM",DUMKA,195,2024-12-31,4.81,3.6808677,378,371,397,385,3.7047918,2024-01-01,30.278399999999998,Kusmaha,"{""geodesic"":false,""type"":""Point"",""coordinates"":[87.30101917235167,24.49584507230579]}"
1770_0,0.42,0.07319058,3.65,0.46,46.55,0.10464348,96.87,21.01,238,0.27766377,0.98,26.01,0.11861739,13.87,0.29034057,0.20958406,-2.235634581965155,1.57,77.174644,224,237,"5/27/24, 12:00 AM",DUMKA,231,2024-12-31,4.88,3.4005349,392,383,384,380,4.1708794,2024-01-01,30.26283333333334,Baghmara,"{""geodesic"":false,""type"":""Point"",""coordinates"":[86.9811290996767,24.40610337542225]}"
1771_0,0.45,0.08094173,4.21,0.69,57.53,0.112460434,128.12,0.484,225,0.2788885,0.92,9.39,0.13511151,16.46,0.32988706,0.24993525,-1.6114220212170158,1.49,65.51929,224,237,"5/27/24, 12:00 AM",DUMKA,233,2024-12-31,5.54,3.4005349,392,383,384,380,2.237087,2024-01-01,30.266333333333325,Baghmara,"{""geodesic"":false,""type"":""Point"",""coordinates"":[86.98085960509147,24.40610337542225]}"
1772_0,0.43,0.08094173,6.47,0.48,18.31,0.112460434,165.01,5.39,235,0.2788885,0.85,9.31,0.13511151,22.78,0.32988706,0.24993525,-1.6114220212170158,0.97,65.51929,224,237,"5/27/24, 12:00 AM",DUMKA,233,2024-12-31,5.61,3.4005349,392,383,384,380,2.237087,2024-01-01,30.266333333333325,Baghmara,"{""geodesic"":false,""type"":""Point"",""coordinates"":[86.98085960509147,24.40610337542225]}"
1773_0,0.41,0.08094173,1.64,0.27,26.1,0.112460434,145.34,12.36,232,0.2788885,0.81,8.72,0.13511151,12.49,0.32988706,0.24993525,-1.6114220212170158,1.69,65.51929,224,237,"5/27/24, 12:00 AM",DUMKA,233,2024-12-31,4.85,3.4005349,392,383,384,380,2.237087,2024-01-01,30.266333333333325,Baghmara,"{""geodesic"":false,""type"":""Point"",""coordinates"":[86.98085960509147,24.40610337542225]}"
1776_0,0.46,0.08580286,5.66,0.55,45.62,0.11462285,126.33,23.82,243,0.25594285,0.85,4.36,0.13091429,16.67,0.2848857,0.20983428,1.6606474555557462,0.39,90.0,217,232,"5/15/24, 12:00 AM",DUMKA,257,2024-12-31,4.95,3.3341472,421,410,362,358,1.0184873,2024-01-01,30.27477777777777,Kendkhapra,"{""geodesic"":false,""type"":""Point"",""coordinates"":[86.91429444253822,24.41715265341692]}"
1777_0,0.46,0.078768656,2.45,0.92,38.34,0.100368656,115.31,37.6,376,0.26101193,0.57,15.08,0.1081403,14.48,0.27489105,0.20111492,-0.9193937565493857,2.77,245.53256,219,242,"5/14/24, 12:00 AM",DUMKA,178,2024-12-31,5.47,3.5832176,364,355,417,403,2.2382255,2024-01-01,30.28965714285715,Kendkhapra,"{""geodesic"":false,""type"":""Point"",""coordinates"":[87.13258505657926,24.483717815970177]}"
1778_0,0.45,0.093962856,2.68,0.96,38.62,0.110288575,100.11,9.26,361,0.22841571,0.67,18.51,0.12298714,16.67,0.24142429,0.18988714,2.0528759710885254,0.54,-0.0,223,246,"5/14/24, 12:00 AM",DUMKA,198,2024-12-31,5.13,3.4890735,391,382,386,372,0.0,2024-01-01,30.248666666666665,Kendkhapra,"{""geodesic"":false,""type"":""Point"",""coordinates"":[87.13959191579539,24.52252503624414]}"
1779_0,1.23,0.05710625,2.78,0.87,12.77,0.08645,119.57,30.5,261,0.27334687,0.59,8.2,0.09755625,15.45,0.27966562,0.19420938,-2.0797845689313985,0.34,301.25845,215,231,"5/25/24, 12:00 AM",DUMKA,250,2024-12-31,5.96,3.3341472,414,402,371,368,3.5702107,2024-01-01,30.28741176470588,Tetaria,"{""geodesic"":false,""type"":""Point"",""coordinates"":[86.93477603101614,24.422003555951168]}"
1780_0,0.53,0.05710625,5.94,0.27,40.66,0.08645,113.29,10.82,254,0.27334687,0.35,8.21,0.09755625,22.78,0.27966562,0.19420938,-2.0797845689313985,2.34,301.25845,215,231,"5/25/24, 12:00 AM",DUMKA,250,2024-12-31,5.63,3.3341472,414,402,371,368,3.5702107,2024-01-01,30.28741176470588,Tetaria,"{""geodesic"":false,""type"":""Point"",""coordinates"":[86.93477603101614,24.422003555951168]}"
1781_0,0.41,0.05710625,3.86,0.75,49.45,0.08645,107.89,10.95,243,0.27334687,0.31,8.32,0.09755625,12.49,0.27966562,0.19420938,-2.0797845689313985,0.49,301.25845,215,231,"5/25/24, 12:00 AM",DUMKA,250,2024-12-31,5.61,3.3341472,414,402,371,368,3.5702107,2024-01-01,30.28741176470588,Tetaria,"{""geodesic"":false,""type"":""Point"",""coordinates"":[86.93477603101614,24.422003555951168]}"
1782_0,0.81,0.05710625,8.11,0.45,61.77,0.08645,150.06,26.62,258,0.27334687,0.25,10.34,0.09755625,7.47,0.27966562,0.19420938,-2.0797845689313985,0.47,301.25845,215,231,"5/25/24, 12:00 AM",DUMKA,250,2024-12-31,5.24,3.3341472,414,402,371,368,3.5702107,2024-01-01,30.28741176470588,Tetaria,"{""geodesic"":false,""type"":""Point"",""coordinates"":[86.93477603101614,24.422003555951168]}"
1783_0,0.46,0.05710625,5.56,0.47,49.68,0.08645,119.37,4.646,262,0.27334687,0.63,6.31,0.09755625,14.65,0.27966562,0.19420938,-2.0797845689313985,0.99,301.25845,215,231,"5/25/24, 12:00 AM",DUMKA,250,2024-12-31,5.42,3.3341472,414,402,371,368,3.5702107,2024-01-01,30.28741176470588,Tetaria,"{""geodesic"":false,""type"":""Point"",""coordinates"":[86.93477603101614,24.422003555951168]}"
1784_0,0.45,0.062384374,6.89,0.41,38.45,0.095075,128.98,13.36,225,0.30892187,0.63,9.39,0.10021875,12.49,0.2918594,0.1926875,2.003318599552026,2.77,286.88348,215,231,"5/21/24, 12:00 AM",DUMKA,248,2024-12-31,5.13,3.3341472,414,402,371,368,3.1902475,2024-01-01,30.28741176470588,Tetaria,"{""geodesic"":false,""type"":""Point"",""coordinates"":[86.9345065364309,24.422003555951168]}"
1785_0,0.48,0.06275,5.35,0.49,93.26,0.09143611,145.34,10.15,384,0.23995556,0.63,16.96,0.09453055,16.46,0.22920278,0.15624444,1.4782076876184962,0.81,90.0,218,228,"6/18/24, 12:00 AM",DUMKA,250,2024-12-31,5.45,3.3341472,413,405,369,367,4.067799,2024-01-01,30.22308571428571,Barmasa,"{""geodesic"":false,""type"":""Point"",""coordinates"":[86.92076231258388,24.425506985559235]}"
1786_0,0.35,0.061944067,9.41,0.61,10.15,0.08709746,129.12,29.24,278,0.26563814,0.69,6.94,0.08749576,12.49,0.2520373,0.1678805,5.22081278856965,1.87,270.0,226,243,"6/12/24, 12:00 AM",DUMKA,231,2024-12-31,5.38,3.4005349,395,381,379,376,1.0184313,2024-01-01,30.234400000000004,Barmasa,"{""geodesic"":false,""type"":""Point"",""coordinates"":[86.96954083251157,24.410415288786027]}"
1787_0,0.32,0.053561863,2.12,0.53,45.23,0.07173051,119.57,3.178,263,0.23290677,0.52,18.76,0.06597712,8.46,0.20210339,0.1300678,4.225723615599451,2.2,47.678707,222,240,"6/12/24, 12:00 AM",DUMKA,231,2024-12-31,5.63,3.4005349,393,379,385,382,2.7529912,2024-01-01,30.234400000000004,Barmasa,"{""geodesic"":false,""type"":""Point"",""coordinates"":[86.96927133792633,24.41014579420079]}"
1788_0,0.81,0.05040254,5.34,0.42,35.38,0.07012288,140.56,3.354,280,0.24121949,0.85,8.58,0.059537288,14.48,0.1971034,0.122564405,5.22081278856965,0.39,270.0,222,240,"6/10/24, 12:00 AM",DUMKA,231,2024-12-31,4.87,3.4005349,393,379,385,382,1.0184313,2024-01-01,30.234400000000004,Barmasa,"{""geodesic"":false,""type"":""Point"",""coordinates"":[86.96954083251157,24.41014579420079]}"
1789_0,0.41,0.073674284,6.47,0.43,18.31,0.09207143,165.01,5.39,235,0.23681715,0.48,9.31,0.101534285,8.46,0.28981143,0.23925143,-1.611662379187354,1.69,245.5221,221,234,"5/28/24, 12:00 AM",DUMKA,264,2024-12-31,5.08,3.3341472,416,405,363,361,2.2373273,2024-01-01,30.249085714285716,Jhagrahi,"{""geodesic"":false,""type"":""Point"",""coordinates"":[86.91968433424293,24.42254254512164]}"
1790_0,0.41,0.08985151,4.03,0.58,90.91,0.1218,140.56,22.66,243,0.27633637,0.26,8.32,0.15564546,9.47,0.3259788,0.2441303,-2.15326049054304,0.26,15.353654,226,241,"6/19/24, 12:00 AM",DUMKA,253,2024-12-31,4.88,3.3341472,403,390,371,369,3.8415067,2024-01-01,30.214166666666667,Amba,"{""geodesic"":false,""type"":""Point"",""coordinates"":[86.94205238481752,24.426045974729703]}"
1791_0,0.81,0.08985151,4.02,0.55,26.53,0.1218,98.63,1.304,258,0.27633637,0.48,10.34,0.15564546,18.67,0.3259788,0.2441303,-2.15326049054304,0.81,15.353654,226,241,"6/19/24, 12:00 AM",DUMKA,253,2024-12-31,5.69,3.3341472,403,390,371,369,3.8415067,2024-01-01,30.214166666666667,Amba,"{""geodesic"":false,""type"":""Point"",""coordinates"":[86.94205238481752,24.426045974729703]}"
1792_0,0.85,0.08985151,4.56,0.69,60.34,0.1218,118.47,0.862,248,0.27633637,0.59,6.39,0.15564546,8.97,0.3259788,0.2441303,-2.15326049054304,0.45,15.353654,226,241,"6/19/24, 12:00 AM",DUMKA,253,2024-12-31,4.68,3.3341472,403,390,371,369,3.8415067,2024-01-01,30.214166666666667,Amba,"{""geodesic"":false,""type"":""Point"",""coordinates"":[86.94205238481752,24.426045974729703]}"
1793_0,0.48,0.08985151,5.71,0.93,60.54,0.1218,153.2,9.85,276,0.27633637,0.48,8.38,0.15564546,15.49,0.3259788,0.2441303,-2.15326049054304,0.49,15.353654,226,241,"6/19/24, 12:00 AM",DUMKA,253,2024-12-31,5.51,3.3341472,403,390,371,369,3.8415067,2024-01-01,30.214166666666667,Amba,"{""geodesic"":false,""type"":""Point"",""coordinates"":[86.94205238481752,24.426045974729703]}"
1794_0,0.45,0.08985151,5.23,0.27,103.18,0.1218,113.29,31.4,265,0.27633637,0.56,6.34,0.15564546,8.46,0.3259788,0.2441303,-2.15326049054304,2.22,15.353654,226,241,"6/19/24, 12:00 AM",DUMKA,253,2024-12-31,5.63,3.3341472,403,390,371,369,3.8415067,2024-01-01,30.214166666666667,Amba,"{""geodesic"":false,""type"":""Point"",""coordinates"":[86.94205238481752,24.426045974729703]}"
1795_0,0.46,0.08815757,6.59,0.37,47.85,0.11932121,128.12,15.66,274,0.2697212,0.68,10.59,0.15366666,8.67,0.32562727,0.24880606,-1.5555543661681235,0.99,208.77336,226,241,"6/19/24, 12:00 AM",DUMKA,252,2024-12-31,5.46,3.3341472,403,390,371,369,2.1153157,2024-01-01,30.214166666666667,Amba,"{""geodesic"":false,""type"":""Point"",""coordinates"":[86.94178289023228,24.425506985559235]}"
1796_0,0.35,0.08815757,6.89,0.59,38.45,0.11932121,126.33,13.36,254,0.2697212,0.47,8.21,0.15366666,16.46,0.32562727,0.24880606,-1.5555543661681235,0.45,208.77336,226,241,"6/19/24, 12:00 AM",DUMKA,252,2024-12-31,4.95,3.3341472,403,390,371,369,2.1153157,2024-01-01,30.214166666666667,Amba,"{""geodesic"":false,""type"":""Point"",""coordinates"":[86.94178289023228,24.425506985559235]}"
1797_0,0.81,0.08044242,3.65,0.59,64.89,0.11502727,128.12,35.2,385,0.27947274,0.42,19.15,0.13620606,13.87,0.30826667,0.22330606,-0.5058345623580961,0.36,20.107897,228,238,"6/18/24, 12:00 AM",DUMKA,245,2024-12-31,5.33,3.3341472,403,394,369,368,2.9604445,2024-01-01,30.214166666666667,Amba,"{""geodesic"":false,""type"":""Point"",""coordinates"":[86.94259137398798,24.427123953070648]}"
1798_0,0.81,0.09306364,5.34,0.37,35.38,0.12743637,140.56,3.354,280,0.26871818,0.58,8.58,0.1782697,14.48,0.34317878,0.27039394,-2.2487026013718676,0.54,331.22653,226,241,"6/18/24, 12:00 AM",DUMKA,252,2024-12-31,5.53,3.3341472,403,390,371,369,4.224885,2024-01-01,30.214166666666667,Amba,"{""geodesic"":false,""type"":""Point"",""coordinates"":[86.94178289023228,24.426045974729703]}"
1799_0,0.46,0.08627143,5.34,0.37,35.38,0.1157,140.56,3.354,280,0.27442285,0.58,8.58,0.13080572,8.89,0.30868572,0.22704571,1.6606474555557462,2.78,270.0,217,232,"6/14/24, 12:00 AM",DUMKA,257,2024-12-31,5.53,3.3341472,421,410,362,358,1.0184873,2024-01-01,30.27477777777777,Amba,"{""geodesic"":false,""type"":""Point"",""coordinates"":[86.91375545336774,24.41715265341692]}"
1800_0,0.85,0.08627143,6.11,0.51,58.62,0.1157,107.89,26.3,368,0.27442285,0.43,17.41,0.13080572,9.34,0.30868572,0.22704571,1.6606474555557462,2.2,270.0,217,232,"6/14/24, 12:00 AM",DUMKA,257,2024-12-31,5.77,3.3341472,421,410,362,358,1.0184873,2024-01-01,30.27477777777777,Amba,"{""geodesic"":false,""type"":""Point"",""coordinates"":[86.91375545336774,24.41715265341692]}"
1801_0,0.35,0.07266,2.45,0.63,38.34,0.10613429,115.31,37.6,376,0.29896,0.48,15.08,0.12128857,22.78,0.32443428,0.23547429,0.9674980520193587,2.34,90.0,217,232,"6/14/24, 12:00 AM",DUMKA,257,2024-12-31,5.71,3.3341472,421,410,362,358,2.036336,2024-01-01,30.27477777777777,Amba,"{""geodesic"":false,""type"":""Point"",""coordinates"":[86.91375545336774,24.417422148002156]}"
1802_0,0.52,0.07266,4.88,0.56,8.012,0.10613429,114.51,14.5,371,0.29896,0.37,10.32,0.12128857,14.48,0.32443428,0.23547429,0.9674980520193587,1.35,90.0,217,232,"6/14/24, 12:00 AM",DUMKA,257,2024-12-31,5.79,3.3341472,421,410,362,358,2.036336,2024-01-01,30.27477777777777,Amba,"{""geodesic"":false,""type"":""Point"",""coordinates"":[86.91375545336774,24.417422148002156]}"
1803_0,0.48,0.07266,4.12,0.31,82.16,0.10613429,126.33,4.158,389,0.29896,0.52,14.51,0.12128857,18.67,0.32443428,0.23547429,0.9674980520193587,0.56,90.0,217,232,"6/14/24, 12:00 AM",DUMKA,257,2024-12-31,5.73,3.3341472,421,410,362,358,2.036336,2024-01-01,30.27477777777777,Amba,"{""geodesic"":false,""type"":""Point"",""coordinates"":[86.91375545336774,24.417422148002156]}"
1804_0,0.45,0.07266,5.34,0.58,35.38,0.10613429,140.56,3.354,280,0.29896,0.73,8.58,0.12128857,16.67,0.32443428,0.23547429,0.9674980520193587,2.17,90.0,217,232,"6/14/24, 12:00 AM",DUMKA,257,2024-12-31,5.48,3.3341472,421,410,362,358,2.036336,2024-01-01,30.27477777777777,Amba,"{""geodesic"":false,""type"":""Point"",""coordinates"":[86.91375545336774,24.417422148002156]}"
1805_0,0.49,0.08273572,2.89,0.87,44.57,0.11480284,107.89,31.06,264,0.23823687,0.37,9.39,0.11500567,7.48,0.2597766,0.19465674,-0.12982773564914016,0.49,90.0,233,247,"5/27/24, 12:00 AM",DUMKA,150,2024-12-31,5.05,3.4132357,387,386,379,366,1.0178343,2024-01-01,30.279257142857148,Amba,"{""geodesic"":false,""type"":""Point"",""coordinates"":[87.34548577891559,24.336034783260928]}"
1806_0,0.65,0.08273572,4.58,0.89,38.65,0.11480284,140.56,3.862,249,0.23823687,0.47,18.18,0.11500567,16.67,0.2597766,0.19465674,-0.12982773564914016,0.36,90.0,233,247,"5/25/24, 12:00 AM",DUMKA,150,2024-12-31,5.74,3.4132357,387,386,379,366,1.0178343,2024-01-01,30.279257142857148,Amba,"{""geodesic"":false,""type"":""Point"",""coordinates"":[87.34548577891559,24.336034783260928]}"
1807_0,0.5,0.05710625,9.41,0.63,10.15,0.08645,126.33,29.24,285,0.27334687,0.65,6.94,0.09755625,11.57,0.27966562,0.19420938,-2.0797845689313985,2.14,301.25845,215,231,"5/25/24, 12:00 AM",DUMKA,250,2024-12-31,5.65,3.3341472,414,402,371,368,3.5702107,2024-01-01,30.28741176470588,Amba,"{""geodesic"":false,""type"":""Point"",""coordinates"":[86.93477603101614,24.422003555951168]}"
1808_0,0.57,0.062384374,3.28,0.45,42.34,0.095075,106.77,20.18,258,0.30892187,0.47,9.39,0.10021875,21.47,0.2918594,0.1926875,2.003318599552026,1.69,286.88348,215,231,"5/25/24, 12:00 AM",DUMKA,248,2024-12-31,5.72,3.3341472,414,402,371,368,3.1902475,2024-01-01,30.28741176470588,Amba,"{""geodesic"":false,""type"":""Point"",""coordinates"":[86.9345065364309,24.422003555951168]}"
1809_0,0.58,0.062384374,7.46,0.49,69.5,0.095075,139.14,1.676,254,0.30892187,1,8.21,0.10021875,15.49,0.2918594,0.1926875,2.003318599552026,2.42,286.88348,215,231,"5/25/24, 12:00 AM",DUMKA,248,2024-12-31,4.98,3.3341472,414,402,371,368,3.1902475,2024-01-01,30.28741176470588,Amba,"{""geodesic"":false,""type"":""Point"",""coordinates"":[86.9345065364309,24.422003555951168]}"
1810_0,0.53,0.0696625,6.12,0.61,26.17,0.1038375,76.34,5.83,215,0.27770936,0.69,10.24,0.1194375,15.45,0.29963437,0.21460313,2.844089933693252,1.08,227.68135,215,231,"5/25/24, 12:00 AM",DUMKA,247,2024-12-31,5.38,3.3341472,414,402,371,368,1.3773601,2024-01-01,30.28741176470588,Amba,"{""geodesic"":false,""type"":""Point"",""coordinates"":[86.93423704184568,24.422003555951168]}"
1811_0,0.49,0.05855,3.56,0.35,40.42,0.086640626,118.47,11.73,235,0.24530312,0.35,9.31,0.09463438,13.46,0.24995938,0.17093125,3.3965615525680883,0.46,-0.0,215,231,"5/17/24, 12:00 AM",DUMKA,248,2024-12-31,4.99,3.3341472,414,402,371,368,0.92740995,2024-01-01,30.28741176470588,Amba,"{""geodesic"":false,""type"":""Point"",""coordinates"":[86.9345065364309,24.422273050536404]}"
1812_0,0.81,0.097232394,5.47,0.69,54.26,0.12479155,100.11,6.36,235,0.2678352,0.67,9.31,0.1475183,13.46,0.2927324,0.23692676,-1.5564632179950109,1.18,331.20847,206,223,"5/15/24, 12:00 AM",DUMKA,208,2024-12-31,5.58,3.6155806,414,410,380,367,2.1156845,2024-01-01,30.304882352941178,Kusmaha,"{""geodesic"":false,""type"":""Point"",""coordinates"":[87.15603108549477,24.520369079562254]}"
1813_0,0.85,0.09324225,5.24,0.75,57.82,0.12714648,145.34,6.36,254,0.29759577,0.71,8.21,0.18338309,15.49,0.38212958,0.31286055,-1.1997904728238704,2.42,20.121328,202,217,"5/15/24, 12:00 AM",DUMKA,199,2024-12-31,4.88,3.6155806,414,411,384,372,2.9606984,2024-01-01,30.304882352941178,Kusmaha,"{""geodesic"":false,""type"":""Point"",""coordinates"":[87.15441411798336,24.518482617465605]}"
1814_0,0.57,0.07886338,2.29,0.37,25.64,0.10469155,98.63,22.32,243,0.2846507,0.47,8.32,0.11996901,12.49,0.29135352,0.21916479,-1.6712414841249348,0.46,192.39778,206,221,"5/15/24, 12:00 AM",DUMKA,207,2024-12-31,5.5,3.6155806,415,411,379,368,4.7373543,2024-01-01,30.304882352941178,Kusmaha,"{""geodesic"":false,""type"":""Point"",""coordinates"":[87.15495310715384,24.519560595806546]}"
1815_0,0.46,0.09324225,1.73,0.46,83.27,0.12714648,107.89,5.438,276,0.29759577,0.57,8.38,0.18338309,18.65,0.38212958,0.31286055,-1.1997904728238704,2.78,20.121328,202,217,"5/15/24, 12:00 AM",DUMKA,199,2024-12-31,5.69,3.6155806,414,411,384,372,2.9606984,2024-01-01,30.304882352941178,Kusmaha,"{""geodesic"":false,""type"":""Point"",""coordinates"":[87.15441411798336,24.518482617465605]}"
1816_0,0.65,0.07319058,6.89,0.45,38.45,0.10464348,126.33,13.36,255,0.27766377,0.56,8.21,0.11861739,22.78,0.29034057,0.20958406,-2.235634581965155,2.17,77.174644,224,237,"5/28/24, 12:00 AM",DUMKA,231,2024-12-31,5.02,3.4005349,392,383,384,380,4.1708794,2024-01-01,30.26283333333334,Patsar,"{""geodesic"":false,""type"":""Point"",""coordinates"":[86.9811290996767,24.40610337542225]}"
1817_0,0.45,0.07438813,3.65,0.53,46.55,0.10647203,96.87,21.01,238,0.25776103,0.39,26.01,0.12069661,21.47,0.25984237,0.18938136,4.225723615599451,0.14,47.678707,226,243,"6/8/24, 12:00 AM",DUMKA,231,2024-12-31,4.68,3.4005349,395,381,379,376,2.7529912,2024-01-01,30.234400000000004,Bhalki,"{""geodesic"":false,""type"":""Point"",""coordinates"":[86.96927133792633,24.410415288786027]}"
1818_0,0.45,0.053561863,4.02,0.55,26.53,0.07173051,98.63,1.304,258,0.23290677,0.48,10.34,0.06597712,13.46,0.20210339,0.1300678,4.225723615599451,0.49,47.678707,222,240,"6/8/24, 12:00 AM",DUMKA,231,2024-12-31,5.69,3.4005349,393,379,385,382,2.7529912,2024-01-01,30.234400000000004,Bhalki,"{""geodesic"":false,""type"":""Point"",""coordinates"":[86.96927133792633,24.41014579420079]}"
1819_0,0.78,0.053561863,5.35,0.41,93.26,0.07173051,145.34,10.15,384,0.23290677,0.59,16.64,0.06597712,17.48,0.20210339,0.1300678,4.225723615599451,0.81,47.678707,222,240,"6/8/24, 12:00 AM",DUMKA,231,2024-12-31,5.09,3.4005349,393,379,385,382,2.7529912,2024-01-01,30.234400000000004,Bhalki,"{""geodesic"":false,""type"":""Point"",""coordinates"":[86.96927133792633,24.41014579420079]}"
1820_0,0.78,0.053561863,3.65,0.52,64.89,0.07173051,128.12,35.2,385,0.23290677,0.59,19.15,0.06597712,14.65,0.20210339,0.1300678,4.225723615599451,0.47,47.678707,222,240,"6/8/24, 12:00 AM",DUMKA,231,2024-12-31,5.83,3.4005349,393,379,385,382,2.7529912,2024-01-01,30.234400000000004,Bhalki,"{""geodesic"":false,""type"":""Point"",""coordinates"":[86.96927133792633,24.41014579420079]}"
1821_0,0.46,0.053561863,5.35,0.49,93.26,0.07173051,145.34,10.15,384,0.23290677,0.63,16.96,0.06597712,15.47,0.20210339,0.1300678,4.225723615599451,0.23,47.678707,222,240,"6/8/24, 12:00 AM",DUMKA,231,2024-12-31,5.45,3.4005349,393,379,385,382,2.7529912,2024-01-01,30.234400000000004,Bhalki,"{""geodesic"":false,""type"":""Point"",""coordinates"":[86.96927133792633,24.41014579420079]}"
1822_0,0.39,0.053561863,5.34,0.58,35.38,0.07173051,140.56,3.354,280,0.23290677,0.73,9,0.06597712,12.49,0.20210339,0.1300678,4.225723615599451,0.34,47.678707,222,240,"6/8/24, 12:00 AM",DUMKA,231,2024-12-31,5.48,3.4005349,393,379,385,382,2.7529912,2024-01-01,30.234400000000004,Bhalki,"{""geodesic"":false,""type"":""Point"",""coordinates"":[86.96927133792633,24.41014579420079]}"
1823_0,0.41,0.055372808,5.12,0.89,64.26,0.07985351,119.57,19.08,258,0.23324035,0.49,9.39,0.08466667,15.45,0.22912982,0.16312632,-0.730500065166057,0.14,-0.0,226,243,"6/13/24, 12:00 AM",DUMKA,235,2024-12-31,5.31,3.4005349,395,381,379,376,0.92740995,2024-01-01,30.234400000000004,Bara,"{""geodesic"":false,""type"":""Point"",""coordinates"":[86.96819335958538,24.410415288786027]}"
1824_0,0.85,0.055372808,5.23,1,103.18,0.07985351,113.29,31.4,265,0.23324035,0.63,6.34,0.08466667,14.48,0.22912982,0.16312632,-0.730500065166057,1,-0.0,226,243,"6/13/24, 12:00 AM",DUMKA,235,2024-12-31,4.95,3.4005349,395,381,379,376,0.92740995,2024-01-01,30.234400000000004,Bara,"{""geodesic"":false,""type"":""Point"",""coordinates"":[86.96819335958538,24.410415288786027]}"
1825_0,0.78,0.053561863,4.12,0.49,82.16,0.07173051,126.33,4.158,389,0.23290677,0.67,14.51,0.06597712,12.49,0.20210339,0.1300678,4.225723615599451,1.18,47.678707,222,240,"6/12/24, 12:00 AM",DUMKA,231,2024-12-31,4.89,3.4005349,393,379,385,382,2.7529912,2024-01-01,30.234400000000004,Bara,"{""geodesic"":false,""type"":""Point"",""coordinates"":[86.96927133792633,24.41014579420079]}"
1826_0,0.65,0.053561863,2.68,0.47,38.62,0.07173051,100.11,9.26,361,0.23290677,0.63,18.51,0.06597712,11.57,0.20210339,0.1300678,4.225723615599451,2.42,47.678707,222,240,"6/12/24, 12:00 AM",DUMKA,231,2024-12-31,5.42,3.4005349,393,379,385,382,2.7529912,2024-01-01,30.234400000000004,Bara,"{""geodesic"":false,""type"":""Point"",""coordinates"":[86.96927133792633,24.41014579420079]}"
1827_0,0.35,0.053561863,4.88,0.56,8.012,0.07173051,114.51,14.5,371,0.23290677,0.37,10.32,0.06597712,18.67,0.20210339,0.1300678,4.225723615599451,2.2,47.678707,222,240,"6/12/24, 12:00 AM",DUMKA,231,2024-12-31,5.79,3.4005349,393,379,385,382,2.7529912,2024-01-01,30.234400000000004,Bara,"{""geodesic"":false,""type"":""Point"",""coordinates"":[86.96927133792633,24.41014579420079]}"
1828_0,0.52,0.051467795,2.78,0.71,63.27,0.07170085,106.77,0.482,358,0.26437202,0.53,13.37,0.059972033,21.47,0.18260762,0.107550845,3.7403242230365787,0.14,65.52,222,240,"6/12/24, 12:00 AM",DUMKA,233,2024-12-31,5.63,3.4005349,393,379,385,382,4.4674954,2024-01-01,30.234400000000004,Bara,"{""geodesic"":false,""type"":""Point"",""coordinates"":[86.96900184334109,24.41014579420079]}"
1829_0,0.72,0.05040254,4.12,0.31,82.16,0.07012288,126.33,4.158,389,0.24121949,0.52,14.51,0.059537288,13.46,0.1971034,0.122564405,5.22081278856965,0.26,270.0,222,240,"6/12/24, 12:00 AM",DUMKA,231,2024-12-31,5.73,3.4005349,393,379,385,382,1.0184313,2024-01-01,30.234400000000004,Bara,"{""geodesic"":false,""type"":""Point"",""coordinates"":[86.96954083251157,24.41014579420079]}"
1830_0,0.75,0.08941825,9.41,0.55,10.15,0.13424493,126.33,29.24,285,0.2851029,0.87,6.94,0.14540651,12.49,0.3024732,0.22096522,1.9190107185557082,1.79,312.33194,216,231,"6/28/24, 12:00 AM",DUMKA,171,2024-12-31,5.47,3.58974,390,381,394,388,1.3770094,2024-01-01,30.226555555555553,Thanpur,"{""geodesic"":false,""type"":""Point"",""coordinates"":[87.11345094102751,24.362984241784513]}"
1831_0,0.65,0.08941825,2.15,0.69,35.81,0.13424493,100.11,17.12,325,0.2851029,0.92,9.28,0.14540651,11.57,0.3024732,0.22096522,1.9190107185557082,0.14,312.33194,216,231,"5/17/24, 12:00 AM",DUMKA,171,2024-12-31,5.54,3.58974,390,381,394,388,1.3770094,2024-01-01,30.226555555555553,Thanpur,"{""geodesic"":false,""type"":""Point"",""coordinates"":[87.11345094102751,24.362984241784513]}"
1836_0,0.81,0.05052857,4.33,0.39,87.92,0.07566571,101.22,13.66,248,0.24566571,0.47,10.38,0.08385429,13.46,0.23771429,0.17096858,-2.4968414127459058,2.04,290.00427,231,245,"6/20/24, 12:00 AM",DUMKA,243,2024-12-31,4.98,3.2468905,389,379,380,376,5.4063935,2024-01-01,30.278500000000008,Majhiladih,"{""geodesic"":false,""type"":""Point"",""coordinates"":[86.94420834149939,24.47590247299834]}"
1837_0,0.65,0.05052857,3.25,0.39,96.34,0.07566571,113.29,14.2,245,0.24566571,0.53,11.28,0.08385429,15.47,0.23771429,0.17096858,-2.4968414127459058,2.78,290.00427,231,245,"6/20/24, 12:00 AM",DUMKA,243,2024-12-31,5.17,3.2468905,389,379,380,376,5.4063935,2024-01-01,30.278500000000008,Majhiladih,"{""geodesic"":false,""type"":""Point"",""coordinates"":[86.94420834149939,24.47590247299834]}"
1838_0,0.8,0.06812353,5.78,0.62,59.83,0.09717647,120.14,11.26,245,0.27317646,0.55,10.24,0.11705,15.45,0.29048824,0.22606176,-1.5183993421892903,2.22,90.0,222,234,"6/25/24, 12:00 AM",DUMKA,239,2024-12-31,5.71,3.2468905,385,378,392,388,2.0373542,2024-01-01,30.27148571428572,Jangalpur,"{""geodesic"":false,""type"":""Point"",""coordinates"":[86.92049281799864,24.480483880947347]}"
1839_0,0.62,0.070429415,4.56,0.87,60.34,0.10315588,147.88,0.862,248,0.28552648,0.37,2.2,0.1269647,14.48,0.29671764,0.23943824,-0.8252521570924534,2.17,90.0,222,234,"6/25/24, 12:00 AM",DUMKA,238,2024-12-31,5.05,3.2468905,385,378,392,388,1.0189992,2024-01-01,30.27148571428572,Jangalpur,"{""geodesic"":false,""type"":""Point"",""coordinates"":[86.92076231258388,24.480483880947347]}"
1840_0,0.78,0.069070585,5.12,0.73,64.26,0.10132353,100.12,19.08,245,0.25940883,0.37,22.35,0.12950294,9.47,0.28279412,0.22337647,-0.7310534840170441,0.34,-0.0,222,234,"6/25/24, 12:00 AM",DUMKA,240,2024-12-31,5.05,3.2468905,385,378,392,388,0.92740995,2024-01-01,30.27148571428572,Jangalpur,"{""geodesic"":false,""type"":""Point"",""coordinates"":[86.92022332341341,24.480483880947347]}"
1841_0,0.56,0.072508335,7.01,0.42,43.42,0.10362778,76.34,22.32,243,0.29285833,0.59,4.36,0.11918055,16.67,0.277375,0.20709167,-2.0431783410459228,0.45,47.69373,221,238,"6/25/24, 12:00 AM",DUMKA,235,2024-12-31,5.39,3.2468905,385,375,394,388,6.85684,2024-01-01,30.28872222222223,Jangalpur,"{""geodesic"":false,""type"":""Point"",""coordinates"":[86.92291826926576,24.476710956754047]}"
1842_0,0.5,0.08323889,4.02,0.69,26.53,0.10560556,98.63,1.304,258,0.20497222,0.59,10.34,0.13421111,13.46,0.28892222,0.24470556,-1.9237980958115735,0.56,90.0,220,232,"6/24/24, 12:00 AM",DUMKA,242,2024-12-31,4.68,3.2468905,385,376,396,392,3.0543222,2024-01-01,30.28872222222223,Jangalpur,"{""geodesic"":false,""type"":""Point"",""coordinates"":[86.92210978551006,24.47644146216881]}"
1843_0,0.65,0.060908332,5.23,0.31,103.18,0.08726667,113.29,31.4,265,0.25129443,0.63,6.34,0.10284167,15.67,0.25891387,0.19526666,-2.5392527814831687,2.77,190.37704,229,238,"6/24/24, 12:00 AM",DUMKA,239,2024-12-31,4.95,3.2468905,377,370,395,392,5.639201,2024-01-01,30.28961111111111,Jangalpur,"{""geodesic"":false,""type"":""Point"",""coordinates"":[86.92049281799864,24.47428550548692]}"
1844_0,0.52,0.06999143,6.47,0.63,18.31,0.091825716,165.01,9.39,235,0.24365,0.69,9.31,0.100842856,18.48,0.24474715,0.18053,-2.0446587901455078,0.26,36.227814,224,243,"5/15/24, 12:00 AM",DUMKA,178,2024-12-31,4.87,3.4890735,368,362,408,395,3.4451592,2024-01-01,30.223351351351347,Lachhmipur,"{""geodesic"":false,""type"":""Point"",""coordinates"":[87.1320460674088,24.500426480254802]}"
1845_0,0.48,0.101254284,2.89,0.29,44.57,0.11917857,107.89,31.06,264,0.29314286,0.56,9.39,0.13061714,8.67,0.27517,0.20071286,-1.8298428711168975,0.34,180.0,226,244,"5/14/24, 12:00 AM",DUMKA,188,2024-12-31,5.27,3.4890735,378,368,397,388,2.7802885,2024-01-01,30.223351351351347,Lachhmipur,"{""geodesic"":false,""type"":""Point"",""coordinates"":[87.13420202409067,24.50312142610716]}"
1846_0,0.26,0.1347324,0.87,0.52,20.48,0.16200987,175.168,25.63,201.22,0.26425353,0.47,14.07,0.18717042,10.47,0.29817042,0.24725774,-3.087023084469156,1.84,148.59099,202,217,"5/8/24, 12:00 AM",DUMKA,203,2024-12-31,5.26,3.6155806,414,411,384,372,9.687203,2024-01-01,30.304882352941178,Bauria,"{""geodesic"":false,""type"":""Point"",""coordinates"":[87.15360563422766,24.519021606636077]}"
1847_0,0.49,0.07001286,2.17,0.41,27.5,0.09870572,140.576,25.33,275.49,0.27446714,0.52,10.47,0.112192854,14.22,0.24889,0.17472428,-2.1540786423896914,0.94,344.63504,208,233,"5/8/24, 12:00 AM",DUMKA,212,2024-12-31,5.41,3.6155806,406,395,386,372,3.8417144,2024-01-01,30.23738888888889,Bauria,"{""geodesic"":false,""type"":""Point"",""coordinates"":[87.1689668255861,24.52333351999985]}"
1848_0,0.29,0.07001286,1.25,0.42,32.02,0.09870572,148.512,26.31,292.11,0.27446714,0.49,11.42,0.112192854,12.04,0.24889,0.17472428,-2.1540786423896914,1.49,344.63504,208,233,"5/8/24, 12:00 AM",DUMKA,212,2024-12-31,5.34,3.6155806,406,395,386,372,3.8417144,2024-01-01,30.23738888888889,Bauria,"{""geodesic"":false,""type"":""Point"",""coordinates"":[87.1689668255861,24.52333351999985]}"
1849_0,0.68,0.07001286,0.78,0.49,26.33,0.09870572,217.84,25.36,285.38,0.27446714,0.43,12.12,0.112192854,9.52,0.24889,0.17472428,-2.1540786423896914,1.45,344.63504,208,233,"5/8/24, 12:00 AM",DUMKA,212,2024-12-31,5.44,3.6155806,406,395,386,372,3.8417144,2024-01-01,30.23738888888889,Bauria,"{""geodesic"":false,""type"":""Point"",""coordinates"":[87.1689668255861,24.52333351999985]}"
1850_0,0.46,0.06393194,1.52,0.52,26.5,0.08471111,205.408,25.23,282.12,0.2735625,0.49,18.74,0.082815275,13.05,0.24032916,0.16842778,-1.3517808876103639,1.32,36.233433,218,237,"5/8/24, 12:00 AM",DUMKA,209,2024-12-31,5.18,3.6155806,423,416,359,347,3.445406,2024-01-01,30.23233333333334,Bauria,"{""geodesic"":false,""type"":""Point"",""coordinates"":[87.16492440680756,24.526297960437443]}"
1851_0,0.57,0.06812222,0.84,0.43,19.63,0.09210555,181.888,25.36,179.33,0.28405833,0.57,14.22,0.09957917,14.2,0.24639028,0.17962083,-0.43434798564146815,1.45,47.70501,218,237,"5/8/24, 12:00 AM",DUMKA,207,2024-12-31,5.36,3.6155806,423,416,359,347,1.3779851,2024-01-01,30.23233333333334,Bauria,"{""geodesic"":false,""type"":""Point"",""coordinates"":[87.1651939013928,24.526297960437443]}"
1852_0,0.42,0.06812222,1.48,0.56,21.4,0.09210555,216.608,23.45,155.12,0.28405833,0.41,10.27,0.09957917,13.02,0.24639028,0.17962083,-0.43434798564146815,0.88,47.70501,218,237,"5/8/24, 12:00 AM",DUMKA,207,2024-12-31,5.21,3.6155806,423,416,359,347,1.3779851,2024-01-01,30.23233333333334,Bauria,"{""geodesic"":false,""type"":""Point"",""coordinates"":[87.1651939013928,24.526297960437443]}"
1853_0,0.29,0.06812222,2.14,0.46,24.6,0.09210555,225.68,25.33,275.14,0.28405833,0.53,14.78,0.09957917,10.74,0.24639028,0.17962083,-0.43434798564146815,1.62,47.70501,218,237,"5/8/24, 12:00 AM",DUMKA,207,2024-12-31,5.24,3.6155806,423,416,359,347,1.3779851,2024-01-01,30.23233333333334,Bauria,"{""geodesic"":false,""type"":""Point"",""coordinates"":[87.1651939013928,24.526297960437443]}"
1854_0,0.52,0.06812222,1.52,0.41,26.3,0.09210555,159.376,24.26,291.42,0.28405833,0.41,18.74,0.09957917,12.04,0.24639028,0.17962083,-0.43434798564146815,1.69,47.70501,218,237,"5/8/24, 12:00 AM",DUMKA,207,2024-12-31,5.28,3.6155806,423,416,359,347,1.3779851,2024-01-01,30.23233333333334,Bauria,"{""geodesic"":false,""type"":""Point"",""coordinates"":[87.1651939013928,24.526297960437443]}"
1855_0,0.5,0.09622394,1.65,0.53,23.26,0.124656335,218.736,26.39,279.3,0.26161832,0.43,18.45,0.14950845,14.02,0.29771692,0.24482113,-1.9244848160125532,1.62,90.0,206,223,"5/8/24, 12:00 AM",DUMKA,208,2024-12-31,5.17,3.6155806,414,410,380,367,3.0553865,2024-01-01,30.304882352941178,Bauria,"{""geodesic"":false,""type"":""Point"",""coordinates"":[87.15630058008001,24.520369079562254]}"
1856_0,0.27,0.09324225,1.28,0.45,25.4,0.12714648,205.184,29.36,248.12,0.29759577,0.51,14.25,0.18338309,13.02,0.38212958,0.31286055,-1.1997904728238704,1.25,20.121328,202,217,"5/8/24, 12:00 AM",DUMKA,199,2024-12-31,5.68,3.6155806,414,411,384,372,2.9606984,2024-01-01,30.304882352941178,Bauria,"{""geodesic"":false,""type"":""Point"",""coordinates"":[87.15441411798336,24.518482617465605]}"
1857_0,0.41,0.08114648,1.25,0.43,25.63,0.10962958,170.91199999999998,25.36,275.42,0.27158028,0.41,14.78,0.1318831,9.25,0.28403804,0.22533663,-1.8929569417593697,1.27,339.8784,206,223,"5/8/24, 12:00 AM",DUMKA,206,2024-12-31,5.19,3.6155806,414,410,380,367,2.9607036,2024-01-01,30.304882352941178,Bauria,"{""geodesic"":false,""type"":""Point"",""coordinates"":[87.15603108549477,24.52063857414749]}"
1858_0,0.35,0.097232394,2.85,0.52,24.5,0.12479155,216.72,25.14,285.42,0.2678352,0.43,16.85,0.1475183,9.52,0.2927324,0.23692676,-1.5564632179950109,1.52,331.20847,206,223,"5/8/24, 12:00 AM",DUMKA,208,2024-12-31,5.75,3.6155806,414,410,380,367,2.1156845,2024-01-01,30.304882352941178,Bauria,"{""geodesic"":false,""type"":""Point"",""coordinates"":[87.15603108549477,24.520369079562254]}"
1859_0,0.42,0.06641739,1.44,0.47,32.5,0.09166232,183.26,25.66,301.26,0.25382608,0.51,14.25,0.097928986,12.45,0.2776855,0.19115072,0.08186958853613145,0.75,235.68742,217,234,"5/7/24, 12:00 AM",DUMKA,201,2024-12-31,4.87,3.6432247,365,360,418,406,4.9238663,2024-01-01,30.288171428571427,Bauria,"{""geodesic"":false,""type"":""Point"",""coordinates"":[87.28781393767511,24.49907900732862]}"
1860_0,0.25,0.049625,1.27,0.52,31.06,0.070357814,151.42,22.52,316.52,0.2515922,0.53,14.78,0.06100156,10.45,0.191425,0.11711406,-1.5437729128370459,1.02,77.18287,212,228,"5/7/24, 12:00 AM",DUMKA,205,2024-12-31,5.26,3.6432247,382,377,406,395,4.1735015,2024-01-01,30.25205714285714,Bauria,"{""geodesic"":false,""type"":""Point"",""coordinates"":[87.29185635645365,24.489646696845366]}"
1861_0,0.5,0.080434285,5.5,0.4,65.12,0.11952143,110,12.61,293,0.30285856,0.95,19.2,0.14599143,8,0.31801286,0.25411287,-1.613476313615301,0.59,294.45627,211,222,"4/21/24, 12:00 AM",DUMKA,222,2024-12-31,6.29,3.6524582,391,382,398,397,4.4715495,2024-01-01,30.304594594594594,Kamarbandha,"{""geodesic"":false,""type"":""Point"",""coordinates"":[87.27029678963478,24.54866601101202]}"
1862_0,0.49,0.08431429,4,0.6,64.06,0.116885714,75.12,13.26,333,0.26256427,0.92,15.2,0.14366286,14,0.29934144,0.23633428,-1.684081597113212,0.78,320.49347,211,222,"4/21/24, 12:00 AM",DUMKA,222,2024-12-31,5.99,3.6524582,391,382,398,397,4.797202,2024-01-01,30.304594594594594,Kamarbandha,"{""geodesic"":false,""type"":""Point"",""coordinates"":[87.27029678963478,24.548396516426784]}"
1863_0,0.38,0.057889394,2.44,0.47,31.5,0.08522273,159.712,25.36,269.3,0.27246365,0.55,15.46,0.08462879,12.42,0.2858303,0.18490757,-1.9680963517253511,1.46,106.87429,223,242,"5/8/24, 12:00 AM",DUMKA,193,2024-12-31,5.41,3.6432247,381,375,396,384,6.364174,2024-01-01,30.277828571428568,Kamarbandha,"{""geodesic"":false,""type"":""Point"",""coordinates"":[87.29805473191408,24.49476709396485]}"
1864_0,0.42,0.09468493,1.55,0.56,23.5,0.11169041,204.13,21.78,266.41,0.2552411,0.53,12.88,0.11541781,13.94,0.25942466,0.17648493,-2.079125106931059,0.98,58.731815,237,243,"5/7/24, 12:00 AM",DUMKA,102,2024-12-31,5.21,3.5241098,411,417,352,341,7.110942,2024-01-01,30.305542857142864,Bhagabandh,"{""geodesic"":false,""type"":""Point"",""coordinates"":[87.54006086945587,24.373494530608713]}"
1865_0,0.68,0.08897945,0.87,0.52,31.6,0.11046439,174.42,26.54,325.12,0.26892054,0.47,13.49,0.12241918,13.49,0.27414247,0.19206986,-1.459672898893075,1.25,15.347543,237,243,"5/7/24, 12:00 AM",DUMKA,102,2024-12-31,5.27,3.5241098,411,417,352,341,3.8413947,2024-01-01,30.305542857142864,Bhagabandh,"{""geodesic"":false,""type"":""Point"",""coordinates"":[87.54033036404111,24.373225036023477]}"
1866_0,0.46,0.09864657,2.51,0.52,25.7,0.11963562,178.94,20.46,269.38,0.2808178,0.42,14.77,0.12773561,13.26,0.28973013,0.2013274,-1.1356775015651088,0.85,-0.0,237,243,"5/7/24, 12:00 AM",DUMKA,100,2024-12-31,5.22,3.5241098,411,417,352,341,2.7802885,2024-01-01,30.305542857142864,Bhagabandh,"{""geodesic"":false,""type"":""Point"",""coordinates"":[87.54033036404111,24.373494530608713]}"
1867_0,0.27,0.084947884,1.48,0.41,26.5,0.11444507,185.808,26.35,269.53,0.27680424,0.47,18.44,0.13069154,12.12,0.31691128,0.23015633,0.8876282474279845,1.15,227.70079,227,250,"5/10/24, 12:00 AM",DUMKA,185,2024-12-31,5.35,3.4890735,371,357,402,393,5.4956408,2024-01-01,30.240499999999997,Tharikhasia,"{""geodesic"":false,""type"":""Point"",""coordinates"":[87.14336483998869,24.50770283405617]}"
1868_0,0.35,0.06589552,1.29,0.44,33.2,0.09288508,159.712,29.14,254.12,0.30030447,0.47,14.05,0.10367612,11.02,0.2718418,0.18858956,-2.0445771401614006,0.86,323.7738,228,245,"5/10/24, 12:00 AM",DUMKA,197,2024-12-31,5.12,3.6432247,374,370,397,386,3.4450877,2024-01-01,30.278399999999998,Tharikhasia,"{""geodesic"":false,""type"":""Point"",""coordinates"":[87.29832422649932,24.493150126453433]}"
1869_0,0.22,0.07091791,2.36,0.47,25.17,0.09916716,192.976,28.21,275.48,0.26113284,0.42,15.55,0.12804328,9.42,0.31674477,0.23942687,-2.5858771519891808,0.93,159.88214,225,243,"5/10/24, 12:00 AM",DUMKA,194,2024-12-31,5.17,3.6808677,378,371,397,385,5.905539,2024-01-01,30.278399999999998,Tharikhasia,"{""geodesic"":false,""type"":""Point"",""coordinates"":[87.30128866693691,24.495036588550086]}"
1870_0,0.52,0.076858334,1.63,0.48,25.14,0.10257361,154.82,32.05,226.85,0.27209306,0.41,10.89,0.12536527,12.45,0.274025,0.20248055,-1.4247819730710678,1.74,180.0,220,240,"5/10/24, 12:00 AM",DUMKA,198,2024-12-31,5.13,3.2748663,391,378,389,381,1.8543341,2024-01-01,30.27522222222222,Purnia,"{""geodesic"":false,""type"":""Point"",""coordinates"":[87.10213216844761,24.55459489188721]}"
1871_0,0.42,0.06999143,1.85,0.49,25.6,0.091825716,192.08,21.45,219.2,0.24365,0.41,11.25,0.100842856,13.42,0.24474715,0.18053,-2.0446587901455078,0.58,36.227814,224,243,"5/9/24, 12:00 AM",DUMKA,178,2024-12-31,5.24,3.4890735,368,362,408,395,3.4451592,2024-01-01,30.223351351351347,Bindasarai,"{""geodesic"":false,""type"":""Point"",""coordinates"":[87.1320460674088,24.500426480254802]}"
1872_0,0.48,0.06999143,1.52,0.43,25.9,0.091825716,207.536,23.14,275.34,0.24365,0.42,12.42,0.100842856,11.74,0.24474715,0.18053,-2.0446587901455078,0.58,36.227814,224,243,"5/9/24, 12:00 AM",DUMKA,178,2024-12-31,5.27,3.4890735,368,362,408,395,3.4451592,2024-01-01,30.223351351351347,Bindasarai,"{""geodesic"":false,""type"":""Point"",""coordinates"":[87.1320460674088,24.500426480254802]}"
1873_0,0.54,0.06999143,0.78,0.58,33.5,0.091825716,183.456,20.58,288.51,0.24365,0.53,14.75,0.100842856,12.49875,0.24474715,0.18053,-2.0446587901455078,0.42,36.227814,224,243,"5/9/24, 12:00 AM",DUMKA,178,2024-12-31,5.41,3.4890735,368,362,408,395,3.4451592,2024-01-01,30.223351351351347,Bindasarai,"{""geodesic"":false,""type"":""Point"",""coordinates"":[87.1320460674088,24.500426480254802]}"
1874_0,0.28,0.06999143,1.45,0.56,20.45,0.091825716,181.776,24.22,269.33,0.24365,0.49,10.56,0.100842856,14.77125,0.24474715,0.18053,-2.0446587901455078,0.96,36.227814,224,243,"5/9/24, 12:00 AM",DUMKA,178,2024-12-31,5.21,3.4890735,368,362,408,395,3.4451592,2024-01-01,30.223351351351347,Bindasarai,"{""geodesic"":false,""type"":""Point"",""coordinates"":[87.1320460674088,24.500426480254802]}"
1875_0,0.27,0.08528451,0.85,0.58,32.5,0.10553662,215.376,20.45,297.63,0.22855915,0.53,18.180000000000003,0.118904226,10.47,0.25149295,0.20697747,-1.820416239771022,1.65,227.70071,226,246,"5/8/24, 12:00 AM",DUMKA,175,2024-12-31,5.16,3.4890735,374,365,400,389,2.7541518,2024-01-01,30.219243243243238,Khasia,"{""geodesic"":false,""type"":""Point"",""coordinates"":[87.12530870277789,24.507433339470932]}"
1876_0,0.19,0.08528451,1.22,0.47,26.5,0.10553662,192.08,32.09,282.24,0.22855915,0.43,16.869999999999983,0.118904226,10.44,0.25149295,0.20697747,-1.820416239771022,1.3,227.70071,226,246,"5/8/24, 12:00 AM",DUMKA,175,2024-12-31,5.02,3.4890735,374,365,400,389,2.7541518,2024-01-01,30.219243243243238,Khasia,"{""geodesic"":false,""type"":""Point"",""coordinates"":[87.12530870277789,24.507433339470932]}"
1877_0,0.48,0.08528451,0.87,0.52,29.2,0.10553662,202.272,21.56,279.15,0.22855915,0.49,14.77125,0.118904226,10.48,0.25149295,0.20697747,-1.820416239771022,1.69,227.70071,226,246,"5/8/24, 12:00 AM",DUMKA,175,2024-12-31,5.14,3.4890735,374,365,400,389,2.7541518,2024-01-01,30.219243243243238,Khasia,"{""geodesic"":false,""type"":""Point"",""coordinates"":[87.12530870277789,24.507433339470932]}"
1878_0,0.48,0.08170857,1.45,0.42,23.15,0.102837145,203.51,26.55,265.15,0.26604286,0.45,10.86,0.12222857,10.47,0.2875943,0.20623572,-3.039797678053156,1.05,186.27138,224,243,"5/10/24, 12:00 AM",DUMKA,181,2024-12-31,5.22,3.4890735,368,362,408,395,9.24955,2024-01-01,30.223351351351347,Bagbindha,"{""geodesic"":false,""type"":""Point"",""coordinates"":[87.13312404574974,24.50069597484004]}"
1879_0,0.54,0.08800857,1.42,0.48,20.45,0.10829714,148.96,32.05,265.18,0.28342858,0.42,15.46,0.11104286,12.53,0.2783843,0.19368857,-1.8927812509410193,1.02,200.11867,224,243,"5/10/24, 12:00 AM",DUMKA,177,2024-12-31,5.42,3.4890735,368,362,408,395,2.960648,2024-01-01,30.223351351351347,Bagbindha,"{""geodesic"":false,""type"":""Point"",""coordinates"":[87.13339354033496,24.500426480254802]}"
1880_0,0.47,0.07194154,2.12,0.23,10,0.10070462,100,1.66,163,0.2532631,0.53,8.61,0.13832924,12,0.3096246,0.25034153,-1.6128746285359647,2.43,65.536575,222,233,"3/19/24, 12:00 AM",DUMKA,207,2024-12-31,6.1,3.6524582,394,390,384,377,2.2385693,2024-01-01,30.2335,Phitkoria,"{""geodesic"":false,""type"":""Point"",""coordinates"":[87.25008469574209,24.506894350300463]}"
1881_0,0.15,0.07267015,6.42,0.43,96,0.09673582,215,0.35,176,0.2821806,0.29,16.3,0.09810597,10,0.2780597,0.19282089,-2.153839601282582,2.31,195.3617,211,227,"3/30/24, 12:00 AM",DUMKA,201,2024-12-31,5.26,3.6432247,368,359,421,414,3.8416543,2024-01-01,30.2688,Harwa Dangal,"{""geodesic"":false,""type"":""Point"",""coordinates"":[87.26571538168578,24.495306083135322]}"
1882_0,0.36,0.102468655,1.98,0.58,74,0.13718358,205,24.76,238,0.31252387,0.42,14.2,0.16904029,8,0.32513732,0.24798657,-2.4971291672496916,1.86,110.00141,211,227,"3/30/24, 12:00 AM",DUMKA,200,2024-12-31,5.18,3.6432247,368,359,421,414,5.407127,2024-01-01,30.2688,Harwa Dangal,"{""geodesic"":false,""type"":""Point"",""coordinates"":[87.265984876271,24.495306083135322]}"
1883_0,0.42,0.07748508,5.56,0.58,39,0.10205821,205,25,182,0.26609254,0.62,17.7,0.11523283,10,0.27754328,0.20222835,-2.2257272197580615,1.18,132.30211,211,227,"3/22/24, 12:00 AM",DUMKA,198,2024-12-31,4.28,3.6432247,368,359,421,414,4.127035,2024-01-01,30.2688,Harwa Dangal,"{""geodesic"":false,""type"":""Point"",""coordinates"":[87.265984876271,24.495036588550086]}"
1884_0,0.26,0.07268209,3.46,0.75,85,0.095971644,135,18.32,217,0.25797164,0.48,12.3,0.10880597,18,0.25525075,0.19556567,0.5609768818130607,2.21,270.0,218,234,"3/22/24, 12:00 AM",DUMKA,209,2024-12-31,4.24,3.6432247,373,368,409,398,1.019033,2024-01-01,30.25205714285714,Manrro,"{""geodesic"":false,""type"":""Point"",""coordinates"":[87.29023938894224,24.484795794311122]}"
1885_0,0.46,0.0796597,2.65,1.11,87,0.09918209,195,17.96,219,0.20239104,0.43,14.7,0.11905224,17,0.24488507,0.20647015,-1.6125565409705638,1.98,294.46725,218,234,"3/22/24, 12:00 AM",DUMKA,212,2024-12-31,5.04,3.6432247,373,368,409,398,2.238242,2024-01-01,30.25205714285714,Manrro,"{""geodesic"":false,""type"":""Point"",""coordinates"":[87.2907783781127,24.484795794311122]}"
1886_0,0.36,0.0796597,3.16,0.69,65,0.09918209,178,12,240,0.20239104,0.69,15.6,0.11905224,15,0.24488507,0.20647015,-1.6125565409705638,1.7,294.46725,218,234,"3/22/24, 12:00 AM",DUMKA,212,2024-12-31,4.56,3.6432247,373,368,409,398,2.238242,2024-01-01,30.25205714285714,Manrro,"{""geodesic"":false,""type"":""Point"",""coordinates"":[87.2907783781127,24.484795794311122]}"
1887_0,0.28,0.090111114,1.46,0.52,20.3,0.11671389,204.176,31.26,288.31,0.2763764,0.43,13.2,0.12640278,10.47,0.28935,0.2103486,-0.8258944253188581,0.35,270.0,246,270,"5/9/24, 12:00 AM",DUMKA,171,2024-12-31,5.84,3.4890735,377,367,377,363,3.055427,2024-01-01,30.256388888888882,Majhdiha,"{""geodesic"":false,""type"":""Point"",""coordinates"":[87.11857133814699,24.52198604707367]}"
1888_0,0.25,0.090111114,0.76,0.44,30.22,0.11671389,171.808,25.17,237.02,0.2763764,0.41,18.74,0.12640278,12.42,0.28935,0.2103486,-0.8258944253188581,0.25,270.0,246,270,"5/9/24, 12:00 AM",DUMKA,171,2024-12-31,5.22,3.4890735,377,367,377,363,3.055427,2024-01-01,30.256388888888882,Majhdiha,"{""geodesic"":false,""type"":""Point"",""coordinates"":[87.11857133814699,24.52198604707367]}"
1889_0,0.44,0.090111114,0.48,0.58,34.5,0.11671389,162.64,20.89,275.18,0.2763764,0.35,13.62,0.12640278,12.74,0.28935,0.2103486,-0.8258944253188581,0.45,270.0,246,270,"5/9/24, 12:00 AM",DUMKA,171,2024-12-31,5.07,3.4890735,377,367,377,363,3.055427,2024-01-01,30.256388888888882,Majhdiha,"{""geodesic"":false,""type"":""Point"",""coordinates"":[87.11857133814699,24.52198604707367]}"
1890_0,0.4,0.06566818,1.72,0.47,26.3,0.09052424,139.552,26.14,279.3,0.26359847,0.43,13.74,0.106027275,12.42,0.3019485,0.21257272,-2.0445779032581535,0.62,36.226246,228,245,"5/9/24, 12:00 AM",DUMKA,197,2024-12-31,5.2,3.6432247,374,370,397,386,3.4450903,2024-01-01,30.278399999999998,Majhdiha,"{""geodesic"":false,""type"":""Point"",""coordinates"":[87.29886321566978,24.49341962103867]}"
1891_0,0.45,0.082643665,2.74,0.52,24.15,0.10652817,214.75,32.05,279.52,0.2523493,0.45,10.56,0.12439718,14.72,0.25832114,0.18964225,-2.195972121011132,1.58,337.60242,224,243,"5/8/24, 12:00 AM",DUMKA,188,2024-12-31,5.19,3.4890735,388,376,388,381,7.9734683,2024-01-01,30.223351351351347,Gamharia,"{""geodesic"":false,""type"":""Point"",""coordinates"":[87.14066989413634,24.504738393618574]}"
1892_0,0.69,0.082643665,2.33,0.46,28.3,0.10652817,169.96,32.6,275.48,0.2523493,0.57,10.44,0.12439718,12.04,0.25832114,0.18964225,-2.195972121011132,1.61,337.60242,224,243,"5/8/24, 12:00 AM",DUMKA,188,2024-12-31,5.84,3.4890735,388,376,388,381,7.9734683,2024-01-01,30.223351351351347,Gamharia,"{""geodesic"":false,""type"":""Point"",""coordinates"":[87.14066989413634,24.504738393618574]}"
1893_0,0.38,0.10040278,1.25,0.46,31.2,0.1393236,204.512,31.25,285.41,0.3008264,0.41,13.23,0.18275417,12.05,0.36740416,0.28567085,-1.275379164135082,0.91,73.12933,200,216,"5/8/24, 12:00 AM",DUMKA,217,2024-12-31,5.28,3.6155806,415,408,385,377,3.1925967,2024-01-01,30.220166666666657,Gamharia,"{""geodesic"":false,""type"":""Point"",""coordinates"":[87.17462621187606,24.52333351999985]}"
1894_0,0.6,0.06812222,1.26,0.53,28.4,0.09210555,172.81599999999997,25.74,272.41,0.28405833,0.44,16.85,0.09957917,12.42,0.24639028,0.17962083,-0.43434798564146815,1.37,47.70501,218,237,"5/8/24, 12:00 AM",DUMKA,207,2024-12-31,5.24,3.6155806,423,416,359,347,1.3779851,2024-01-01,30.23233333333334,Gamharia,"{""geodesic"":false,""type"":""Point"",""coordinates"":[87.1651939013928,24.526297960437443]}"
1895_0,0.46,0.08689394,1.45,0.56,24.78,0.109039396,151.98399999999998,32.05,288.51,0.2709197,0.44,15.986879999999998,0.111881815,12.02,0.2957803,0.21641667,-2.2116631956350075,1.69,90.0,225,246,"5/7/24, 12:00 AM",DUMKA,176,2024-12-31,4.92,3.5832176,365,357,410,396,4.069811,2024-01-01,30.27000000000001,Susania,"{""geodesic"":false,""type"":""Point"",""coordinates"":[87.12881213238596,24.488029729333952]}"
1896_0,0.46,0.066526085,1.38,0.42,34.2,0.09401594,139.43999999999997,25.26,310.23,0.2820319,0.41,16.38,0.10820725,10.24,0.26526523,0.19546232,0.9667510711780415,1.47,90.0,228,247,"5/7/24, 12:00 AM",DUMKA,187,2024-12-31,4.88,3.5832176,371,362,401,391,1.0188756,2024-01-01,30.25344444444444,Susania,"{""geodesic"":false,""type"":""Point"",""coordinates"":[87.10294065220332,24.46539218417414]}"
1897_0,0.42,0.07403383,1.69,0.56,22.7,0.103539705,209.216,33.16,263.28,0.28343087,0.43,10.78,0.13524118,12.44,0.35496765,0.26609707,0.2358255231511872,1.34,208.78087,228,247,"5/7/24, 12:00 AM",DUMKA,184,2024-12-31,4.82,3.5832176,371,362,401,391,2.115468,2024-01-01,30.25344444444444,Susania,"{""geodesic"":false,""type"":""Point"",""coordinates"":[87.1034796413738,24.46485319500367]}"
1898_0,0.25,0.07314776,1.96,0.49,30.26,0.10279403,219.072,32.55,332.05,0.27261493,0.41,15.42,0.13466418,12.42,0.34435374,0.25342387,-2.4289231895923367,1.35,23.728357,223,242,"5/7/24, 12:00 AM",DUMKA,191,2024-12-31,4.87,3.6432247,381,375,396,384,5.0525527,2024-01-01,30.278399999999998,Susania,"{""geodesic"":false,""type"":""Point"",""coordinates"":[87.29994119401073,24.494497599379613]}"
1899_0,0.15,0.07314776,1.35,0.43,31.6,0.10279403,182.784,23.58,297.36,0.27261493,0.41,10.84,0.13466418,14.72,0.34435374,0.25342387,-2.4289231895923367,0.75,23.728357,223,242,"5/7/24, 12:00 AM",DUMKA,191,2024-12-31,5.18,3.6432247,381,375,396,384,5.0525527,2024-01-01,30.278399999999998,Susania,"{""geodesic"":false,""type"":""Point"",""coordinates"":[87.29994119401073,24.494497599379613]}"
1900_0,0.57,0.07078955,0.89,0.44,33.2,0.09907015,193.52,25.46,301.26,0.2703791,0.47,18.45,0.11436418,12.49875,0.31408957,0.22682537,-1.820254815672393,1.35,47.697697,223,242,"5/7/24, 12:00 AM",DUMKA,193,2024-12-31,5.17,3.6432247,381,375,396,384,2.753992,2024-01-01,30.278399999999998,Susania,"{""geodesic"":false,""type"":""Point"",""coordinates"":[87.29994119401073,24.494228104794377]}"
1901_0,0.24,0.079038806,0.76,0.54,20.4,0.10721493,159.63,28.63,257.41,0.27211046,0.43,14.25,0.14173284,13.635,0.3564627,0.26728657,-2.0181669532190707,0.96,245.53453,223,242,"5/7/24, 12:00 AM",DUMKA,191,2024-12-31,5.26,3.6808677,381,375,396,384,6.6880555,2024-01-01,30.278399999999998,Susania,"{""geodesic"":false,""type"":""Point"",""coordinates"":[87.30021068859597,24.495036588550086]}"
1902_0,0.37,0.07078955,1.84,0.52,26.9,0.09907015,183.29,24.57,263.42,0.2703791,0.43,14.07,0.11436418,11.74125,0.31408957,0.22682537,-1.820254815672393,0.79,47.697697,223,242,"5/7/24, 12:00 AM",DUMKA,193,2024-12-31,5.02,3.6432247,381,375,396,384,2.753992,2024-01-01,30.278399999999998,Susania,"{""geodesic"":false,""type"":""Point"",""coordinates"":[87.29994119401073,24.494228104794377]}"
1903_0,0.41,0.07524627,1.47,0.46,31.2,0.099304475,192.38,24.18,304.19,0.25499105,0.49,13.26,0.12718657,12.5,0.3423,0.2555821,-1.4243187084243223,0.35,-0.0,223,242,"5/7/24, 12:00 AM",DUMKA,197,2024-12-31,5.48,3.6808677,381,375,396,384,1.8543341,2024-01-01,30.278399999999998,Susania,"{""geodesic"":false,""type"":""Point"",""coordinates"":[87.3004801831812,24.49584507230579]}"
1904_0,0.41,0.07314776,1.22,0.47,30.16,0.10279403,217.04,32.05,268.59,0.27261493,0.45,10.47,0.13466418,12.45,0.34435374,0.25342387,-2.4289231895923367,0.51,23.728357,223,242,"5/7/24, 12:00 AM",DUMKA,191,2024-12-31,4.84,3.6432247,381,375,396,384,5.0525527,2024-01-01,30.278399999999998,Susania,"{""geodesic"":false,""type"":""Point"",""coordinates"":[87.29994119401073,24.494497599379613]}"
1905_0,0.25,0.077991046,1.09,0.56,20.45,0.108247764,225.49,26.23,282.41,0.28530896,0.42,15.42,0.14223582,9.16,0.35516268,0.26237315,-1.1995807143625892,0.58,339.8822,223,242,"5/7/24, 12:00 AM",DUMKA,188,2024-12-31,4.76,3.6432247,381,375,396,384,2.9606318,2024-01-01,30.278399999999998,Susania,"{""geodesic"":false,""type"":""Point"",""coordinates"":[87.29994119401073,24.49476709396485]}"
1906_0,0.46,0.07057612,0.24,0.42,33.26,0.09844776,152.64,26.14,263.45,0.2788403,0.42,17.48,0.11579552,12.47,0.32095075,0.22457612,-1.9680905012621304,0.68,73.12564,225,243,"5/7/24, 12:00 AM",DUMKA,191,2024-12-31,5.19,3.6808677,378,371,397,385,3.1919196,2024-01-01,30.278399999999998,Susania,"{""geodesic"":false,""type"":""Point"",""coordinates"":[87.30021068859597,24.494228104794377]}"
1907_0,0.44,0.06991176,0.78,0.48,33.2,0.089833826,151.98399999999998,26.58,266.59,0.22319706,0.42,12.12,0.102295585,11.24,0.25371617,0.20324117,-1.1271655634077455,0.42,132.3011,230,245,"5/7/24, 12:00 AM",DUMKA,192,2024-12-31,5.28,3.6808677,364,360,406,395,1.3778235,2024-01-01,30.278399999999998,Susania,"{""geodesic"":false,""type"":""Point"",""coordinates"":[87.3072175478121,24.499348501913857]}"
1908_0,0.42,0.06117059,0.89,0.42,32.6,0.08152794,184.576,26.48,332.42,0.2303897,0.42,12.8775,0.08966324,9.25,0.24446176,0.19164559,-1.424342613605855,1.48,180.0,231,246,"5/7/24, 12:00 AM",DUMKA,192,2024-12-31,5.26,3.6808677,367,363,403,391,1.8543341,2024-01-01,30.278399999999998,Susania,"{""geodesic"":false,""type"":""Point"",""coordinates"":[87.30775653698257,24.498809512743385]}"
1909_0,0.42,0.065644115,0.88,0.56,26.3,0.08490147,216.608,30.26,265.45,0.22434705,0.37,13.489999999999991,0.09687059,10.74,0.24482794,0.18976471,-1.1271655634077455,0.29,227.6989,230,245,"5/7/24, 12:00 AM",DUMKA,192,2024-12-31,5.44,3.6808677,364,360,406,395,1.3778235,2024-01-01,30.278399999999998,Susania,"{""geodesic"":false,""type"":""Point"",""coordinates"":[87.30748704239733,24.499348501913857]}"
1910_0,0.35,0.06991176,2.81,0.52,24.6,0.089833826,183.008,28.24,297.48,0.22319706,0.49,14.77125,0.102295585,12.05,0.25371617,0.20324117,-1.1271655634077455,0.96,132.3011,230,245,"5/7/24, 12:00 AM",DUMKA,192,2024-12-31,5.41,3.6808677,364,360,406,395,1.3778235,2024-01-01,30.278399999999998,Susania,"{""geodesic"":false,""type"":""Point"",""coordinates"":[87.3072175478121,24.499348501913857]}"
1911_0,0.42,0.06346323,1.24,0.41,31.2,0.08478088,160.72,23.14,315.2,0.23736471,0.47,15.46,0.09487794,12.44,0.22146764,0.1605,-2.428964222167535,0.45,156.27084,230,245,"5/7/24, 12:00 AM",DUMKA,193,2024-12-31,5.41,3.6808677,364,360,406,395,5.052583,2024-01-01,30.278399999999998,Susania,"{""geodesic"":false,""type"":""Point"",""coordinates"":[87.30587007488592,24.49907900732862]}"
1912_0,0.44,0.06853283,0.58,0.42,26.52,0.096537314,216.53,25.25,258.44,0.26252836,0.39,15.42,0.1286582,8.42,0.31781492,0.24056567,-1.5562233178799636,0.74,151.21326,225,243,"5/7/24, 12:00 AM",DUMKA,197,2024-12-31,5.12,3.6808677,378,371,397,385,2.115587,2024-01-01,30.278399999999998,Susania,"{""geodesic"":false,""type"":""Point"",""coordinates"":[87.30101917235167,24.495306083135322]}"
1913_0,0.58,0.06891791,0.88,0.46,26.3,0.09803881,172.42,21.85,275.48,0.2629209,0.41,0.94,0.12989104,9.25,0.3247194,0.24802239,-1.5562233178799636,1.52,208.78674,225,243,"5/7/24, 12:00 AM",DUMKA,197,2024-12-31,5.01,3.6808677,378,371,397,385,2.115587,2024-01-01,30.278399999999998,Susania,"{""geodesic"":false,""type"":""Point"",""coordinates"":[87.30074967776643,24.495306083135322]}"
1914_0,0.54,0.06853283,0.73,0.54,31.2,0.096537314,197.48,29.56,272.41,0.26252836,0.41,15.47,0.1286582,11.42,0.31781492,0.24056567,-1.5562233178799636,1.61,151.21326,225,243,"5/7/24, 12:00 AM",DUMKA,197,2024-12-31,4.82,3.6808677,378,371,397,385,2.115587,2024-01-01,30.278399999999998,Susania,"{""geodesic"":false,""type"":""Point"",""coordinates"":[87.30101917235167,24.495306083135322]}"
1915_0,0.61,0.06891791,1.78,0.47,23.56,0.09803881,216.53,24.56,304.12,0.2629209,0.58,11.45,0.12989104,12.02,0.3247194,0.24802239,-1.5562233178799636,1.49,208.78674,225,243,"5/7/24, 12:00 AM",DUMKA,197,2024-12-31,4.84,3.6808677,378,371,397,385,2.115587,2024-01-01,30.278399999999998,Susania,"{""geodesic"":false,""type"":""Point"",""coordinates"":[87.30074967776643,24.495306083135322]}"
1916_0,0.42,0.06879105,1.82,0.44,26.33,0.09780149,193.455,23.14,254.22,0.26353434,0.43,14.07,0.13191344,12.33,0.32575223,0.24922238,-2.5394205027753602,0.88,169.62126,225,243,"5/7/24, 12:00 AM",DUMKA,195,2024-12-31,4.91,3.6808677,378,371,397,385,5.639231,2024-01-01,30.278399999999998,Susania,"{""geodesic"":false,""type"":""Point"",""coordinates"":[87.30101917235167,24.495036588550086]}"
1917_0,0.44,0.06879105,1.18,0.53,26.6,0.09780149,160.12,32.56,272.45,0.26353434,0.47,12.47,0.13191344,12.74,0.32575223,0.24922238,-2.5394205027753602,1.52,169.62126,225,243,"5/7/24, 12:00 AM",DUMKA,195,2024-12-31,5.32,3.6808677,378,371,397,385,5.639231,2024-01-01,30.278399999999998,Susania,"{""geodesic"":false,""type"":""Point"",""coordinates"":[87.30101917235167,24.495036588550086]}"
1918_0,0.56,0.06817164,1.74,0.56,23.5,0.09599552,225.32,26.53,261.25,0.2654836,0.41,12.12,0.12409403,10.84,0.3217209,0.24050747,-1.1271088771423174,1.69,132.30225,225,243,"5/7/24, 12:00 AM",DUMKA,190,2024-12-31,5.34,3.6808677,378,371,397,385,1.3777936,2024-01-01,30.278399999999998,Dudhua,"{""geodesic"":false,""type"":""Point"",""coordinates"":[87.3004801831812,24.494497599379613]}"
1919_0,0.33,0.077991046,2.05,0.42,24.15,0.108247764,175.17,26.14,332.2,0.28530896,0.49,13.22,0.14223582,10.47,0.35516268,0.26237315,-1.1995807143625892,1.56,339.8822,223,242,"5/7/24, 12:00 AM",DUMKA,188,2024-12-31,4.97,3.6432247,381,375,396,384,2.9606318,2024-01-01,30.278399999999998,Dudhua,"{""geodesic"":false,""type"":""Point"",""coordinates"":[87.29994119401073,24.49476709396485]}"
1920_0,0.46,0.07383731,2.02,0.53,32.5,0.10317164,196.53,24.36,291.22,0.2970358,0.42,16.22,0.1279403,14.22,0.3544791,0.25230747,-2.2493652609351966,0.86,28.78658,223,242,"5/7/24, 12:00 AM",DUMKA,193,2024-12-31,5.02,3.6432247,381,375,396,384,4.2254143,2024-01-01,30.278399999999998,Dudhua,"{""geodesic"":false,""type"":""Point"",""coordinates"":[87.29967169942549,24.494497599379613]}"
1921_0,0.25,0.07314776,0.88,0.56,25.2,0.10279403,164.27,20.48,285.66,0.27261493,0.46,16.32,0.13466418,19.62,0.34435374,0.25342387,-2.4289231895923367,1.39,23.728357,223,242,"5/7/24, 12:00 AM",DUMKA,191,2024-12-31,5.11,3.6432247,381,375,396,384,5.0525527,2024-01-01,30.278399999999998,Dudhua,"{""geodesic"":false,""type"":""Point"",""coordinates"":[87.29994119401073,24.494497599379613]}"
1922_0,0.39,0.07314776,0.88,0.42,25.3,0.10279403,215.3,21.25,272.45,0.27261493,0.42,15.46,0.13466418,11.05,0.34435374,0.25342387,-2.4289231895923367,1.27,23.728357,223,242,"5/7/24, 12:00 AM",DUMKA,191,2024-12-31,4.85,3.6432247,381,375,396,384,5.0525527,2024-01-01,30.278399999999998,Dudhua,"{""geodesic"":false,""type"":""Point"",""coordinates"":[87.29994119401073,24.494497599379613]}"
1923_0,0.48,0.07078955,0.89,0.53,25.3,0.09907015,175.42,31.2,265.12,0.2703791,0.44,10.89,0.11436418,12.05,0.31408957,0.22682537,-1.820254815672393,0.73,47.697697,223,242,"5/7/24, 12:00 AM",DUMKA,193,2024-12-31,4.9,3.6432247,381,375,396,384,2.753992,2024-01-01,30.278399999999998,Dudhua,"{""geodesic"":false,""type"":""Point"",""coordinates"":[87.29994119401073,24.494228104794377]}"
1924_0,0.42,0.07078955,0.89,0.49,32.5,0.09907015,139.52,26.21,269.33,0.2703791,0.45,10.45,0.11436418,12.02,0.31408957,0.22682537,-1.820254815672393,1.42,47.697697,223,242,"5/7/24, 12:00 AM",DUMKA,193,2024-12-31,5.12,3.6432247,381,375,396,384,2.753992,2024-01-01,30.278399999999998,Dudhua,"{""geodesic"":false,""type"":""Point"",""coordinates"":[87.29994119401073,24.494228104794377]}"
1925_0,0.46,0.06637714,5.71,0.93,60.54,0.09723714,153.2,9.85,276,0.25452572,0.48,8.38,0.11898,9.47,0.29013142,0.22124286,-1.1268106458889562,0.99,132.30779,229,238,"6/24/24, 12:00 AM",DUMKA,241,2024-12-31,5.51,3.2468905,390,384,380,377,1.3776472,2024-01-01,30.288514285714285,Sankarpur,"{""geodesic"":false,""type"":""Point"",""coordinates"":[86.93962693355039,24.46997359212315]}"
1926_0,0.46,0.09284,6.88,0.49,45.62,0.12588857,101.26,7.24,248,0.2511514,0.62,13.08,0.15606,11.57,0.30833715,0.25216,2.053287495006944,2.2,-0.0,229,238,"6/20/24, 12:00 AM",DUMKA,240,2024-12-31,4.93,3.2468905,390,384,380,377,0.0,2024-01-01,30.288514285714285,Sankarpur,"{""geodesic"":false,""type"":""Point"",""coordinates"":[86.93989642813563,24.469704097537914]}"
1927_0,0.81,0.09284,5.62,0.32,42.32,0.12588857,175.53,15.47,277,0.2511514,0.51,11.06,0.15606,8.89,0.30833715,0.25216,2.053287495006944,1.79,-0.0,229,238,"6/20/24, 12:00 AM",DUMKA,240,2024-12-31,4.73,3.2468905,390,384,380,377,0.0,2024-01-01,30.288514285714285,Sankarpur,"{""geodesic"":false,""type"":""Point"",""coordinates"":[86.93989642813563,24.469704097537914]}"
1928_0,0.75,0.080510445,5.46,1.02,15,0.11222313,147,7.94,185,0.35324702,0.47,6.72,0.092913434,16,0.23069328,0.1361276,-2.078820538968874,0.71,238.72719,228,239,"3/19/24, 12:00 AM",DUMKA,170,2024-12-31,4.23,3.5455499,379,383,393,379,3.5687413,2024-01-01,30.253526315789475,Khairbani,"{""geodesic"":false,""type"":""Point"",""coordinates"":[87.39318632050234,24.350587490863667]}"
1929_0,0.78,0.09176953,2.47,0.99,11,0.11024766,124,10.35,153,0.26777735,0.43,9.36,0.12655938,17,0.26309922,0.2009664,-1.5548349035381128,0.31,151.24094,228,239,"3/19/24, 12:00 AM",DUMKA,173,2024-12-31,4.6,3.5455499,379,383,393,379,2.1150265,2024-01-01,30.253526315789475,Khairbani,"{""geodesic"":false,""type"":""Point"",""coordinates"":[87.39399480425804,24.3508569854489]}"
1930_0,0.95,0.08534922,5.64,0.98,93,0.100868754,193,14.69,164,0.2457922,0.8,10.8,0.11079453,13,0.24448828,0.18503828,-1.891471442273579,0.42,159.90332,228,239,"3/19/24, 12:00 AM",DUMKA,172,2024-12-31,4.05,3.5455499,379,383,393,379,2.9602327,2024-01-01,30.253526315789475,Khairbani,"{""geodesic"":false,""type"":""Point"",""coordinates"":[87.39399480425804,24.350587490863667]}"
1931_0,0.65,0.08528333,1.65,0.41,28.2,0.11564722,197.008,20.17,288.51,0.25488195,0.49,11.96,0.13525833,10.56,0.3108847,0.23249583,-0.4342346533248631,1.37,47.7028,200,228,"5/10/24, 12:00 AM",DUMKA,195,2024-12-31,5.08,3.6155806,413,398,386,375,1.3779268,2024-01-01,30.235142857142865,Kusbana,"{""geodesic"":false,""type"":""Point"",""coordinates"":[87.1584565367619,24.51659615536895]}"
1932_0,0.45,0.06031045,1.68,0.43,24.6,0.07473731,193.312,33.25,266.26,0.23187761,0.41,17.48,0.067577615,12.42,0.20240895,0.122162685,-1.1273190775434296,1.58,227.7016,210,233,"5/10/24, 12:00 AM",DUMKA,175,2024-12-31,5.26,3.6915154,356,357,434,411,2.7541983,2024-01-01,30.28572222222222,Kusbana,"{""geodesic"":false,""type"":""Point"",""coordinates"":[87.31691935288059,24.51147575824947]}"
1933_0,0.37,0.07839,2.51,0.53,25.6,0.10314143,205.52,27.55,272.83,0.25763285,0.42,12.25,0.10473572,11.74125,0.26230428,0.18469,-2.04463235612801,0.52,216.22733,218,240,"5/9/24, 12:00 AM",DUMKA,171,2024-12-31,5.74,3.5832176,369,361,413,399,3.445138,2024-01-01,30.279771428571426,Bhorandiha,"{""geodesic"":false,""type"":""Point"",""coordinates"":[87.12557819736313,24.498270523572916]}"
1934_0,0.37,0.07839,0.73,0.48,26.3,0.10314143,214.592,30.14,288.51,0.25763285,0.42,13.23,0.10473572,12.47,0.26230428,0.18469,-2.04463235612801,0.65,216.22733,218,240,"5/9/24, 12:00 AM",DUMKA,171,2024-12-31,5.44,3.5832176,369,361,413,399,3.445138,2024-01-01,30.279771428571426,Bhorandiha,"{""geodesic"":false,""type"":""Point"",""coordinates"":[87.12557819736313,24.498270523572916]}"
1935_0,0.46,0.071526386,0.95,0.53,25.6,0.09530417,205.184,26.33,272.83,0.27894306,0.45,13.84,0.104009725,12.33,0.26858473,0.18751389,-1.9245652557442354,1.74,270.0,214,234,"5/8/24, 12:00 AM",DUMKA,207,2024-12-31,5.14,3.6155806,423,416,363,351,3.055508,2024-01-01,30.23233333333334,Dhobni,"{""geodesic"":false,""type"":""Point"",""coordinates"":[87.16492440680756,24.525219982096502]}"
1936_0,0.73,0.06505972,0.84,0.58,26.5,0.08239861,182.336,25.33,288.51,0.26005834,0.43,12.47,0.07465417,10.56,0.19755556,0.120302774,-2.4292067207990065,0.94,203.73358,214,234,"5/8/24, 12:00 AM",DUMKA,206,2024-12-31,5.16,3.6155806,423,416,363,351,5.052754,2024-01-01,30.23233333333334,Dhobni,"{""geodesic"":false,""type"":""Point"",""coordinates"":[87.16438541763709,24.525489476681734]}"
1937_0,0.25,0.059665278,0.75,0.56,28.5,0.07743889,193.088,26.35,279.1,0.24284306,0.42,12.12,0.06656667,9.42,0.19014166,0.11643333,-1.8300162666431354,1.47,180.0,218,237,"5/8/24, 12:00 AM",DUMKA,210,2024-12-31,5.82,3.6155806,423,416,359,347,2.7802885,2024-01-01,30.23233333333334,Dhobni,"{""geodesic"":false,""type"":""Point"",""coordinates"":[87.16465491222233,24.52575897126697]}"
1938_0,0.79,0.059665278,0.85,0.41,21.52,0.07743889,214.48,24.15,275.44,0.24284306,0.47,10.98375,0.06656667,10.47,0.19014166,0.11643333,-1.8300162666431354,1.25,180.0,218,237,"5/8/24, 12:00 AM",DUMKA,210,2024-12-31,5.39,3.6155806,423,416,359,347,2.7802885,2024-01-01,30.23233333333334,Dhobni,"{""geodesic"":false,""type"":""Point"",""coordinates"":[87.16465491222233,24.52575897126697]}"
1939_0,0.25,0.059665278,1.55,0.45,27.4,0.07743889,225.568,23.22,285.12,0.24284306,0.41,16.869999999999983,0.06656667,14.22,0.19014166,0.11643333,-1.8300162666431354,1.26,180.0,218,237,"5/8/24, 12:00 AM",DUMKA,210,2024-12-31,5.26,3.6155806,423,416,359,347,2.7802885,2024-01-01,30.23233333333334,Dhobni,"{""geodesic"":false,""type"":""Point"",""coordinates"":[87.16465491222233,24.52575897126697]}"
1940_0,0.29,0.06999701,0.89,0.58,26.5,0.09657164,207.536,24.26,304.16,0.25047612,0.49,15.55,0.13030747,11.42,0.3096821,0.22981343,-1.4243187084243223,0.73,-0.0,225,243,"5/8/24, 12:00 AM",DUMKA,197,2024-12-31,5.19,3.6808677,378,371,397,385,1.8543341,2024-01-01,30.278399999999998,Dhobni,"{""geodesic"":false,""type"":""Point"",""coordinates"":[87.30101917235167,24.495575577720555]}"
1941_0,0.42,0.073875,2.61,0.5,20.4,0.10444559,148.512,23.55,231.42,0.24698676,0.47,12.87,0.12404118,12.42,0.28938383,0.21210882,1.216325547264434,1.37,151.21262,214,232,"5/10/24, 12:00 AM",DUMKA,197,2024-12-31,5.41,3.6432247,367,359,419,409,2.1155999,2024-01-01,30.28229411764705,Mathtola,"{""geodesic"":false,""type"":""Point"",""coordinates"":[87.27999859470327,24.49854001815815]}"
1942_0,0.42,0.062613435,1.47,0.45,26.9,0.07688955,207.872,22.36,241.22,0.1937612,0.34,19.85,0.079692535,10.47,0.19180298,0.14558806,-2.844214626695844,0.65,127.17704,225,246,"5/8/24, 12:00 AM",DUMKA,177,2024-12-31,4.81,3.5832176,376,367,399,387,7.6289425,2024-01-01,30.2704705882353,Upar Barachapar,"{""geodesic"":false,""type"":""Point"",""coordinates"":[87.1298901107269,24.481831353873527]}"
1943_0,0.4,0.078768656,1.24,0.54,25.9,0.100368656,217.392,26.3,275.41,0.26101193,0.41,12.12,0.1081403,14.24,0.27489105,0.20111492,-0.9193937565493857,0.86,245.53256,219,242,"5/8/24, 12:00 AM",DUMKA,178,2024-12-31,5.21,3.5832176,364,355,417,403,2.2382255,2024-01-01,30.28965714285715,Upar Barachapar,"{""geodesic"":false,""type"":""Point"",""coordinates"":[87.13258505657926,24.483717815970177]}"
1944_0,0.48,0.078768656,0.76,0.42,22.6,0.100368656,183.12,30.15,269.22,0.26101193,0.49,13.84,0.1081403,14.22,0.27489105,0.20111492,-0.9193937565493857,1.06,245.53256,219,242,"5/8/24, 12:00 AM",DUMKA,178,2024-12-31,5.23,3.5832176,364,355,417,403,2.2382255,2024-01-01,30.28965714285715,Upar Barachapar,"{""geodesic"":false,""type"":""Point"",""coordinates"":[87.13258505657926,24.483717815970177]}"
1945_0,0.54,0.08689394,1.65,0.54,25.3,0.109039396,151.64799999999997,23.56,231.42,0.2709197,0.49,14.01375,0.111881815,13.22,0.2957803,0.21641667,-2.2116631956350075,0.95,90.0,225,246,"5/8/24, 12:00 AM",DUMKA,176,2024-12-31,5.24,3.5832176,365,357,410,396,4.069811,2024-01-01,30.27000000000001,Upar Barachapar,"{""geodesic"":false,""type"":""Point"",""coordinates"":[87.12881213238596,24.488029729333952]}"
1946_0,0.5,0.078768656,0.85,0.56,33.6,0.100368656,207.088,30.25,228.51,0.26101193,0.41,18.719999999999988,0.1081403,8.42,0.27489105,0.20111492,-0.9193937565493857,0.96,245.53256,219,242,"5/8/24, 12:00 AM",DUMKA,178,2024-12-31,5.09,3.5832176,364,355,417,403,2.2382255,2024-01-01,30.28965714285715,Upar Barachapar,"{""geodesic"":false,""type"":""Point"",""coordinates"":[87.13258505657926,24.483717815970177]}"
1947_0,0.58,0.0741,0.87,0.54,26.53,0.096556924,181.888,23.56,185.38,0.2293923,0.53,10.78,0.114798464,10.44,0.2706446,0.21859385,-1.4242835688448892,1.26,180.0,224,239,"5/8/24, 12:00 AM",DUMKA,208,2024-12-31,5.21,3.6432247,372,368,405,393,1.8543341,2024-01-01,30.277828571428568,Kandhara,"{""geodesic"":false,""type"":""Point"",""coordinates"":[87.29643776440267,24.491802653527255]}"
1948_0,0.27,0.078092426,1.22,0.43,23.6,0.09942121,181.776,23.56,241.22,0.21301211,0.47,15.45,0.12599848,9.56,0.28033635,0.2354303,-1.6126557875249308,0.77,65.534004,226,243,"5/8/24, 12:00 AM",DUMKA,206,2024-12-31,5.19,3.6432247,372,368,402,390,2.2383482,2024-01-01,30.278399999999998,Kandhara,"{""geodesic"":false,""type"":""Point"",""coordinates"":[87.29697675357313,24.49207214811249]}"
1949_0,0.51,0.05359851,1.22,0.46,24.15,0.07501493,235.536,12.36,275.48,0.25343582,0.45,0.84,0.07025821,12.49875,0.22444478,0.14099701,0.053155328451204256,1.85,208.7877,229,245,"5/8/24, 12:00 AM",DUMKA,189,2024-12-31,5.36,3.6915154,364,358,407,396,2.1156063,2024-01-01,30.21356756756757,Kandhara,"{""geodesic"":false,""type"":""Point"",""coordinates"":[87.30101917235167,24.500156985669566]}"
1950_0,0.35,0.07291538,0.94,0.47,21.4,0.094115384,182.448,26.31,244.73,0.23877077,0.43,10.42,0.11049077,11.74125,0.25348154,0.19708462,-2.0445602872618767,0.46,216.22589,224,239,"5/8/24, 12:00 AM",DUMKA,207,2024-12-31,5.48,3.6432247,372,368,405,393,3.4450743,2024-01-01,30.277828571428568,Kandhara,"{""geodesic"":false,""type"":""Point"",""coordinates"":[87.29616826981743,24.491802653527255]}"
1951_0,0.28,0.06229091,0.96,0.42,26.5,0.088895455,192.976,24.36,246.66,0.27110302,0.49,18.45,0.10519849,14.22,0.27224243,0.19808637,-2.0445691639848684,0.45,36.226006,228,245,"5/8/24, 12:00 AM",DUMKA,201,2024-12-31,5.19,3.6432247,374,370,397,386,3.4450796,2024-01-01,30.278399999999998,Kandhara,"{""geodesic"":false,""type"":""Point"",""coordinates"":[87.29778523732884,24.492341642697724]}"
1952_0,0.42,0.05285303,1.48,0.51,32.4,0.07320303,194.32,28.24,304.12,0.29100454,0.41,14.22,0.07528333,10.34,0.24043182,0.15652879,-2.1538177910164653,0.63,15.361399,228,245,"5/7/24, 12:00 AM",DUMKA,198,2024-12-31,4.83,3.6432247,374,370,397,386,3.8416488,2024-01-01,30.278399999999998,Kapati,"{""geodesic"":false,""type"":""Point"",""coordinates"":[87.29778523732884,24.492880631868196]}"
1953_0,0.46,0.056963637,2.63,0.48,31.2,0.079833336,219.66,25.36,325.12,0.29408637,0.47,12.01,0.08253485,12.42,0.2541106,0.16925454,-2.1538235952703886,0.85,344.63858,228,245,"5/7/24, 12:00 AM",DUMKA,196,2024-12-31,4.88,3.6432247,374,370,397,386,3.8416495,2024-01-01,30.278399999999998,Kapati,"{""geodesic"":false,""type"":""Point"",""coordinates"":[87.29805473191408,24.493150126453433]}"
1954_0,0.6,0.06589552,0.68,0.53,25.3,0.09288508,183.12,27.45,204.15,0.30030447,0.42,10.56,0.10367612,14.2,0.2718418,0.18858956,-2.0445771401614006,1.25,323.7738,228,245,"5/7/24, 12:00 AM",DUMKA,197,2024-12-31,4.95,3.6432247,374,370,397,386,3.4450877,2024-01-01,30.278399999999998,Kapati,"{""geodesic"":false,""type"":""Point"",""coordinates"":[87.29832422649932,24.493150126453433]}"
1955_0,0.58,0.06798788,1.21,0.42,26.3,0.09653636,215.88,25.32,264.17,0.27721968,0.45,14.75,0.11575758,10.74,0.2936106,0.21041818,-2.1538177910164653,0.75,344.6386,228,245,"5/7/24, 12:00 AM",DUMKA,198,2024-12-31,4.91,3.6432247,374,370,397,386,3.8416488,2024-01-01,30.278399999999998,Bara Simalpahari,"{""geodesic"":false,""type"":""Point"",""coordinates"":[87.29805473191408,24.492880631868196]}"
1956_0,0.29,0.053066667,0.81,0.42,25.1,0.07434849,209.63,36.21,260.19,0.24412425,0.44,10.98,0.07655909,12.45,0.2321197,0.15278181,-2.225705270366943,1.22,312.3025,228,245,"5/7/24, 12:00 AM",DUMKA,196,2024-12-31,5.12,3.6432247,374,370,397,386,4.1270056,2024-01-01,30.278399999999998,Bara Simalpahari,"{""geodesic"":false,""type"":""Point"",""coordinates"":[87.29832422649932,24.49341962103867]}"
1957_0,0.25,0.070971645,1.34,0.56,25.6,0.09666567,235.22,23.6,247.12,0.24723135,0.42,15.45,0.10945821,10.48,0.28936866,0.20805523,2.150329294237492,1.52,20.117975,212,229,"5/7/24, 12:00 AM",DUMKA,192,2024-12-31,4.88,3.6432247,384,378,405,393,2.960635,2024-01-01,30.288171428571427,Bara Simalpahari,"{""geodesic"":false,""type"":""Point"",""coordinates"":[87.28565798099322,24.49584507230579]}"
1958_0,0.42,0.05414154,1.12,0.45,26.3,0.080636926,174.22,21.45,269.35,0.29311538,0.46,16.85,0.07578923,12.42,0.24040769,0.14716615,1.7394955329415973,1.68,90.0,226,244,"5/7/24, 12:00 AM",DUMKA,190,2024-12-31,4.94,3.6432247,368,363,406,393,1.019105,2024-01-01,30.277828571428568,Bara Simalpahari,"{""geodesic"":false,""type"":""Point"",""coordinates"":[87.29724624815837,24.493689115623905]}"
1959_0,0.42,0.06798788,1.24,0.45,32.5,0.09653636,216.53,22.11,259.61,0.27721968,0.41,10.74,0.11575758,13.02,0.2936106,0.21041818,-2.1538177910164653,1.67,344.6386,228,245,"5/7/24, 12:00 AM",DUMKA,198,2024-12-31,4.83,3.6432247,374,370,397,386,3.8416488,2024-01-01,30.278399999999998,Bara Simalpahari,"{""geodesic"":false,""type"":""Point"",""coordinates"":[87.29805473191408,24.492880631868196]}"
1960_0,0.42,0.053066667,0.98,0.46,33.2,0.07434849,159.64,25.17,248.71,0.24412425,0.42,10.99,0.07655909,12.44,0.2321197,0.15278181,-2.225705270366943,1.24,312.3025,228,245,"5/7/24, 12:00 AM",DUMKA,196,2024-12-31,5.31,3.6432247,374,370,397,386,4.1270056,2024-01-01,30.278399999999998,Bara Simalpahari,"{""geodesic"":false,""type"":""Point"",""coordinates"":[87.29832422649932,24.49341962103867]}"
1961_0,0.36,0.05377273,2.32,0.58,26.7,0.07371818,182.78,24.15,268.23,0.26640153,0.41,15.47,0.07192727,14.24,0.21905303,0.13658182,0.025542069157353138,1.13,349.62143,228,245,"5/7/24, 12:00 AM",DUMKA,196,2024-12-31,4.87,3.6432247,374,370,397,386,5.639229,2024-01-01,30.278399999999998,Bara Simalpahari,"{""geodesic"":false,""type"":""Point"",""coordinates"":[87.29778523732884,24.493150126453433]}"
1962_0,0.44,0.06345151,0.76,0.47,20.53,0.08648182,196.35,25.22,205.41,0.27763486,0.51,18.45,0.09355606,10.74,0.24529697,0.16174546,-2.724060813749908,1.52,342.56946,228,245,"5/7/24, 12:00 AM",DUMKA,201,2024-12-31,4.91,3.6432247,374,370,397,386,6.7731843,2024-01-01,30.277828571428568,Bara Simalpahari,"{""geodesic"":false,""type"":""Point"",""coordinates"":[87.29697675357313,24.49261113728296]}"
1963_0,0.27,0.05256308,1.45,0.58,29.4,0.07445231,204.11,25.44,297.41,0.23228462,0.48,11.45,0.070006154,10.48,0.19543539,0.119990766,-1.9354282419289324,1.2,81.375755,226,244,"5/7/24, 12:00 AM",DUMKA,201,2024-12-31,4.98,3.6432247,368,363,406,393,6.161323,2024-01-01,30.277828571428568,Bara Simalpahari,"{""geodesic"":false,""type"":""Point"",""coordinates"":[87.29643776440267,24.493150126453433]}"
1964_0,0.42,0.06566818,0.94,0.42,26.5,0.09052424,216.33,23.58,313.02,0.26359847,0.55,13.26,0.106027275,14.22,0.3019485,0.21257272,-2.0445779032581535,0.93,36.226246,228,245,"5/7/24, 12:00 AM",DUMKA,197,2024-12-31,4.87,3.6432247,374,370,397,386,3.4450903,2024-01-01,30.278399999999998,Bara Simalpahari,"{""geodesic"":false,""type"":""Point"",""coordinates"":[87.29886321566978,24.49341962103867]}"
1965_0,0.63,0.048078787,2.11,0.52,23.6,0.06613788,215.3,21.85,285.44,0.2745121,0.36,16.42,0.05380909,14.22,0.18268636,0.10094394,-0.12428471619001115,1.72,8.9217005,228,245,"5/7/24, 12:00 AM",DUMKA,196,2024-12-31,5.01,3.6432247,374,370,397,386,6.543353,2024-01-01,30.277828571428568,Bara Simalpahari,"{""geodesic"":false,""type"":""Point"",""coordinates"":[87.29724624815837,24.493150126453433]}"
1966_0,0.38,0.062400002,1.02,0.42,25.3,0.08961343,165.27,23.41,258.46,0.25113434,0.38,11.02,0.10309403,16.35,0.26708508,0.18765523,0.48225232350024283,0.95,227.69896,229,245,"5/7/24, 12:00 AM",DUMKA,187,2024-12-31,5.22,3.6808677,364,358,407,396,1.3778251,2024-01-01,30.277828571428568,Bara Simalpahari,"{""geodesic"":false,""type"":""Point"",""coordinates"":[87.3004801831812,24.499617996499094]}"
1967_0,0.65,0.09283125,5.13,0.36,84,0.1242375,209,15.05,219,0.26965937,0.41,17.3,0.15322188,14,0.3241125,0.2601828,-2.153797890976444,2.43,15.361075,212,228,"3/22/24, 12:00 AM",DUMKA,209,2024-12-31,4.24,3.6432247,382,377,406,395,3.841643,2024-01-01,30.25205714285714,Mahubona,"{""geodesic"":false,""type"":""Point"",""coordinates"":[87.2907783781127,24.489916191430602]}"
1968_0,0.42,0.06470769,0.89,0.41,23.2,0.08558462,216.2,20.89,245.18,0.22983846,0.51,14.22,0.08463846,9.25,0.23154461,0.16504154,-2.428882642994171,0.44,23.727657,212,229,"5/10/24, 12:00 AM",DUMKA,207,2024-12-31,5.14,3.6432247,384,378,404,393,5.0525255,2024-01-01,30.25205714285714,Mahubona,"{""geodesic"":false,""type"":""Point"",""coordinates"":[87.2907783781127,24.49018568601584]}"
1969_0,0.87,0.06470769,3.56,1.09,65,0.08558462,137,16.54,202,0.22983846,0.39,16.3,0.08463846,12,0.23154461,0.16504154,-2.428882642994171,2.76,23.727657,212,229,"3/22/24, 12:00 AM",DUMKA,207,2024-12-31,4.39,3.6432247,384,378,404,393,5.0525255,2024-01-01,30.25205714285714,Mahubona,"{""geodesic"":false,""type"":""Point"",""coordinates"":[87.2907783781127,24.49018568601584]}"
1970_0,0.79,0.044159703,5.64,0.71,45,0.060640298,225,19.65,170,0.2424,0.53,10.7,0.058089554,15,0.19172388,0.12125373,-1.5562495504965672,0.56,28.787167,212,230,"3/30/24, 12:00 AM",DUMKA,210,2024-12-31,5.46,3.6432247,364,356,425,415,2.1155956,2024-01-01,30.28229411764705,Jawari,"{""geodesic"":false,""type"":""Point"",""coordinates"":[87.2756866813395,24.497462039817208]}"
1971_0,0.42,0.060304478,7.65,0.73,28,0.084991045,241,0.95,200,0.2530164,0.59,18.2,0.10739701,12,0.2880179,0.2111612,-1.1271552181651343,2.17,132.30136,213,231,"3/30/24, 12:00 AM",DUMKA,212,2024-12-31,5.18,3.6432247,365,357,422,412,1.3778168,2024-01-01,30.28229411764705,Jawari,"{""geodesic"":false,""type"":""Point"",""coordinates"":[87.27514769216903,24.498270523572916]}"
1972_0,0.31,0.095921874,1.78,0.69,69,0.131925,134,13.46,161,0.2705203,0.35,12.5,0.17194219,14,0.33577812,0.27910155,-2.117419708992347,3.08,-0.0,212,228,"3/22/24, 12:00 AM",DUMKA,209,2024-12-31,5.4,3.6432247,382,377,406,395,3.7047918,2024-01-01,30.25205714285714,Jawari,"{""geodesic"":false,""type"":""Point"",""coordinates"":[87.29104787269794,24.489916191430602]}"
1973_0,0.41,0.0903274,1.58,0.46,31.5,0.11222329,209.65,25.53,316.84,0.29234245,0.45,15.42,0.114883564,11.74,0.28523836,0.19778904,-0.027100825740459026,0.96,47.67187,207,226,"5/7/24, 12:00 AM",DUMKA,108,2024-12-31,4.88,3.5241098,410,405,382,369,1.3771102,2024-01-01,30.29411428571429,Karudih,"{""geodesic"":false,""type"":""Point"",""coordinates"":[87.52766411853503,24.379962400654374]}"
1974_0,0.38,0.06999143,1.96,0.49,25.25,0.091825716,194.78,24.2,216.85,0.24365,0.45,16.85,0.100842856,10.44,0.24474715,0.18053,-2.0446587901455078,0.93,36.227814,224,243,"5/10/24, 12:00 AM",DUMKA,178,2024-12-31,5.47,3.4890735,368,362,408,395,3.4451592,2024-01-01,30.223351351351347,Lachhmipur,"{""geodesic"":false,""type"":""Point"",""coordinates"":[87.1320460674088,24.500426480254802]}"
1975_0,0.41,0.06999143,1.54,0.42,24.36,0.091825716,165.23,25.33,254.02,0.24365,0.41,16.85,0.100842856,10.78,0.24474715,0.18053,-2.0446587901455078,1.84,36.227814,224,243,"5/10/24, 12:00 AM",DUMKA,178,2024-12-31,5.26,3.4890735,368,362,408,395,3.4451592,2024-01-01,30.223351351351347,Lachhmipur,"{""geodesic"":false,""type"":""Point"",""coordinates"":[87.1320460674088,24.500426480254802]}"
1976_0,0.42,0.062613435,1.22,0.42,26.35,0.07688955,170.91199999999998,12.36,304.12,0.1937612,0.42,12.12,0.079692535,9.42,0.19180298,0.14558806,-2.844214626695844,0.51,127.17704,225,246,"5/9/24, 12:00 AM",DUMKA,177,2024-12-31,5.36,3.5832176,376,367,399,387,7.6289425,2024-01-01,30.2704705882353,Parma,"{""geodesic"":false,""type"":""Point"",""coordinates"":[87.1298901107269,24.481831353873527]}"
1977_0,0.52,0.078768656,1.49,0.5,25.12,0.100368656,170.91199999999998,36.17,261.42,0.26101193,0.49,15.62,0.1081403,10.24,0.27489105,0.20111492,-0.9193937565493857,0.65,245.53256,219,242,"5/9/24, 12:00 AM",DUMKA,178,2024-12-31,5.07,3.5832176,364,355,417,403,2.2382255,2024-01-01,30.28965714285715,Parma,"{""geodesic"":false,""type"":""Point"",""coordinates"":[87.13258505657926,24.483717815970177]}"
1978_0,0.32,0.078768656,1.84,0.52,20.69,0.100368656,183.904,25.3,223.61,0.26101193,0.49,13.74,0.1081403,14.24,0.27489105,0.20111492,-0.9193937565493857,0.27,245.53256,219,242,"5/9/24, 12:00 AM",DUMKA,178,2024-12-31,5.14,3.5832176,364,355,417,403,2.2382255,2024-01-01,30.28965714285715,Parma,"{""geodesic"":false,""type"":""Point"",""coordinates"":[87.13258505657926,24.483717815970177]}"
1979_0,0.29,0.07405224,2.03,0.42,25.6,0.09861642,214.48,28.63,188.58,0.25617164,0.47,16.248959999999997,0.12338806,14.24,0.33074477,0.24369402,-1.9681116618050831,1.25,253.12581,223,242,"5/10/24, 12:00 AM",DUMKA,197,2024-12-31,4.93,3.6808677,381,375,396,384,3.1919518,2024-01-01,30.278399999999998,Taljharni,"{""geodesic"":false,""type"":""Point"",""coordinates"":[87.3004801831812,24.495575577720555]}"
1980_0,0.68,0.07394203,1.58,0.56,26.5,0.09994493,183.904,25.41,272.83,0.26102898,0.49,13.08,0.10288696,10.78,0.25262028,0.17142609,5.271896304010274,1.34,-0.0,219,232,"5/10/24, 12:00 AM",DUMKA,187,2024-12-31,5.21,3.6524582,367,363,414,405,0.0,2024-01-01,30.235722222222233,Taljharni,"{""geodesic"":false,""type"":""Point"",""coordinates"":[87.29589877523219,24.506894350300463]}"
1981_0,0.354,0.07090556,6.47,0.63,18.31,0.10102778,165.01,17.25,235,0.23893055,0.69,9.31,0.12268889,13.87,0.29014722,0.22648056,-2.6277591124246866,0.65,138.66331,239,258,"5/28/24, 12:00 AM",DUMKA,214,2024-12-31,4.87,3.3526697,397,386,363,356,6.1525855,2024-01-01,30.24216666666667,Babupur,"{""geodesic"":false,""type"":""Point"",""coordinates"":[86.96037801661355,24.571034061586595]}"
1982_0,0.36,0.08877027,5.78,0.46,59.83,0.10993243,100.11,11.26,262,0.27636486,0.39,6.31,0.120924324,16.67,0.2962027,0.21268378,-2.045206845803713,0.48,143.76094,249,262,"5/28/24, 12:00 AM",DUMKA,226,2024-12-31,5.58,3.3526697,381,373,370,365,3.4456532,2024-01-01,30.27841176470588,Babupur,"{""geodesic"":false,""type"":""Point"",""coordinates"":[86.98139859426195,24.552169440620087]}"
1983_0,0.99,0.08877027,4.56,0.72,60.34,0.10993243,118.47,9.37,248,0.27636486,0.47,6.39,0.120924324,18.48,0.2962027,0.21268378,-2.045206845803713,0.42,143.76094,249,262,"5/28/24, 12:00 AM",DUMKA,226,2024-12-31,5.72,3.3526697,381,373,370,365,3.4456532,2024-01-01,30.27841176470588,Babupur,"{""geodesic"":false,""type"":""Point"",""coordinates"":[86.98139859426195,24.552169440620087]}"
1984_0,0.39,0.07822558,2.45,0.92,38.34,0.108055815,115.31,22.32,376,0.30402443,0.57,15.08,0.12472093,15.47,0.27956396,0.19967471,-1.9692593630382542,0.41,73.13546,224,239,"5/28/24, 12:00 AM",DUMKA,224,2024-12-31,5.47,3.3526697,396,389,380,372,3.1937208,2024-01-01,30.273714285714284,Babupur,"{""geodesic"":false,""type"":""Point"",""coordinates"":[86.99999372064322,24.571573050757067]}"
1985_0,1.13,0.07822558,4.88,0.95,36.95,0.108055815,114.51,14.5,371,0.30402443,0.59,10.32,0.12472093,11.57,0.27956396,0.19967471,-1.9692593630382542,0.41,73.13546,224,239,"5/28/24, 12:00 AM",DUMKA,224,2024-12-31,5.52,3.3526697,396,389,380,372,3.1937208,2024-01-01,30.273714285714284,Babupur,"{""geodesic"":false,""type"":""Point"",""coordinates"":[86.99999372064322,24.571573050757067]}"
1986_0,0.44,0.07342958,1.2,0.53,25.14,0.096577466,163.74399999999997,24.15,279.1,0.2590648,0.45,13.74,0.10549859,11.42,0.24394226,0.17285493,-2.2258441586251907,0.85,312.29996,222,241,"5/9/24, 12:00 AM",DUMKA,191,2024-12-31,5.23,3.4890735,388,377,390,382,4.1272044,2024-01-01,30.240499999999997,Patgora,"{""geodesic"":false,""type"":""Point"",""coordinates"":[87.14066989413634,24.504468899033338]}"
1987_0,0.52,0.07342958,1.46,0.52,32.6,0.096577466,205.408,26.35,232.42,0.2590648,0.43,16.53,0.10549859,13.02,0.24394226,0.17285493,-2.2258441586251907,0.86,312.29996,222,241,"5/9/24, 12:00 AM",DUMKA,191,2024-12-31,5.76,3.4890735,388,377,390,382,4.1272044,2024-01-01,30.240499999999997,Patgora,"{""geodesic"":false,""type"":""Point"",""coordinates"":[87.14066989413634,24.504468899033338]}"
1988_0,0.48,0.07342958,0.89,0.48,32.5,0.096577466,253.68,26.48,288.51,0.2590648,0.45,16.42,0.10549859,13.42,0.24394226,0.17285493,-2.2258441586251907,0.84,312.29996,222,241,"5/9/24, 12:00 AM",DUMKA,191,2024-12-31,5.28,3.4890735,388,377,390,382,4.1272044,2024-01-01,30.240499999999997,Patgora,"{""geodesic"":false,""type"":""Point"",""coordinates"":[87.14066989413634,24.504468899033338]}"
1989_0,0.42,0.07342958,1.63,0.43,22.35,0.096577466,194.208,23.96,275.41,0.2590648,0.43,10.42,0.10549859,10.47,0.24394226,0.17285493,-2.2258441586251907,0.58,312.29996,222,241,"5/9/24, 12:00 AM",DUMKA,191,2024-12-31,5.41,3.4890735,388,377,390,382,4.1272044,2024-01-01,30.240499999999997,Patgora,"{""geodesic"":false,""type"":""Point"",""coordinates"":[87.14066989413634,24.504468899033338]}"
1990_0,0.68,0.09045507,1.58,0.56,26.5,0.11375942,183.904,25.41,272.83,0.2754087,0.49,13.08,0.12522028,10.78,0.27250725,0.20124203,-2.044640143625623,1.34,323.7725,220,242,"5/9/24, 12:00 AM",DUMKA,173,2024-12-31,5.21,3.5832176,374,366,406,392,3.4451458,2024-01-01,30.279771428571426,Suhoduho,"{""geodesic"":false,""type"":""Point"",""coordinates"":[87.12557819736313,24.49907900732862]}"
1991_0,0.42,0.085561424,2.61,0.5,20.4,0.10272143,148.512,23.55,291.42,0.25817427,0.47,12.87,0.10589714,12.42,0.26666573,0.18464428,-0.13242087655138257,1.37,270.0,224,243,"5/9/24, 12:00 AM",DUMKA,177,2024-12-31,5.41,3.4890735,368,362,408,395,2.0376735,2024-01-01,30.223351351351347,Suhoduho,"{""geodesic"":false,""type"":""Point"",""coordinates"":[87.13339354033496,24.500156985669566]}"
1992_0,0.15,0.06999143,0.86,0.49,33.26,0.091825716,240.24,26.14,275.66,0.24365,0.42,16.42,0.100842856,12.04,0.24474715,0.18053,-2.0446587901455078,0.42,36.227814,224,243,"5/9/24, 12:00 AM",DUMKA,178,2024-12-31,5.26,3.4890735,368,362,408,395,3.4451592,2024-01-01,30.223351351351347,Suhoduho,"{""geodesic"":false,""type"":""Point"",""coordinates"":[87.1320460674088,24.500426480254802]}"
1993_0,0.36,0.06999143,0.84,0.45,29.4,0.091825716,225.568,26.33,281.51,0.24365,0.49,12.22,0.100842856,13.22,0.24474715,0.18053,-2.0446587901455078,0.65,36.227814,224,243,"5/9/24, 12:00 AM",DUMKA,178,2024-12-31,5.13,3.4890735,368,362,408,395,3.4451592,2024-01-01,30.223351351351347,Suhoduho,"{""geodesic"":false,""type"":""Point"",""coordinates"":[87.1320460674088,24.500426480254802]}"
1994_0,0.76,0.08435,1.28,0.54,27.16,0.10356857,207.872,23.56,279.1,0.26253,0.47,11.25,0.11344428,15.528750000000002,0.29512572,0.21257429,-1.0552812761349857,0.48,195.3623,224,243,"5/9/24, 12:00 AM",DUMKA,176,2024-12-31,5.16,3.4890735,368,362,408,395,3.8416655,2024-01-01,30.223351351351347,Suhoduho,"{""geodesic"":false,""type"":""Point"",""coordinates"":[87.1328545511645,24.500426480254802]}"
1995_0,0.28,0.06999143,2.35,0.54,29.6,0.091825716,193.312,26.14,245.12,0.24365,0.45,10.42,0.100842856,13.939999999999998,0.24474715,0.18053,-2.0446587901455078,0.42,36.227814,224,243,"5/9/24, 12:00 AM",DUMKA,178,2024-12-31,5.36,3.4890735,368,362,408,395,3.4451592,2024-01-01,30.223351351351347,Suhoduho,"{""geodesic"":false,""type"":""Point"",""coordinates"":[87.1320460674088,24.500426480254802]}"
1996_0,0.35,0.074085295,1.22,0.43,20.3,0.09128824,193.312,25.89,272.89,0.28399265,0.46,14.22,0.08900588,10.47,0.23672059,0.15344854,-2.8198976228407826,0.49,352.17902,223,238,"5/8/24, 12:00 AM",DUMKA,189,2024-12-31,5.24,3.609397,395,385,382,377,7.4473686,2024-01-01,30.29870588235294,Gardih,"{""geodesic"":false,""type"":""Point"",""coordinates"":[87.15118018296053,24.488568718504425]}"
1997_0,0.38,0.077760294,0.89,0.49,25.3,0.09388235,215.376,25.62,272.45,0.2676603,0.42,16.85,0.098947056,12.42,0.26064706,0.17924559,-1.9679980863514273,0.69,286.8751,223,238,"5/8/24, 12:00 AM",DUMKA,192,2024-12-31,5.04,3.609397,395,385,382,377,3.1917841,2024-01-01,30.29870588235294,Gardih,"{""geodesic"":false,""type"":""Point"",""coordinates"":[87.15118018296053,24.48829922391919]}"
1998_0,0.25,0.057734784,1.55,0.51,26.5,0.08017101,193.088,34.15,221.23,0.29289275,0.53,10.74,0.071808696,9.42,0.22124347,0.1413232,-1.3517381146710443,0.96,143.76753,223,246,"5/8/24, 12:00 AM",DUMKA,195,2024-12-31,5.81,3.4890735,391,382,386,372,3.4453635,2024-01-01,30.248666666666665,Bandarjora,"{""geodesic"":false,""type"":""Point"",""coordinates"":[87.14013090496586,24.52198604707367]}"
1999_0,0.45,0.0796597,4.36,0.71,15,0.09918209,184,19.35,226,0.20239104,0.49,15.3,0.11905224,17,0.24488507,0.20647015,-1.6125565409705638,1.39,294.46725,218,234,"3/19/24, 12:00 AM",DUMKA,212,2024-12-31,5.46,3.6432247,373,368,409,398,2.238242,2024-01-01,30.25205714285714,Amrapahari,"{""geodesic"":false,""type"":""Point"",""coordinates"":[87.2907783781127,24.484795794311122]}"
2000_0,0.69,0.0796597,1.13,0.64,41,0.09918209,164,18.2,185,0.20239104,0.64,10.8,0.11905224,14,0.24488507,0.20647015,-1.6125565409705638,1.86,294.46725,218,234,"3/19/24, 12:00 AM",DUMKA,212,2024-12-31,5.12,3.6432247,373,368,409,398,2.238242,2024-01-01,30.25205714285714,Amrapahari,"{""geodesic"":false,""type"":""Point"",""coordinates"":[87.2907783781127,24.484795794311122]}"
2001_0,0.74,0.056671113,7.6,1.15,75.02,0.08190667,10.25,28.6,135,0.32117778,0.65,14.32,0.06685778,14,0.24327777,0.14160444,-2.6451778446434084,2.31,126.09401,207,217,"3/28/24, 12:00 AM",DUMKA,143,2024-12-31,5.4,3.5413055,381,381,411,402,6.272376,2024-01-01,30.21154285714285,Majdiha,"{""geodesic"":false,""type"":""Point"",""coordinates"":[87.39776772845134,24.312319259760173]}"
2002_0,0.51,0.06588372,8.51,0.96,89.12,0.08998605,12.85,29.8,148,0.25298604,0.6,14.36,0.09292791,19,0.25197676,0.17052093,-1.4150218741993044,3.12,75.40565,207,217,"3/28/24, 12:00 AM",DUMKA,138,2024-12-31,5.08,3.5413055,381,381,411,402,7.321683,2024-01-01,30.21154285714285,Majdiha,"{""geodesic"":false,""type"":""Point"",""coordinates"":[87.39830671762182,24.31258875434541]}"
2003_0,0.57,0.071308166,9.1,0.86,59.12,0.0987102,12.34,29.4,159,0.26546937,0.61,14.32,0.10452041,17,0.24249184,0.16050816,-1.5157204292433775,2.46,270.0,208,216,"3/28/24, 12:00 AM",DUMKA,138,2024-12-31,5.95,3.5413055,384,384,407,400,4.0640883,2024-01-01,30.21154285714285,Majdiha,"{""geodesic"":false,""type"":""Point"",""coordinates"":[87.39615076093993,24.309624313907815]}"
2004_0,0.59,0.06946734,1.74,0.65,57.12,0.09770204,14.63,25.2,167,0.2827898,0.59,14.25,0.1055551,14,0.2712796,0.1811449,-1.1351919197391651,2.45,180.0,208,217,"3/28/24, 12:00 AM",DUMKA,139,2024-12-31,5.34,3.5413055,384,384,408,398,2.7802885,2024-01-01,30.21154285714285,Majdiha,"{""geodesic"":false,""type"":""Point"",""coordinates"":[87.39588126635469,24.30989380849305]}"
2005_0,0.45,0.07426956,4.99,0.22,15.16,0.116131656,98.63,19.65,222,0.2514,0.35,9.06,0.12770936,8.97,0.2990072,0.22488704,-2.2346385558948416,0.72,257.1682,232,246,"5/22/24, 12:00 AM",DUMKA,142,2024-12-31,4.55,3.5413055,374,370,394,383,4.168832,2024-01-01,30.26857142857143,Astajora,"{""geodesic"":false,""type"":""Point"",""coordinates"":[87.36300292695591,24.34061619120994]}"
2006_0,0.46,0.072831884,4.88,0.72,36.95,0.11546475,221.3,14.5,215,0.25770646,0.26,13.34,0.12546402,15.47,0.30321655,0.2259741,-2.4009402010599104,0.35,235.65395,232,246,"5/22/24, 12:00 AM",DUMKA,144,2024-12-31,4.7,3.5413055,374,370,394,383,4.9196754,2024-01-01,30.26857142857143,Astajora,"{""geodesic"":false,""type"":""Point"",""coordinates"":[87.36300292695591,24.340885685795175]}"
2007_0,0.49,0.06445217,4.02,0.69,26.53,0.10256259,98.63,21.38,258,0.23013598,0.59,10.34,0.10377698,22.78,0.24799784,0.17814964,4.984566433810488,0.46,195.34378,232,246,"5/21/24, 12:00 AM",DUMKA,142,2024-12-31,4.68,3.5413055,374,370,394,383,3.8413258,2024-01-01,30.26857142857143,Astajora,"{""geodesic"":false,""type"":""Point"",""coordinates"":[87.36273343237069,24.340885685795175]}"
2008_0,0.45,0.08901295,4.03,0.58,90.91,0.1069741,140.56,22.66,243,0.23813309,0.26,8.32,0.11002806,9.47,0.26591727,0.19316259,4.9845663093042525,0.49,195.34383,232,246,"5/22/24, 12:00 AM",DUMKA,145,2024-12-31,4.88,3.5413055,374,370,394,383,3.8413262,2024-01-01,30.26857142857143,Astajora,"{""geodesic"":false,""type"":""Point"",""coordinates"":[87.36273343237069,24.34115518038041]}"
2009_0,0.46,0.08901295,4.58,0.31,67.45,0.1069741,128.12,20.34,348.9,0.23813309,0.63,11.38,0.11002806,18.67,0.26591727,0.19316259,4.9845663093042525,0.8,195.34383,232,246,"5/22/24, 12:00 AM",DUMKA,145,2024-12-31,4.95,3.5413055,374,370,394,383,3.8413262,2024-01-01,30.26857142857143,Astajora,"{""geodesic"":false,""type"":""Point"",""coordinates"":[87.36273343237069,24.34115518038041]}"
2010_0,0.45,0.06445217,4.88,0.63,36.95,0.10256259,114.51,14.5,371,0.23013598,0.55,10.32,0.10377698,15.49,0.24799784,0.17814964,4.984566433810488,0.56,195.34378,232,246,"5/22/24, 12:00 AM",DUMKA,142,2024-12-31,5.75,3.5413055,374,370,394,383,3.8413258,2024-01-01,30.26857142857143,Astajora,"{""geodesic"":false,""type"":""Point"",""coordinates"":[87.36273343237069,24.340885685795175]}"
2011_0,0.13,0.08901295,6.11,0.51,58.62,0.1069741,107.89,26.3,398,0.23813309,0.43,17.41,0.11002806,13.87,0.26591727,0.19316259,4.9845663093042525,0.48,195.34383,232,246,"5/21/24, 12:00 AM",DUMKA,145,2024-12-31,5.77,3.5413055,374,370,394,383,3.8413262,2024-01-01,30.26857142857143,Astajora,"{""geodesic"":false,""type"":""Point"",""coordinates"":[87.36273343237069,24.34115518038041]}"
2012_0,0.34,0.08901295,4.01,0.72,29.67,0.1069741,150.06,32.8,388,0.23813309,0.55,16.68,0.11002806,16.67,0.26591727,0.19316259,4.9845663093042525,0.85,195.34383,232,246,"5/21/24, 12:00 AM",DUMKA,145,2024-12-31,5.52,3.5413055,374,370,394,383,3.8413262,2024-01-01,30.26857142857143,Astajora,"{""geodesic"":false,""type"":""Point"",""coordinates"":[87.36273343237069,24.34115518038041]}"
2013_0,0.85,0.07286487,3.04,0.47,24.56,0.101083785,10.6,4.5,183,0.30472702,0.46,15.4,0.10982432,14,0.2727108,0.19753243,-1.965244260210296,1.24,73.10182,212,222,"3/30/24, 12:00 AM",DUMKA,133,2024-12-31,5.35,3.603517,402,408,386,370,3.187561,2024-01-01,30.296400000000006,Pandanpahari,"{""geodesic"":false,""type"":""Point"",""coordinates"":[87.43900039999242,24.305312400544043]}"
2014_0,0.47,0.06727027,1.72,0.42,21.54,0.08756486,13.2,5.54,174,0.27962163,0.45,12.5,0.086297296,15,0.24465406,0.16720541,-1.609977022372553,1.45,65.50202,212,222,"3/30/24, 12:00 AM",DUMKA,134,2024-12-31,5.23,3.603517,402,408,386,370,2.2356088,2024-01-01,30.296400000000006,Pandanpahari,"{""geodesic"":false,""type"":""Point"",""coordinates"":[87.43900039999242,24.305042905958807]}"
2015_0,0.75,0.081605405,1.64,0.35,20.3,0.11157027,14.7,13.6,231,0.2971,0.46,11.2,0.13297297,26,0.30341622,0.2302865,-1.6099788371931414,2.95,294.49792,212,222,"3/31/24, 12:00 AM",DUMKA,132,2024-12-31,5.05,3.603517,402,408,386,370,2.2356129,2024-01-01,30.296400000000006,Pandanpahari,"{""geodesic"":false,""type"":""Point"",""coordinates"":[87.43926989457766,24.305312400544043]}"
2016_0,0.7,0.06517297,3.86,0.49,33.36,0.087972976,228.7,16.8,213,0.26275676,0.33,13.51,0.09793784,9,0.2679054,0.20324595,-2.511080203052057,1.836,47.65448,210,220,"3/26/24, 12:00 AM",DUMKA,133,2024-12-31,4.38,3.603517,400,406,390,374,5.4907956,2024-01-01,30.28563636363636,Pandanpahari,"{""geodesic"":false,""type"":""Point"",""coordinates"":[87.44088686208909,24.302886949276918]}"
2017_0,0.68,0.06061892,1.83,0.53,31.24,0.083821625,221.5,22.6,208,0.26684323,0.43,12.4,0.07948649,10,0.24041352,0.16218649,-1.9210507415411873,2.316,270.0,210,214,"3/26/24, 12:00 AM",DUMKA,133,2024-12-31,4.67,3.603517,392,401,398,385,3.0501034,2024-01-01,30.28563636363636,Pandanpahari,"{""geodesic"":false,""type"":""Point"",""coordinates"":[87.44142585125955,24.301269981765504]}"
2018_0,0.47,0.070941664,3.12,0.52,36.11,0.094063886,190,24.2,178,0.26184306,0.35,21.64,0.105855554,12,0.27049306,0.18963611,-2.5198416784663173,1.94,213.37299,217,230,"3/22/24, 12:00 AM",DUMKA,168,2024-12-31,4.71,3.5572186,424,423,360,346,5.535834,2024-01-01,30.142388888888895,Ukhrapahari,"{""geodesic"":false,""type"":""Point"",""coordinates"":[87.47133975022074,24.37241655226777]}"
2019_0,0.77,0.07328611,1.52,0.48,31.24,0.09494722,34.2,11.2,185,0.28145,0.48,17.3,0.101219445,16,0.2694611,0.18685,-1.1249964103813535,1.06,312.34164,219,218,"4/6/24, 12:00 AM",DUMKA,126,2024-12-31,5.46,3.6352136,423,432,358,349,1.3767537,2024-01-01,30.252444444444443,Kanaidih,"{""geodesic"":false,""type"":""Point"",""coordinates"":[87.48050256611876,24.320134602732015]}"
2020_0,0.61,0.07328611,1.54,0.62,36.18,0.09494722,32.2,17.7,165,0.28145,0.55,12.4,0.101219445,17,0.2694611,0.18685,-1.1249964103813535,1.47,312.34164,219,218,"4/6/24, 12:00 AM",DUMKA,126,2024-12-31,5.18,3.6352136,423,432,358,349,1.3767537,2024-01-01,30.252444444444443,Kanaidih,"{""geodesic"":false,""type"":""Point"",""coordinates"":[87.48050256611876,24.320134602732015]}"
2021_0,0.62,0.07070278,0.67,0.87,22.36,0.08433333,31.1,29.87,190,0.28068888,0.41,14.4,0.07033333,18,0.19350556,0.111661114,-2.6258786376723275,0.87,261.36404,219,218,"4/5/24, 12:00 AM",DUMKA,123,2024-12-31,5.06,3.6352136,423,432,358,349,6.1530986,2024-01-01,30.252444444444443,Kanaidih,"{""geodesic"":false,""type"":""Point"",""coordinates"":[87.47942458777781,24.31905662439107]}"
2022_0,0.38,0.10368056,2.63,1.03,36.17,0.12748334,250,36.8,186,0.28643888,0.25,12.77,0.14329167,11,0.32193056,0.23938888,-1.8907636081773376,2.64,200.08478,250,247,"3/22/24, 12:00 AM",DUMKA,99,2024-12-31,4.46,3.552041,406,419,344,334,2.9600084,2024-01-01,30.347647058823526,Masania,"{""geodesic"":false,""type"":""Point"",""coordinates"":[87.54572025574583,24.268930631537202]}"
2023_0,0.25,0.10067027,4.35,0.92,34.11,0.11186757,180,38.1,146,0.21998379,0.86,15.79,0.123837836,12,0.28171352,0.23565947,-2.2082383869213262,3.15,270.0,250,247,"3/22/24, 12:00 AM",DUMKA,97,2024-12-31,4.89,3.552041,406,419,344,334,4.0628123,2024-01-01,30.341764705882355,Masania,"{""geodesic"":false,""type"":""Point"",""coordinates"":[87.5454507611606,24.269739115292907]}"
2024_0,0.34,0.07481286,2.74,0.43,35.2,0.10236714,11.7,4.84,176,0.24128714,0.29,14.7,0.10414714,14,0.20284571,0.13307858,-2.4325554380746066,0.36,270.0,202,222,"3/31/24, 12:00 AM",DUMKA,145,2024-12-31,5.2,3.6352136,428,424,370,354,5.0767255,2024-01-01,30.179941176470592,Joram,"{""geodesic"":false,""type"":""Point"",""coordinates"":[87.48966538201677,24.344658609988475]}"
2025_0,0.62,0.080942854,2.35,0.53,30.2,0.107114285,11.2,6.55,189,0.2753943,0.69,14.3,0.11917714,17,0.28172427,0.19555,3.913221644732359,0.59,151.2422,202,222,"3/31/24, 12:00 AM",DUMKA,143,2024-12-31,5.41,3.6352136,428,424,370,354,2.1150007,2024-01-01,30.179941176470592,Joram,"{""geodesic"":false,""type"":""Point"",""coordinates"":[87.49020437118725,24.344119620818006]}"
2026_0,0.41,0.09309143,3.54,0.76,28.2,0.12256714,16.3,6.81,188,0.28098,0.38,16.3,0.14363714,16,0.31063572,0.22999571,-2.7347252959667676,0.43,227.66373,202,222,"3/31/24, 12:00 AM",DUMKA,143,2024-12-31,5.08,3.6352136,428,424,370,354,6.8529363,2024-01-01,30.179941176470592,Joram,"{""geodesic"":false,""type"":""Point"",""coordinates"":[87.49074336035771,24.34385012623277]}"
2027_0,0.54,0.078805715,3.38,0.89,26.5,0.10478,14.3,6.33,189,0.26239428,0.63,15.4,0.12451714,14,0.28827715,0.20637286,3.244093752505321,0.73,132.33621,202,222,"3/31/24, 12:00 AM",DUMKA,144,2024-12-31,5.36,3.6352136,428,424,370,354,4.1243486,2024-01-01,30.179941176470592,Joram,"{""geodesic"":false,""type"":""Point"",""coordinates"":[87.489934876602,24.344119620818006]}"
2028_0,0.46,0.073674284,5.62,0.32,42.3,0.09207143,175.53,15.47,277,0.23681715,0.51,11.06,0.101534285,14.65,0.28981143,0.23925143,-1.611662379187354,0.65,245.5221,221,234,"5/21/24, 12:00 AM",DUMKA,264,2024-12-31,4.73,3.3341472,416,405,363,361,2.2373273,2024-01-01,30.249085714285716,Kauria,"{""geodesic"":false,""type"":""Point"",""coordinates"":[86.91968433424293,24.42254254512164]}"
2029_0,0.51,0.08040963,1.76,0.48,26.1,0.09823926,31.1,6.22,186,0.2411363,0.37,20.5,0.11693852,13,0.2773237,0.21966444,-2.5200112717356595,0.75,33.37652,212,215,"4/1/24, 12:00 AM",DUMKA,214,2024-12-31,5.01,3.5455499,413,409,374,376,5.536057,2024-01-01,30.23217647058823,Bamerjhanti,"{""geodesic"":false,""type"":""Point"",""coordinates"":[87.37863361289959,24.38939471113763]}"
2030_0,0.62,0.060754813,1.19,0.46,20.4,0.07619111,31.1,7.22,172,0.27349705,0.56,11.3,0.070518516,13,0.20448963,0.12689704,-1.386184457593292,0.32,121.26517,204,209,"4/1/24, 12:00 AM",DUMKA,209,2024-12-31,5.12,3.5455499,415,410,380,382,3.5695238,2024-01-01,30.23217647058823,Bamerjhanti,"{""geodesic"":false,""type"":""Point"",""coordinates"":[87.37944209665531,24.38858622738192]}"
2031_0,0.48,0.073423706,1.98,0.55,22.5,0.09029185,36.1,6.51,222,0.2719148,0.38,28.3,0.09471481,19,0.22557259,0.15658148,-0.7303322600818379,0.45,180.0,204,209,"3/31/24, 12:00 AM",DUMKA,209,2024-12-31,5.46,3.5455499,415,410,380,382,0.92740995,2024-01-01,30.23217647058823,Bamerjhanti,"{""geodesic"":false,""type"":""Point"",""coordinates"":[87.37998108582578,24.388316732796685]}"
2032_0,0.73,0.062225927,1.62,1.01,35.4,0.07523111,30.2,5.14,194,0.24576518,0.43,13.4,0.07278593,16,0.22152667,0.14824297,-0.7303322600818379,0.58,180.0,204,209,"3/31/24, 12:00 AM",DUMKA,208,2024-12-31,5.28,3.5455499,415,410,380,382,0.92740995,2024-01-01,30.23217647058823,Bamerjhanti,"{""geodesic"":false,""type"":""Point"",""coordinates"":[87.37971159124054,24.388316732796685]}"
2033_0,0.37,0.08753778,1.16,0.61,23.5,0.10153852,30.2,7.34,230,0.25835407,0.58,17.4,0.10099407,15,0.23012592,0.15995185,-2.6269470047558516,1.06,98.63132,204,209,"3/31/24, 12:00 AM",DUMKA,206,2024-12-31,5.31,3.5455499,415,410,380,382,6.1563478,2024-01-01,30.236628571428568,Bamerjhanti,"{""geodesic"":false,""type"":""Point"",""coordinates"":[87.38052007499626,24.38804723821145]}"
2034_0,0.63,0.06095111,1.01,0.73,36.4,0.078087404,14.4,6.19,200,0.28656963,0.59,15.3,0.06474741,13,0.20177333,0.11683852,-3.162372775306352,1.22,105.282036,204,209,"3/31/24, 12:00 AM",DUMKA,209,2024-12-31,5.8,3.5455499,415,410,380,382,10.439751,2024-01-01,30.23217647058823,Bamerjhanti,"{""geodesic"":false,""type"":""Point"",""coordinates"":[87.37944209665531,24.387508249040977]}"
2035_0,0.72,0.08924074,1.08,0.61,26.3,0.10699111,16.3,12.4,199,0.23846741,0.56,14.2,0.122625925,19,0.25926813,0.20243704,-1.611159814118909,0.44,65.516106,204,209,"3/31/24, 12:00 AM",DUMKA,204,2024-12-31,5.41,3.5455499,415,410,380,382,2.2368143,2024-01-01,30.236628571428568,Bamerjhanti,"{""geodesic"":false,""type"":""Point"",""coordinates"":[87.37998108582578,24.387508249040977]}"
2036_0,0.51,0.07156148,2.12,0.59,20.5,0.08689259,32.5,8.19,194,0.2347674,0.38,12.3,0.090147406,18,0.2286363,0.1633,-2.449546273183809,0.5,100.32351,204,209,"3/31/24, 12:00 AM",DUMKA,205,2024-12-31,5.31,3.5455499,415,410,380,382,5.1615505,2024-01-01,30.23217647058823,Bamerjhanti,"{""geodesic"":false,""type"":""Point"",""coordinates"":[87.37971159124054,24.387508249040977]}"
2037_0,0.62,0.077517144,1.84,0.55,28.6,0.100572854,29.2,2.268,193,0.24982715,0.63,14.3,0.12497571,16,0.32335,0.25611144,-0.432061037403837,0.06,47.662544,210,225,"4/5/24, 12:00 AM",DUMKA,177,2024-12-31,5.14,3.5624192,430,415,360,360,5.4916387,2024-01-01,30.215470588235288,Hirodih,"{""geodesic"":false,""type"":""Point"",""coordinates"":[87.50394859503427,24.338729729113286]}"
2038_0,0.52,0.059621427,2.35,0.49,33.2,0.07722857,12.7,16.77,171,0.28185287,0.46,15.3,0.079292856,13,0.25267,0.17168428,-1.55471217250884,1.56,28.756733,210,225,"4/5/24, 12:00 AM",DUMKA,178,2024-12-31,5.23,3.5624192,430,415,360,360,4.2242103,2024-01-01,30.215470588235288,Hirodih,"{""geodesic"":false,""type"":""Point"",""coordinates"":[87.50367910044903,24.338729729113286]}"
2039_0,0.53,0.051725715,0.98,0.62,24.6,0.06785143,17.3,2.99,223,0.24472713,0.75,15.4,0.06607143,13,0.21431,0.14206715,-1.7343563145630356,2.11,23.702307,210,225,"4/5/24, 12:00 AM",DUMKA,179,2024-12-31,5.16,3.5624192,430,415,360,360,5.0515485,2024-01-01,30.215470588235288,Hirodih,"{""geodesic"":false,""type"":""Point"",""coordinates"":[87.5034096058638,24.338729729113286]}"
2040_0,0.54,0.077517144,0.73,0.41,25.9,0.100572854,16.5,23.5,226,0.24982715,0.39,12.5,0.12497571,12,0.32335,0.25611144,-0.432061037403837,1.61,47.662544,210,225,"4/5/24, 12:00 AM",DUMKA,177,2024-12-31,5.21,3.5624192,430,415,360,360,5.4916387,2024-01-01,30.215470588235288,Hirodih,"{""geodesic"":false,""type"":""Point"",""coordinates"":[87.50394859503427,24.338729729113286]}"
2041_0,0.39,0.074607246,5.47,0.8,54.26,0.118218705,134.07,6.36,212,0.27458203,0.87,11.36,0.13027914,14.47,0.31463885,0.22751726,5.256240450560178,0.35,245.50851,229,243,"5/22/24, 12:00 AM",DUMKA,145,2024-12-31,5.15,3.5413055,375,370,396,386,2.2361643,2024-01-01,30.26494736842105,Karanpura,"{""geodesic"":false,""type"":""Point"",""coordinates"":[87.36192494861497,24.34304164247706]}"
2042_0,0.56,0.074607246,2.35,0.9,38.45,0.118218705,127.98,13.36,386,0.27458203,0.59,11.18,0.13027914,8.67,0.31463885,0.22751726,5.256240450560178,0.41,245.50851,229,243,"5/22/24, 12:00 AM",DUMKA,145,2024-12-31,5.14,3.5413055,375,370,396,386,2.2361643,2024-01-01,30.26494736842105,Karanpura,"{""geodesic"":false,""type"":""Point"",""coordinates"":[87.36192494861497,24.34304164247706]}"
2043_0,0.45,0.073674284,2.35,0.59,38.45,0.09207143,122.34,13.36,254,0.23681715,0.47,8.21,0.101534285,12.34,0.28981143,0.23925143,-1.611662379187354,0.35,245.5221,221,234,"5/21/24, 12:00 AM",DUMKA,264,2024-12-31,4.95,3.3341472,416,405,363,361,2.2373273,2024-01-01,30.249085714285716,Bhitra,"{""geodesic"":false,""type"":""Point"",""coordinates"":[86.91968433424293,24.42254254512164]}"
2044_0,0.34,0.06445217,4.33,0.39,87.92,0.10256259,101.22,13.66,248,0.23013598,0.47,10.38,0.10377698,8.97,0.24799784,0.17814964,4.984566433810488,0.42,195.34378,232,246,"5/22/24, 12:00 AM",DUMKA,142,2024-12-31,4.98,3.5413055,374,370,394,383,3.8413258,2024-01-01,30.26857142857143,Aluara,"{""geodesic"":false,""type"":""Point"",""coordinates"":[87.36273343237069,24.340885685795175]}"
2045_0,0.23,0.075079285,4.58,0.88,67.45,0.11568653,128.12,20.54,348,0.22218865,0.59,11.38,0.12816666,18.65,0.2806596,0.22000496,-2.5216972895821312,0.5,180.0,233,247,"5/21/24, 12:00 AM",DUMKA,151,2024-12-31,5.62,3.4132357,385,386,383,367,5.547545,2024-01-01,30.279257142857148,Aluara,"{""geodesic"":false,""type"":""Point"",""coordinates"":[87.34575527350083,24.337112761601873]}"
2046_0,0.39,0.08273572,4.88,0.95,36.95,0.11480284,114.51,14.5,371,0.23823687,0.59,10.32,0.11500567,11.57,0.2597766,0.19465674,-0.12982773564914016,0.75,90.0,233,247,"5/21/24, 12:00 AM",DUMKA,150,2024-12-31,5.52,3.4132357,387,386,379,366,1.0178343,2024-01-01,30.279257142857148,Aluara,"{""geodesic"":false,""type"":""Point"",""coordinates"":[87.34548577891559,24.336034783260928]}"
2047_0,1.36,0.08273572,5.78,0.46,59.83,0.11480284,100.11,11.26,262,0.23823687,0.39,6.31,0.11500567,8.46,0.2597766,0.19465674,-0.12982773564914016,0.46,90.0,233,247,"5/22/24, 12:00 AM",DUMKA,150,2024-12-31,5.58,3.4132357,387,386,379,366,1.0178343,2024-01-01,30.279257142857148,Aluara,"{""geodesic"":false,""type"":""Point"",""coordinates"":[87.34548577891559,24.336034783260928]}"
2048_0,0.47,0.08273572,2.56,0.55,35.33,0.11480284,129.12,7.42,246,0.23823687,0.48,9.62,0.11500567,16.67,0.2597766,0.19465674,-0.12982773564914016,0.52,90.0,233,247,"5/22/24, 12:00 AM",DUMKA,150,2024-12-31,5.69,3.4132357,387,386,379,366,1.0178343,2024-01-01,30.279257142857148,Aluara,"{""geodesic"":false,""type"":""Point"",""coordinates"":[87.34548577891559,24.336034783260928]}"
2049_0,0.63,0.07012162,0.65,0.79,17.84,0.094704054,30.2,30.46,205,0.3032392,0.67,13.2,0.10147568,14,0.30416217,0.20082703,-2.1324516823122597,0.96,222.44571,201,209,"4/5/24, 12:00 AM",DUMKA,139,2024-12-31,5.12,3.603517,396,397,403,394,7.498319,2024-01-01,30.26178378378378,Kalhajhor,"{""geodesic"":false,""type"":""Point"",""coordinates"":[87.43900039999242,24.334417815749514]}"
2050_0,0.25,0.07852568,1.47,0.73,21.6,0.106372975,14.4,19.4,200,0.2743919,0.89,15.3,0.11487838,18,0.2717338,0.18760811,3.152962432229302,0.51,-0.0,196,197,"4/5/24, 12:00 AM",DUMKA,133,2024-12-31,5.08,3.603517,400,405,403,398,0.0,2024-01-01,30.21935135135135,Kalhajhor,"{""geodesic"":false,""type"":""Point"",""coordinates"":[87.43846141082196,24.33226185906763]}"
2051_0,0.37,0.07514861,1.28,0.87,30.2,0.10326806,21.4,16.4,190,0.28885415,0.47,14.4,0.11068889,14,0.29139444,0.19740556,0.27568246944631114,2.82,270.0,196,197,"4/5/24, 12:00 AM",DUMKA,133,2024-12-31,5.06,3.603517,400,405,403,398,1.0178031,2024-01-01,30.21935135135135,Kalhajhor,"{""geodesic"":false,""type"":""Point"",""coordinates"":[87.4387309054072,24.33226185906763]}"
2052_0,0.25,0.05695857,2.14,0.43,36.5,0.077154286,11.7,13.9,184,0.25141287,0.29,14.7,0.07997572,14,0.23820285,0.15941857,-0.036766764331390284,1.46,180.0,203,209,"4/5/24, 12:00 AM",DUMKA,143,2024-12-31,5.02,3.603517,391,395,406,396,0.92740995,2024-01-01,30.26178378378378,Kalhajhor,"{""geodesic"":false,""type"":""Point"",""coordinates"":[87.44223433501526,24.334417815749514]}"
2053_0,0.51,0.059689704,1.68,0.71,38.2,0.07944706,20.4,22.61,174,0.2571544,0.56,17.4,0.082417645,16,0.22906324,0.15791765,-0.12980600297099568,1.43,90.0,203,209,"4/5/24, 12:00 AM",DUMKA,143,2024-12-31,5.41,3.603517,391,395,406,396,1.0178187,2024-01-01,30.26178378378378,Kalhajhor,"{""geodesic"":false,""type"":""Point"",""coordinates"":[87.44223433501526,24.334148321164278]}"
2054_0,0.34,0.088758156,2.56,0.43,35.33,0.11122766,129.12,7.42,246,0.23963334,0.38,9.62,0.12354752,7.47,0.28109786,0.21190922,-0.7197650638745277,0.46,227.6626,233,247,"5/21/24, 12:00 AM",DUMKA,150,2024-12-31,5.73,3.4132357,385,386,383,367,2.7521434,2024-01-01,30.29354285714286,Balidih,"{""geodesic"":false,""type"":""Point"",""coordinates"":[87.34521628433035,24.338999223698522]}"
2055_0,0.45,0.088758156,4.56,0.69,60.34,0.11122766,118.47,9.678,248,0.23963334,0.59,6.39,0.12354752,8.97,0.28109786,0.21190922,-0.7197650638745277,0.85,227.6626,233,247,"5/21/24, 12:00 AM",DUMKA,150,2024-12-31,4.68,3.4132357,385,386,383,367,2.7521434,2024-01-01,30.29354285714286,Balidih,"{""geodesic"":false,""type"":""Point"",""coordinates"":[87.34521628433035,24.338999223698522]}"
2056_0,1.35,0.08273572,5.65,0.89,51.57,0.11480284,96.87,15.48,212,0.23823687,0.49,11.36,0.11500567,13.46,0.2597766,0.19465674,-0.12982773564914016,0.57,90.0,233,247,"5/21/24, 12:00 AM",DUMKA,150,2024-12-31,5.31,3.4132357,387,386,379,366,1.0178343,2024-01-01,30.279257142857148,Balidih,"{""geodesic"":false,""type"":""Point"",""coordinates"":[87.34548577891559,24.336034783260928]}"
2057_0,0.47,0.08273572,4.58,0.31,67.45,0.11480284,128.12,20.34,348,0.23823687,0.63,11.38,0.11500567,15.47,0.2597766,0.19465674,-0.12982773564914016,0.62,90.0,233,247,"5/21/24, 12:00 AM",DUMKA,150,2024-12-31,4.95,3.4132357,387,386,379,366,1.0178343,2024-01-01,30.279257142857148,Balidih,"{""geodesic"":false,""type"":""Point"",""coordinates"":[87.34548577891559,24.336034783260928]}"
2058_0,0.56,0.08273572,5.89,0.88,38.26,0.11480284,101.26,13.2,354,0.23823687,0.59,12.39,0.11500567,12.49,0.2597766,0.19465674,-0.12982773564914016,0.82,90.0,233,247,"5/21/24, 12:00 AM",DUMKA,150,2024-12-31,5.62,3.4132357,387,386,379,366,1.0178343,2024-01-01,30.279257142857148,Balidih,"{""geodesic"":false,""type"":""Point"",""coordinates"":[87.34548577891559,24.336034783260928]}"
2059_0,0.68,0.08082778,2.63,0.41,16.75,0.114755556,207.3,36.8,189,0.27477223,0.46,17.3,0.14400834,10,0.3047028,0.23941389,-1.6097430594617332,2.64,294.50076,255,253,"3/22/24, 12:00 AM",DUMKA,97,2024-12-31,5.41,3.552041,392,402,353,346,2.2353702,2024-01-01,30.35629411764706,Bara Dhania Pahari,"{""geodesic"":false,""type"":""Point"",""coordinates"":[87.54006086945587,24.288603736259418]}"
2060_0,0.51,0.07977105,2.16,0.74,22.5,0.10209737,59.3,7.12,226,0.21841578,0.41,13.6,0.12958159,16,0.29613948,0.25272632,-1.4227828037296901,1.17,180.0,223,228,"4/1/24, 12:00 AM",DUMKA,119,2024-12-31,5.14,3.447776,405,408,372,364,1.8543341,2024-01-01,30.29800000000001,Belaikandar,"{""geodesic"":false,""type"":""Point"",""coordinates"":[87.49155184411342,24.29830554132791]}"
2061_0,0.76,0.0953027,2.7,0.45,29.94,0.124124326,147,25.7,185,0.25267568,0.85,14.28,0.1503973,8,0.31166756,0.2303892,3.1774061319207285,2.056,65.50278,222,221,"3/22/24, 12:00 AM",DUMKA,118,2024-12-31,4.03,3.5624192,434,444,344,335,2.2356737,2024-01-01,30.37131250000001,Jhirka,"{""geodesic"":false,""type"":""Point"",""coordinates"":[87.52847260229073,24.30935481932258]}"
2062_0,0.52,0.13458055,1.35,0.49,16.75,0.15760556,165,9.68,209,0.30823332,0.56,12.74,0.17461666,12,0.3355472,0.25363055,0.4745816733096204,0.646,180.0,249,246,"3/22/24, 12:00 AM",DUMKA,92,2024-12-31,3.07,3.552041,403,416,349,337,2.7802885,2024-01-01,30.347647058823526,Jaluaduba,"{""geodesic"":false,""type"":""Point"",""coordinates"":[87.54733722325724,24.266774674855313]}"
2063_0,0.26,0.13100556,2.27,0.79,23.12,0.15425278,174,16.4,193,0.30170557,0.51,14.32,0.17175278,10,0.33367223,0.25109166,0.6931485549881016,0.56,245.49554,249,246,"3/30/24, 12:00 AM",DUMKA,93,2024-12-31,4.21,3.552041,403,416,349,337,2.2350547,2024-01-01,30.347647058823526,Jaluaduba,"{""geodesic"":false,""type"":""Point"",""coordinates"":[87.54733722325724,24.26704416944055]}"
2064_0,0.54,0.1471389,2.07,0.83,42.58,0.17075555,175,19.4,188,0.3235472,0.57,11.59,0.19736667,10,0.38681388,0.30243057,-1.1095859579335383,1.81,90.0,249,246,"3/22/24, 12:00 AM",DUMKA,94,2024-12-31,4.72,3.552041,403,416,349,337,4.062724,2024-01-01,30.347647058823526,Jaluaduba,"{""geodesic"":false,""type"":""Point"",""coordinates"":[87.54679823408678,24.26704416944055]}"
2065_0,0.42,0.139225,2.63,0.69,21.94,0.16683055,145,15.1,196,0.3174611,0.27,16.91,0.19061944,14,0.36064723,0.27855277,-0.7921345062795632,2.46,159.91554,249,246,"3/22/24, 12:00 AM",DUMKA,92,2024-12-31,4.25,3.552041,403,416,349,337,2.9600022,2024-01-01,30.347647058823526,Jaluaduba,"{""geodesic"":false,""type"":""Point"",""coordinates"":[87.547067728672,24.266774674855313]}"
2066_0,0.81,0.073674284,4.58,0.88,67.45,0.09207143,128.12,20.34,348,0.23681715,0.59,11.38,0.101534285,7.47,0.28981143,0.23925143,-1.611662379187354,0.56,245.5221,221,234,"5/21/24, 12:00 AM",DUMKA,264,2024-12-31,5.62,3.3341472,416,405,363,361,2.2373273,2024-01-01,30.249085714285716,Balijor,"{""geodesic"":false,""type"":""Point"",""coordinates"":[86.91968433424293,24.42254254512164]}"
2067_0,0.38,0.08376496,8.3,0.25,31.64,0.1071781,33.2,31.64,195,0.27497518,0.55,12.3,0.12090657,18,0.30647445,0.22127226,-2.6267170625027525,2.46,98.63231,205,216,"4/6/24, 12:00 AM",DUMKA,183,2024-12-31,5.17,3.5455499,380,381,416,403,6.1556525,2024-01-01,30.25027777777778,Bhawanrpathar,"{""geodesic"":false,""type"":""Point"",""coordinates"":[87.38510148294526,24.373225036023477]}"
2068_0,0.53,0.089724086,1.35,0.63,26.24,0.101283945,32.1,9.41,165,0.24699052,0.62,11,0.107198544,16,0.24654087,0.18953285,-2.449337024211271,2.56,79.6754,205,216,"4/6/24, 12:00 AM",DUMKA,186,2024-12-31,5.65,3.5455499,380,381,416,403,5.1610155,2024-01-01,30.25027777777778,Bhawanrpathar,"{""geodesic"":false,""type"":""Point"",""coordinates"":[87.38429299918955,24.37376402519395]}"
2069_0,0.62,0.08376496,1.28,0.48,32.39,0.1071781,31.1,6.45,175,0.27497518,0.34,12.4,0.12090657,15,0.30647445,0.22127226,-2.6267170625027525,3.23,98.63231,205,216,"4/6/24, 12:00 AM",DUMKA,183,2024-12-31,5.39,3.5455499,380,381,416,403,6.1556525,2024-01-01,30.25027777777778,Bhawanrpathar,"{""geodesic"":false,""type"":""Point"",""coordinates"":[87.38510148294526,24.373225036023477]}"
2070_0,0.58,0.088783085,1.65,0.46,21.4,0.10949779,30.2,10.6,192,0.27818087,0.51,14.3,0.12430588,17,0.30039412,0.21473897,-0.7302243864746634,0.49,-0.0,201,213,"4/1/24, 12:00 AM",DUMKA,174,2024-12-31,5.39,3.5455499,378,377,421,410,1.8543341,2024-01-01,30.25027777777778,Bhawanrpathar,"{""geodesic"":false,""type"":""Point"",""coordinates"":[87.38644895587144,24.37484200353489]}"
2071_0,0.91,0.077513136,3.82,0.61,25.8,0.10388905,50.3,9.18,176,0.27351388,0.43,16.3,0.120772265,15,0.29094452,0.21109124,-2.209859214033968,0.65,90.0,205,216,"4/1/24, 12:00 AM",DUMKA,180,2024-12-31,5.36,3.5455499,380,381,416,403,4.0661235,2024-01-01,30.25027777777778,Bhawanrpathar,"{""geodesic"":false,""type"":""Point"",""coordinates"":[87.3853709775305,24.373225036023477]}"
2072_0,0.52,0.08376496,4.26,0.69,27.3,0.1071781,55.2,5.96,184,0.27497518,0.27,16.3,0.12090657,12,0.30647445,0.22127226,-2.6267170625027525,1.78,98.63231,205,216,"4/1/24, 12:00 AM",DUMKA,183,2024-12-31,5.46,3.5455499,380,381,416,403,6.1556525,2024-01-01,30.25027777777778,Bhawanrpathar,"{""geodesic"":false,""type"":""Point"",""coordinates"":[87.38510148294526,24.373225036023477]}"
2073_0,1.01,0.072519444,2.32,0.19,24.22,0.100152776,32.2,24.72,147,0.28976667,0.79,19.1,0.105775,17,0.27026665,0.1844,-0.026130476766040592,3.19,227.65367,221,225,"4/6/24, 12:00 AM",DUMKA,111,2024-12-31,5.5,3.447776,391,401,388,375,1.3766303,2024-01-01,30.29211764705883,Jangla,"{""geodesic"":false,""type"":""Point"",""coordinates"":[87.45139715091328,24.299114025083618]}"
2074_0,0.23,0.073674284,3.12,0.1,10.15,0.09207143,129.12,29.24,278,0.23681715,0.69,6.94,0.101534285,13.87,0.28981143,0.23925143,-1.611662379187354,0.65,245.5221,221,234,"5/21/24, 12:00 AM",DUMKA,264,2024-12-31,5.38,3.3341472,416,405,363,361,2.2373273,2024-01-01,30.249085714285716,Jangla,"{""geodesic"":false,""type"":""Point"",""coordinates"":[86.91968433424293,24.42254254512164]}"
2075_0,0.7,0.098005556,2.1,0.2,34.2,0.120341666,199,13.5,135,0.31470832,0.25,11.18,0.121255554,12,0.28984722,0.19550277,-1.7399681103618831,1.79,68.656586,241,249,"3/27/24, 12:00 AM",DUMKA,62,2024-12-31,4.42,3.8513324,377,379,382,372,7.6001654,2024-01-01,30.4110303030303,Jhunki,"{""geodesic"":false,""type"":""Point"",""coordinates"":[87.63061105009513,24.24952702140022]}"
2076_0,0.8,0.09621389,5.4,0.7,80.2,0.11875556,241,23.4,190,0.33090279,0.48,10.69,0.11658889,13,0.32505,0.21701667,-2.3739845267854034,1.27,219.44081,238,246,"3/25/24, 12:00 AM",DUMKA,65,2024-12-31,5.46,3.583333,377,379,385,375,4.7926927,2024-01-01,30.39018181818182,Jhunki,"{""geodesic"":false,""type"":""Point"",""coordinates"":[87.62333469629375,24.253030451008286]}"
2077_0,0.7,0.102297224,5.9,0.8,77.6,0.12464722,125,25.8,182,0.29044724,0.75,11.51,0.13443056,11,0.28909168,0.21189722,-2.3023876749419885,1.18,65.493225,241,249,"3/25/24, 12:00 AM",DUMKA,68,2024-12-31,5.08,3.583333,393,395,366,356,4.462934,2024-01-01,30.39018181818182,Jhunki,"{""geodesic"":false,""type"":""Point"",""coordinates"":[87.62468216921994,24.253299945593522]}"
2078_0,0.4,0.082269445,7.3,0.4,82.7,0.10276111,265,18.4,182,0.27302778,0.45,11.92,0.10779722,12,0.26743612,0.19708888,-2.399788980299141,0.22,55.63548,238,246,"3/25/24, 12:00 AM",DUMKA,69,2024-12-31,4.3,3.583333,377,379,385,375,4.9173684,2024-01-01,30.39018181818182,Jhunki,"{""geodesic"":false,""type"":""Point"",""coordinates"":[87.62468216921994,24.253030451008286]}"
2079_0,0.45,0.101844445,6.35,0.89,26.34,0.116119444,174,10.1,240,0.26719168,0.65,14.63,0.12601945,15,0.2760111,0.208325,-2.3023421705149625,1.378,245.49261,241,249,"3/18/24, 12:00 AM",DUMKA,65,2024-12-31,5.64,3.8513324,377,379,382,372,4.4628296,2024-01-01,30.4110303030303,Jhunki,"{""geodesic"":false,""type"":""Point"",""coordinates"":[87.62872458799848,24.249796515985455]}"
2080_0,0.68,0.08064722,0.81,0.78,18.19,0.10916389,144,19.2,159,0.28574166,0.25,11.84,0.11235,10,0.28375277,0.19380277,-2.151777582977515,1.65,164.66699,245,249,"3/18/24, 12:00 AM",DUMKA,63,2024-12-31,5.42,3.8513324,381,384,374,366,3.841128,2024-01-01,30.364685714285724,Jhunki,"{""geodesic"":false,""type"":""Point"",""coordinates"":[87.63088054468037,24.247101570133097]}"
2081_0,0.69,0.060902778,2.45,0.79,27.38,0.081530556,210,14.06,205,0.26501667,0.47,15.06,0.07995,8,0.22683612,0.1585389,-1.5401913352671408,0.84,77.1599,239,247,"3/18/24, 12:00 AM",DUMKA,70,2024-12-31,4.9,3.583333,391,391,370,362,4.1661873,2024-01-01,30.398411764705884,Jhunki,"{""geodesic"":false,""type"":""Point"",""coordinates"":[87.62737711507229,24.255455902275408]}"
2082_0,0.71,0.07636944,1.63,0.8,11,0.09279167,160,11.06,198,0.213825,0.48,10.6,0.10408611,17.25,0.26108888,0.21327777,-1.8173683044301736,1.25,227.64394,239,247,"3/18/24, 12:00 AM",DUMKA,70,2024-12-31,4.7,3.583333,391,391,370,362,2.751161,2024-01-01,30.39018181818182,Jhunki,"{""geodesic"":false,""type"":""Point"",""coordinates"":[87.62629913673135,24.255725396860644]}"
2083_0,0.69,0.070357144,3.1,0.4,15.04,0.09148,46.3,16.3,226,0.27936858,0.39,12.45,0.08589714,27,0.21915142,0.14983143,-1.81736708930751,0.88,47.643875,241,248,"4/7/24, 12:00 AM",DUMKA,68,2024-12-31,5.21,3.583333,392,394,366,358,2.7511578,2024-01-01,30.39018181818182,Jhunki,"{""geodesic"":false,""type"":""Point"",""coordinates"":[87.62333469629375,24.255455902275408]}"
2084_0,0.49,0.06643889,1.7,0.8,28.4,0.08365278,11.2,24.4,153,0.24359444,0.97,12.28,0.08794167,21,0.22647223,0.16253333,-1.6092771510241453,3.03,114.50635,241,248,"4/7/24, 12:00 AM",DUMKA,66,2024-12-31,5.34,3.583333,392,394,366,358,2.2348933,2024-01-01,30.39018181818182,Jhunki,"{""geodesic"":false,""type"":""Point"",""coordinates"":[87.62360419087899,24.255725396860644]}"
2085_0,0.6,0.09006389,4.2,0.3,35.8,0.108925,156,25.3,189,0.30746388,0.45,12.48,0.09811111,14,0.24141389,0.15223889,-1.5538769450887673,0.66,28.740025,243,251,"4/7/24, 12:00 AM",DUMKA,65,2024-12-31,5.48,3.583333,376,378,381,371,2.1146412,2024-01-01,30.398411764705884,Jhunki,"{""geodesic"":false,""type"":""Point"",""coordinates"":[87.6252211583904,24.2508744943264]}"
2086_0,0.45,0.079925,2.09,0.78,23.17,0.102805555,236,12.1,205,0.32431668,0.47,10.02,0.100036114,11,0.2812361,0.18156667,-1.9643838299370135,2.05,106.905426,245,249,"3/18/24, 12:00 AM",DUMKA,66,2024-12-31,4.75,3.8513324,381,384,374,366,3.1862366,2024-01-01,30.4110303030303,Chhota Chapiria,"{""geodesic"":false,""type"":""Point"",""coordinates"":[87.63061105009513,24.247371064718333]}"
2087_0,0.89,0.057505716,2.1,0.6,30.96,0.081431426,58.6,25.54,238,0.30232286,0.42,10.22,0.07297429,27,0.25085142,0.16521715,-2.1518252686454367,2.38,15.333742,235,242,"4/7/24, 12:00 AM",DUMKA,68,2024-12-31,5.9,3.583333,393,396,373,362,3.8411415,2024-01-01,30.39018181818182,Kajladah,"{""geodesic"":false,""type"":""Point"",""coordinates"":[87.6168668262481,24.253569440178758]}"
2088_0,0.35,0.0928,1.4,0.9,28.74,0.10878572,52.3,19.09,238,0.23236571,0.49,19.34,0.10856857,19,0.22611715,0.16576,-0.821723994068549,3.02,90.0,242,248,"4/7/24, 12:00 AM",DUMKA,69,2024-12-31,5.39,3.583333,392,393,367,359,1.0171887,2024-01-01,30.39018181818182,Kajladah,"{""geodesic"":false,""type"":""Point"",""coordinates"":[87.62198722336758,24.255455902275408]}"
2089_0,0.39,0.079834245,5.12,0.48,64.26,0.09833836,119.57,19.08,258,0.2765178,0.57,9.39,0.09921918,16.67,0.24154931,0.16464795,-1.1243401893090987,0.48,312.35388,188,200,"7/19/24, 12:00 AM",DUMKA,166,2024-12-31,5.61,3.5459766,410,411,402,389,1.3764313,2024-01-01,30.236571428571427,Dhanbari,"{""geodesic"":false,""type"":""Point"",""coordinates"":[87.35923000276262,24.265427201929135]}"
2090_0,0.39,0.0809863,1.7,1.11,68.13,0.09499863,187,17.2,164,0.25144932,0.53,11,0.09345479,10,0.2231041,0.14845206,0.5645026874604293,2.19,270.0,181,200,"5/7/24, 12:00 AM",DUMKA,166,2024-12-31,5.3,3.5459766,412,410,407,391,1.0172242,2024-01-01,30.236571428571427,Dhanbari,"{""geodesic"":false,""type"":""Point"",""coordinates"":[87.35410960564313,24.26003731022442]}"
2091_0,0.56,0.24534306,2.35,0.49,45.62,0.31367534,101.26,7.24,248,0.38137534,0.62,13.08,0.32989725,11.57,0.36687124,0.32591644,-2.125052313943708,0.48,187.80782,188,209,"7/20/24, 12:00 AM",DUMKA,147,2024-12-31,4.93,3.4153485,390,386,421,406,7.4471364,2024-01-01,30.183176470588236,Angraidih,"{""geodesic"":false,""type"":""Point"",""coordinates"":[87.28269354055563,24.272973050315738]}"
2092_0,0.46,0.09909437,3.56,0.35,40.42,0.12050704,118.47,11.73,235,0.27419156,0.35,9.31,0.12263803,13.46,0.27444366,0.18786056,-1.9642307465457203,0.49,106.906715,188,196,"6/29/24, 12:00 AM",DUMKA,142,2024-12-31,4.99,3.6011982,361,359,451,444,3.1860015,2024-01-01,30.21707692307692,Beharabank,"{""geodesic"":false,""type"":""Point"",""coordinates"":[87.294551302306,24.23713027047937]}"
2093_0,0.14,0.095775,4.53,0.39,10.15,0.11417778,115.31,21.39,258,0.28804305,0.89,8.15,0.11931389,8.97,0.3074625,0.21304028,-1.4223002453364437,0.75,-0.0,185,194,"6/29/24, 12:00 AM",DUMKA,148,2024-12-31,5.64,3.6011982,366,365,449,441,1.8543341,2024-01-01,30.21707692307692,Beharabank,"{""geodesic"":false,""type"":""Point"",""coordinates"":[87.29212585103889,24.235782797553192]}"
2094_0,0.26,0.09909437,4.91,0.98,60.37,0.12050704,114.51,8.87,239,0.27419156,0.47,18.21,0.12263803,0,0.27444366,0.18786056,-1.9642307465457203,0.37,106.906715,188,196,"6/29/24, 12:00 AM",DUMKA,142,2024-12-31,5.58,3.6011982,361,359,451,444,3.1860015,2024-01-01,30.21707692307692,Beharabank,"{""geodesic"":false,""type"":""Point"",""coordinates"":[87.294551302306,24.23713027047937]}"
2095_0,1.18,0.07870959,3.48,0.43,93.26,0.098539725,99.68,8.05,225,0.27738768,0.38,8.26,0.09560137,8.67,0.24331233,0.17200138,-1.5540202771083436,0.57,331.25714,187,199,"7/18/24, 12:00 AM",DUMKA,166,2024-12-31,5.73,3.5459766,423,424,389,377,2.114699,2024-01-01,30.236571428571427,Saharghati,"{""geodesic"":false,""type"":""Point"",""coordinates"":[87.35896050817738,24.265966191099608]}"
2096_0,0.48,0.09042877,5.2,0.56,49.68,0.1127452,100,23.3,174,0.26843563,0.45,19,0.12782602,10,0.23790684,0.17726438,-2.1155780649754647,1.4,180.0,186,205,"5/7/24, 12:00 AM",DUMKA,158,2024-12-31,5.11,3.405328,385,386,428,409,3.7047918,2024-01-01,30.214235294117643,Saharghati,"{""geodesic"":false,""type"":""Point"",""coordinates"":[87.34467729515988,24.253569440178758]}"
2097_0,0.37,0.07956986,4.2,0.47,50.41,0.09310137,212,16.8,202,0.24240547,0.33,15,0.09176301,13,0.21467534,0.15468767,-1.4224308692633063,0.67,180.0,186,205,"5/7/24, 12:00 AM",DUMKA,158,2024-12-31,5.2,3.405328,385,386,428,409,1.8543341,2024-01-01,30.214235294117643,Saharghati,"{""geodesic"":false,""type"":""Point"",""coordinates"":[87.34440780057464,24.253569440178758]}"
2098_0,0.48,0.07255352,1,0.67,68.16,0.09595493,110,8.3,192,0.29054168,0.69,10,0.1438,12,0.29894304,0.20733888,-0.5109419448396109,0.83,114.503136,179,191,"5/6/24, 12:00 AM",DUMKA,166,2024-12-31,5.84,3.405328,412,412,409,398,2.235168,2024-01-01,30.164058823529412,Golpur,"{""geodesic"":false,""type"":""Point"",""coordinates"":[87.31152946117587,24.274590017827155]}"
2099_0,0.34,0.08097361,5.34,0.42,35.38,0.09995556,140.56,20.34,280,0.28916848,0.85,8.58,0.13891096,15.45,0.29449314,0.1995041,-1.6810784024396752,0.45,140.55434,179,191,"7/2/24, 12:00 AM",DUMKA,169,2024-12-31,4.87,3.405328,412,412,409,398,4.793025,2024-01-01,30.14017142857142,Golpur,"{""geodesic"":false,""type"":""Point"",""coordinates"":[87.31045148283492,24.275129006997627]}"
2100_0,1.35,0.076931946,2.12,0.43,45.23,0.09695833,119.57,20.34,263,0.2806137,0.47,18.76,0.1342137,14.48,0.27707672,0.18508494,-1.9515584066924838,0.46,126.10189,179,191,"7/2/24, 12:00 AM",DUMKA,168,2024-12-31,5.69,3.405328,412,412,409,398,6.271203,2024-01-01,30.14017142857142,Golpur,"{""geodesic"":false,""type"":""Point"",""coordinates"":[87.31072097742016,24.275667996168096]}"
2101_0,0.46,0.07580704,5.23,0.48,42.22,0.09393944,113.29,31.4,265,0.24175212,0.57,6.34,0.09753239,18.65,0.23490423,0.16147465,2.4361684902598464,0.82,90.0,192,199,"7/18/24, 12:00 AM",DUMKA,151,2024-12-31,5.61,3.5459766,428,432,380,369,1.0172931,2024-01-01,30.205833333333334,Dhabna,"{""geodesic"":false,""type"":""Point"",""coordinates"":[87.36542837822304,24.268661136951966]}"
2102_0,0.45,0.08716757,4.01,0.88,29.67,0.10350946,150.06,32.8,388,0.25798514,0.59,16.68,0.10762568,11.57,0.25965,0.18040541,-1.8907682155415602,0.34,339.91507,184,194,"7/18/24, 12:00 AM",DUMKA,161,2024-12-31,5.62,3.5459766,420,423,395,383,2.9600112,2024-01-01,30.222833333333337,Dhabna,"{""geodesic"":false,""type"":""Point"",""coordinates"":[87.35896050817738,24.270008609878143]}"
2103_0,1.13,0.08716757,5.09,0.98,50.56,0.10350946,165.01,16.97,368,0.25798514,0.68,17.23,0.10762568,14.65,0.25965,0.18040541,-1.8907682155415602,0.46,339.91507,184,194,"7/18/24, 12:00 AM",DUMKA,161,2024-12-31,5.63,3.5459766,420,423,395,383,2.9600112,2024-01-01,30.222833333333337,Dhabna,"{""geodesic"":false,""type"":""Point"",""coordinates"":[87.35896050817738,24.270008609878143]}"
2104_0,0.45,0.08716757,2.12,0.63,45.23,0.10350946,119.57,20.34,264,0.25798514,0.67,18.76,0.10762568,9.47,0.25965,0.18040541,-1.8907682155415602,0.82,339.91507,184,194,"7/13/24, 12:00 AM",DUMKA,161,2024-12-31,4.95,3.5459766,420,423,395,383,2.9600112,2024-01-01,30.222833333333337,Dhabna,"{""geodesic"":false,""type"":""Point"",""coordinates"":[87.35896050817738,24.270008609878143]}"
2105_0,1.13,0.06357206,2.15,0.22,35.81,0.08058824,100.11,17.12,325,0.2537797,0.41,9.28,0.13207391,8.89,0.24606232,0.18732318,-1.124153725521836,0.45,227.64262,198,209,"7/11/24, 12:00 AM",DUMKA,161,2024-12-31,5.46,3.5459766,446,446,356,345,1.3763394,2024-01-01,30.18441176470589,Dhabna,"{""geodesic"":false,""type"":""Point"",""coordinates"":[87.36488938905256,24.25006601057069]}"
2106_0,0.49,0.067473136,3.86,0.75,49.45,0.126525,107.89,10.95,243,0.26911616,0.31,8.32,0.123767644,12.49,0.2488147,0.18593088,-1.6091839061434199,0.41,65.49256,198,209,"7/10/24, 12:00 AM",DUMKA,160,2024-12-31,5.61,3.4836266,446,446,356,345,2.2348003,2024-01-01,30.181085714285718,Dhabna,"{""geodesic"":false,""type"":""Point"",""coordinates"":[87.36569787280828,24.24952702140022]}"
2107_0,1.18,0.07956986,2.56,0.55,35.33,0.09310137,129.12,7.42,246,0.24240547,0.48,9.62,0.09176301,18.65,0.21467534,0.15468767,-1.4224308692633063,0.85,180.0,186,205,"7/6/24, 12:00 AM",DUMKA,158,2024-12-31,5.69,3.405328,385,386,428,409,1.8543341,2024-01-01,30.214235294117643,Dhabna,"{""geodesic"":false,""type"":""Point"",""coordinates"":[87.34440780057464,24.253569440178758]}"
2108_0,0.54,0.097589046,3.48,0.48,93.26,0.10837397,99.68,8.05,225,0.255463,0.57,8.26,0.104120545,14.48,0.24170822,0.18187124,-2.2229033007734076,0.81,47.645184,187,208,"7/20/24, 12:00 AM",DUMKA,174,2024-12-31,5.61,3.5459766,411,409,402,384,4.122884,2024-01-01,30.236571428571427,Saharghati,"{""geodesic"":false,""type"":""Point"",""coordinates"":[87.35276213271696,24.261384783150596]}"
2109_0,1.08,0.13119054,3.39,0.58,9.88,0.14905,139.14,16.96,239,0.29017028,0.69,9.94,0.16567162,14.48,0.32402703,0.24054325,-1.920336284686779,0.45,90.0,193,210,"7/19/24, 12:00 AM",DUMKA,171,2024-12-31,5.73,3.5459766,411,408,396,383,3.0490053,2024-01-01,30.21097142857143,Saharghati,"{""geodesic"":false,""type"":""Point"",""coordinates"":[87.3568045514955,24.255455902275408]}"
2110_0,0.34,0.09042877,4.56,0.47,60.34,0.1127452,118.47,9.67,248,0.26843563,0.49,6.39,0.12782602,16.67,0.23790684,0.17726438,-2.1155780649754647,0.72,180.0,186,205,"7/13/24, 12:00 AM",DUMKA,158,2024-12-31,5.58,3.405328,385,386,428,409,3.7047918,2024-01-01,30.214235294117643,Saharghati,"{""geodesic"":false,""type"":""Point"",""coordinates"":[87.34467729515988,24.253569440178758]}"
2111_0,0.34,0.08107361,2.68,0.98,38.62,0.1008875,100.11,9.26,361,0.2748736,0.85,18.51,0.103618056,8.97,0.28944582,0.19620417,-0.31111805017968513,0.45,90.0,184,194,"7/18/24, 12:00 AM",DUMKA,157,2024-12-31,5.02,3.5459766,420,423,395,383,3.0493577,2024-01-01,30.222833333333337,Kurumpahari,"{""geodesic"":false,""type"":""Point"",""coordinates"":[87.3597689919331,24.27027810446338]}"
2112_0,1.08,0.08107361,2.15,0.63,35.81,0.1008875,98.63,17.12,281,0.2748736,0.67,9.28,0.103618056,15.49,0.28944582,0.19620417,-0.31111805017968513,0.75,90.0,184,194,"7/18/24, 12:00 AM",DUMKA,157,2024-12-31,4.95,3.5459766,420,423,395,383,3.0493577,2024-01-01,30.222833333333337,Kurumpahari,"{""geodesic"":false,""type"":""Point"",""coordinates"":[87.3597689919331,24.27027810446338]}"
2113_0,0.23,0.1259,2.56,0.27,35.33,0.13243803,129.12,7.42,246,0.2639183,0.55,9.62,0.14160845,7.47,0.28394365,0.22419296,-1.5147175900767165,0.41,270.0,203,215,"7/12/24, 12:00 AM",DUMKA,173,2024-12-31,5.28,3.4836266,422,423,374,362,2.0335855,2024-01-01,30.18037837837838,Kurumpahari,"{""geodesic"":false,""type"":""Point"",""coordinates"":[87.35330112188743,24.246023591792152]}"
2114_0,1.34,0.101147145,4.02,0.37,26.53,0.110675715,98.63,21.38,258,0.23895286,0.71,10.34,0.12570572,18.67,0.26869428,0.21360429,2.055040400235949,0.46,-0.0,207,220,"7/12/24, 12:00 AM",DUMKA,178,2024-12-31,5.07,3.4836266,431,429,362,351,0.0,2024-01-01,30.181085714285718,Kurumpahari,"{""geodesic"":false,""type"":""Point"",""coordinates"":[87.35545707856932,24.24440662428074]}"
2115_0,1.18,0.101147145,5.71,0.49,60.54,0.110675715,153.2,9.85,276,0.23895286,0.65,8.38,0.12570572,15.49,0.26869428,0.21360429,2.055040400235949,0.57,-0.0,207,220,"7/12/24, 12:00 AM",DUMKA,178,2024-12-31,5.53,3.4836266,431,429,362,351,0.0,2024-01-01,30.181085714285718,Kurumpahari,"{""geodesic"":false,""type"":""Point"",""coordinates"":[87.35545707856932,24.24440662428074]}"
2116_0,0.99,0.07472899,3.85,0.57,19.82,0.09018695,169.6,12.77,236,0.2159,0.31,11.65,0.15036857,12.49,0.28308144,0.24379429,-1.124156693441181,0.82,132.35732,194,206,"7/11/24, 12:00 AM",DUMKA,163,2024-12-31,5.67,3.5459766,452,451,354,343,2.7510955,2024-01-01,30.18441176470589,Kurumpahari,"{""geodesic"":false,""type"":""Point"",""coordinates"":[87.36381141071162,24.250335505155928]}"
2117_0,0.78,0.063832074,5.39,0.53,65.3,0.13888147,128.12,6.35,237,0.28121665,0.37,9.28,0.10527593,12.49,0.19024444,0.11398889,-1.6093611116042392,0.46,114.505356,195,208,"7/11/24, 12:00 AM",DUMKA,142,2024-12-31,4.52,3.5459766,417,417,388,376,2.234978,2024-01-01,30.191777777777776,Dhamna,"{""geodesic"":false,""type"":""Point"",""coordinates"":[87.37728613997342,24.261654277735833]}"
2118_0,0.39,0.08397714,1.13,0.9,36.58,0.114748575,98.63,18.35,232,0.32814226,0.59,22.21,0.16892818,15.49,0.34694085,0.25405917,-1.9317162682254578,0.48,261.35965,201,213,"7/11/24, 12:00 AM",DUMKA,165,2024-12-31,5.14,3.5459766,422,423,377,364,6.1500053,2024-01-01,30.21097142857143,Dhamna,"{""geodesic"":false,""type"":""Point"",""coordinates"":[87.3605774756888,24.253299945593522]}"
2119_0,0.14,0.0755116,2.19,0.54,40.78,0.09702753,98.63,31.16,264,0.23876858,0.43,22.32,0.16244143,13.87,0.2932,0.25124714,-1.3843187624451863,0.75,121.29291,194,206,"7/11/24, 12:00 AM",DUMKA,161,2024-12-31,5.63,3.5459766,452,451,354,343,3.5666876,2024-01-01,30.18441176470589,Dhamna,"{""geodesic"":false,""type"":""Point"",""coordinates"":[87.36408090529686,24.250335505155928]}"
2120_0,0.34,0.0755116,2.78,0.87,12.77,0.09702753,119.57,30.5,261,0.23876858,0.59,8.2,0.16244143,15.45,0.2932,0.25124714,-1.3843187624451863,1.23,121.29291,194,206,"7/11/24, 12:00 AM",DUMKA,161,2024-12-31,5.96,3.5459766,452,451,354,343,3.5666876,2024-01-01,30.18441176470589,Dhamna,"{""geodesic"":false,""type"":""Point"",""coordinates"":[87.36408090529686,24.250335505155928]}"
2121_0,0.19,0.0755116,2.45,0.59,27.15,0.09702753,129.12,16.97,225,0.23876858,0.42,9.39,0.16244143,12.49,0.2932,0.25124714,-1.3843187624451863,0.35,121.29291,194,206,"7/10/24, 12:00 AM",DUMKA,161,2024-12-31,5.33,3.5459766,452,451,354,343,3.5666876,2024-01-01,30.18441176470589,Dhamna,"{""geodesic"":false,""type"":""Point"",""coordinates"":[87.36408090529686,24.250335505155928]}"
2122_0,0.39,0.0755116,5.47,0.48,47.12,0.09702753,98.63,19.28,243,0.23876858,0.39,4.36,0.16244143,16.67,0.2932,0.25124714,-1.3843187624451863,0.46,121.29291,194,206,"7/10/24, 12:00 AM",DUMKA,161,2024-12-31,4.69,3.5459766,452,451,354,343,3.5666876,2024-01-01,30.18441176470589,Dhamna,"{""geodesic"":false,""type"":""Point"",""coordinates"":[87.36408090529686,24.250335505155928]}"
2123_0,0.49,0.089604616,3.12,0.52,74.98,0.096449226,126.33,21.36,206,0.26559076,0.56,13.52,0.08078154,7.48,0.19693539,0.122379996,-2.4934638811355865,0.65,249.9624,197,212,"7/9/24, 12:00 AM",DUMKA,154,2024-12-31,5.73,3.4836266,448,445,356,343,5.397818,2024-01-01,30.17217142857144,Dhamna,"{""geodesic"":false,""type"":""Point"",""coordinates"":[87.3673148403197,24.24683207554786]}"
2124_0,0.39,0.13955556,4.03,0.43,90.91,0.16165695,140.56,22.66,243,0.27481806,0.38,8.32,0.1905375,11.57,0.33541527,0.27245834,-1.9645103782690272,0.65,286.90436,178,193,"7/4/24, 12:00 AM",DUMKA,159,2024-12-31,5.73,3.405328,400,400,422,406,3.1864338,2024-01-01,30.212294117647055,Dhamna,"{""geodesic"":false,""type"":""Point"",""coordinates"":[87.34225184389275,24.25599489144588]}"
2125_0,0.54,0.13955556,3.48,0.48,93.26,0.16165695,99.68,8.05,225,0.27481806,0.57,8.26,0.1905375,14.65,0.33541527,0.27245834,-1.9645103782690272,0.62,286.90436,178,193,"7/4/24, 12:00 AM",DUMKA,159,2024-12-31,5.61,3.405328,400,400,422,406,3.1864338,2024-01-01,30.212294117647055,Dhamna,"{""geodesic"":false,""type"":""Point"",""coordinates"":[87.34225184389275,24.25599489144588]}"
2126_0,0.14,0.07956986,4.12,0.98,82.16,0.09310137,126.33,9.27,389,0.24240547,0.85,14.51,0.09176301,13.87,0.21467534,0.15468767,-1.4224308692633063,0.65,180.0,186,205,"7/4/24, 12:00 AM",DUMKA,158,2024-12-31,5.02,3.405328,385,386,428,409,1.8543341,2024-01-01,30.214235294117643,Dhamna,"{""geodesic"":false,""type"":""Point"",""coordinates"":[87.34440780057464,24.253569440178758]}"
2127_0,0.48,0.09189583,3.3,0.24,65.1,0.11142361,226,19.4,139,0.25891387,0.94,8,0.11912778,11,0.25480834,0.18404722,-0.5043890166888001,0.91,159.91647,181,200,"5/7/24, 12:00 AM",DUMKA,167,2024-12-31,4.42,3.5459766,412,410,407,391,2.9599848,2024-01-01,30.236571428571427,Dhamna,"{""geodesic"":false,""type"":""Point"",""coordinates"":[87.3538401110579,24.26030680480965]}"
2128_0,0.47,0.104971625,2,0.6,91.27,0.1182473,109,7.8,145,0.24657702,0.27,8,0.12028108,14,0.23694189,0.16624054,-1.9645714703797388,2.14,253.0961,181,200,"5/7/24, 12:00 AM",DUMKA,172,2024-12-31,5.6,3.5459766,412,410,407,391,3.1865165,2024-01-01,30.236571428571427,Dhamna,"{""geodesic"":false,""type"":""Point"",""coordinates"":[87.35545707856932,24.259767815639183]}"
2129_0,0.57,0.09416892,5.3,0.71,71.25,0.11517027,192,2.3,123,0.25383243,0.31,14,0.11358784,14,0.25792837,0.18062162,-2.6577320574604926,1.18,253.09625,194,213,"5/7/24, 12:00 AM",DUMKA,173,2024-12-31,6.14,3.5459766,423,418,382,369,6.3534923,2024-01-01,30.236571428571427,Dhamna,"{""geodesic"":false,""type"":""Point"",""coordinates"":[87.35626556232502,24.260845793980124]}"
2130_0,0.81,0.07956986,5.35,0.87,93.26,0.09310137,145.34,10.15,384,0.24240547,0.89,16.96,0.09176301,7.47,0.21467534,0.15468767,-1.4224308692633063,0.35,180.0,186,205,"7/5/24, 12:00 AM",DUMKA,158,2024-12-31,5.39,3.405328,385,386,428,409,1.8543341,2024-01-01,30.214235294117643,Sagarbhanga,"{""geodesic"":false,""type"":""Point"",""coordinates"":[87.34440780057464,24.253569440178758]}"
2131_0,1.08,0.107906945,2.15,0.59,35.81,0.13005833,98.63,17.12,281,0.28480694,0.71,9.28,0.13585278,21.47,0.305175,0.21273889,-1.134759004680766,0.75,180.0,185,202,"7/5/24, 12:00 AM",DUMKA,153,2024-12-31,5.58,3.405328,377,376,439,422,2.7802885,2024-01-01,30.212294117647055,Sagarbhanga,"{""geodesic"":false,""type"":""Point"",""coordinates"":[87.34090437096658,24.253838934763994]}"
2132_0,1.35,0.09533562,2.87,0.46,74.09,0.11500274,118.47,20.34,267,0.29211095,0.98,11.54,0.10856301,14.48,0.26849315,0.17660822,-0.0255924977323144,0.65,47.643562,185,202,"7/5/24, 12:00 AM",DUMKA,154,2024-12-31,4.88,3.405328,377,376,439,422,1.3763641,2024-01-01,30.212294117647055,Sagarbhanga,"{""geodesic"":false,""type"":""Point"",""coordinates"":[87.34225184389275,24.25410842934923]}"
2133_0,0.47,0.10062192,3.65,0.53,46.55,0.119445205,96.87,21.01,238,0.28799042,0.39,26.01,0.12390411,7.47,0.2889178,0.19886301,-0.943451391676441,0.43,323.8254,185,202,"7/5/24, 12:00 AM",DUMKA,155,2024-12-31,4.68,3.405328,377,376,439,422,3.442824,2024-01-01,30.212294117647055,Sagarbhanga,"{""geodesic"":false,""type"":""Point"",""coordinates"":[87.342521338478,24.25410842934923]}"
2134_0,0.23,0.053685293,3.85,0.42,43.42,0.112782605,76.34,22.32,243,0.2641029,0.59,4.36,0.103526086,13.46,0.218929,0.16235653,-2.207956351932695,0.41,90.0,198,211,"7/4/24, 12:00 AM",DUMKA,167,2024-12-31,5.39,3.5459766,430,430,371,359,4.0622373,2024-01-01,30.18441176470589,Sagarbhanga,"{""geodesic"":false,""type"":""Point"",""coordinates"":[87.36273343237069,24.251682978082105]}"
2135_0,0.34,0.12535754,6.47,0.63,18.31,0.1428315,165.01,17.25,235,0.28785616,0.69,9.31,0.1552959,15.49,0.32337123,0.23651645,-2.2470624439259828,0.46,208.74077,186,205,"7/4/24, 12:00 AM",DUMKA,160,2024-12-31,4.87,3.405328,385,386,428,409,4.2235665,2024-01-01,30.212294117647055,Sagarbhanga,"{""geodesic"":false,""type"":""Point"",""coordinates"":[87.34306032764846,24.2546474185197]}"
2136_0,0.45,0.08222055,5.89,0.87,38.26,0.098528765,101.26,13.2,354,0.23962876,0.61,12.39,0.08809726,7.48,0.18175068,0.115752056,-0.7292938888240627,0.34,180.0,186,205,"7/4/24, 12:00 AM",DUMKA,161,2024-12-31,5.51,3.405328,385,386,428,409,1.8543341,2024-01-01,30.214235294117643,Sagarbhanga,"{""geodesic"":false,""type"":""Point"",""coordinates"":[87.34359931681894,24.254377923934463]}"
2137_0,0.46,0.088771224,3.56,0.35,40.42,0.13460785,118.47,11.73,235,0.29098937,0.35,9.31,0.16933617,13.46,0.30305037,0.22380142,2.2813253564623692,0.49,245.5078,228,248,"5/16/24, 12:00 AM",DUMKA,163,2024-12-31,4.99,3.5169094,379,372,394,379,2.2361033,2024-01-01,30.2252,Tapsi,"{""geodesic"":false,""type"":""Point"",""coordinates"":[87.14498180750012,24.338999223698522]}"
2138_0,0.23,0.10788429,5.78,0.62,59.83,0.12880571,120.14,11.26,245,0.2744163,0.55,10.24,0.16243121,13.65,0.2947383,0.2183468,2.3784953412203618,0.48,114.492294,228,248,"5/16/24, 12:00 AM",DUMKA,162,2024-12-31,5.71,3.5169094,379,372,394,379,2.2360952,2024-01-01,30.2252,Tapsi,"{""geodesic"":false,""type"":""Point"",""coordinates"":[87.14471231291488,24.338460234528053]}"
2139_0,1.18,0.08315786,3.65,0.95,64.89,0.11030357,128.12,25.61,385,0.26760715,0.59,19.15,0.11602357,8.97,0.27683356,0.19313,1.5119478042585994,0.4,216.20175,232,248,"5/19/24, 12:00 AM",DUMKA,154,2024-12-31,5.52,3.6050391,351,347,417,405,3.4440148,2024-01-01,30.183257142857137,Ghanshyampur,"{""geodesic"":false,""type"":""Point"",""coordinates"":[87.18513650070025,24.38023189523961]}"
2140_0,0.14,0.08315786,3.39,0.46,9.88,0.11030357,139.14,16.96,239,0.26760715,0.98,9.94,0.11602357,15.49,0.27683356,0.19313,1.5119478042585994,0.39,216.20175,232,248,"5/19/24, 12:00 AM",DUMKA,154,2024-12-31,4.88,3.6050391,351,347,417,405,3.4440148,2024-01-01,30.183257142857137,Ghanshyampur,"{""geodesic"":false,""type"":""Point"",""coordinates"":[87.18513650070025,24.38023189523961]}"
2141_0,1.08,0.08315786,6.11,0.51,58.62,0.11030357,107.89,26.3,368,0.26760715,0.43,17.41,0.11602357,11.57,0.27683356,0.19313,1.5119478042585994,0.48,216.20175,232,248,"5/19/24, 12:00 AM",DUMKA,154,2024-12-31,5.77,3.6050391,351,347,417,405,3.4440148,2024-01-01,30.183257142857137,Ghanshyampur,"{""geodesic"":false,""type"":""Point"",""coordinates"":[87.18513650070025,24.38023189523961]}"
2142_0,1.35,0.08315786,2.45,0.63,38.34,0.11030357,115.31,22.32,376,0.26760715,0.48,15.08,0.11602357,8.89,0.27683356,0.19313,1.5119478042585994,0.45,216.20175,232,248,"5/19/24, 12:00 AM",DUMKA,154,2024-12-31,5.71,3.6050391,351,347,417,405,3.4440148,2024-01-01,30.183257142857137,Ghanshyampur,"{""geodesic"":false,""type"":""Point"",""coordinates"":[87.18513650070025,24.38023189523961]}"
2143_0,0.23,0.08315786,5.35,0.49,93.16,0.11030357,145.34,10.15,384,0.26760715,0.63,16.96,0.11602357,15.47,0.27683356,0.19313,1.5119478042585994,0.46,216.20175,232,248,"5/19/24, 12:00 AM",DUMKA,154,2024-12-31,5.45,3.6050391,351,347,417,405,3.4440148,2024-01-01,30.183257142857137,Ghanshyampur,"{""geodesic"":false,""type"":""Point"",""coordinates"":[87.18513650070025,24.38023189523961]}"
2144_0,0.56,0.08773551,4.58,0.88,67.45,0.111273915,128.12,20.34,348,0.27699202,0.59,11.38,0.11867971,9.47,0.28062102,0.19420145,-1.2053306503592989,0.52,65.51188,219,236,"5/19/24, 12:00 AM",DUMKA,167,2024-12-31,5.62,3.58974,379,375,402,390,4.4661107,2024-01-01,30.226555555555553,Bhatania,"{""geodesic"":false,""type"":""Point"",""coordinates"":[87.11506790853893,24.362714747199277]}"
2145_0,0.78,0.08773551,5.89,0.87,38.26,0.111273915,101.26,13.2,354,0.27699202,0.61,12.39,0.11867971,7.47,0.28062102,0.19420145,-1.2053306503592989,0.58,65.51188,219,236,"5/19/24, 12:00 AM",DUMKA,167,2024-12-31,5.51,3.58974,379,375,402,390,4.4661107,2024-01-01,30.226555555555553,Dubrikedaili,"{""geodesic"":false,""type"":""Point"",""coordinates"":[87.11506790853893,24.362714747199277]}"
2146_0,0.23,0.08773551,4.01,0.98,29.67,0.111273915,150.06,32.8,388,0.27699202,0.68,16.68,0.11867971,21.47,0.28062102,0.19420145,-1.2053306503592989,0.48,65.51188,219,236,"5/19/24, 12:00 AM",DUMKA,167,2024-12-31,5.63,3.58974,379,375,402,390,4.4661107,2024-01-01,30.226555555555553,Dubrikedaili,"{""geodesic"":false,""type"":""Point"",""coordinates"":[87.11506790853893,24.362714747199277]}"
2147_0,1.18,0.057567626,2.56,0.55,35.33,0.08393022,129.12,7.42,246,0.29234603,0.48,9.62,0.08497698,8.89,0.25411296,0.16484532,-2.077626361372837,0.57,238.70953,202,218,"5/17/24, 12:00 AM",DUMKA,213,2024-12-31,5.69,3.5056844,399,388,399,394,3.5669372,2024-01-01,30.214628571428577,Bhairopur,"{""geodesic"":false,""type"":""Point"",""coordinates"":[87.06709787236694,24.26246276149154]}"
2148_0,0.49,0.08626861,3.12,0.52,74.98,0.10805182,126.33,21.36,206,0.29581532,0.56,13.52,0.11834744,7.48,0.33184087,0.23322555,-0.4557121326320597,0.65,331.25095,205,231,"5/17/24, 12:00 AM",DUMKA,177,2024-12-31,5.73,3.5056844,392,386,403,383,2.1148238,2024-01-01,30.245722222222216,Simra,"{""geodesic"":false,""type"":""Point"",""coordinates"":[87.06655888319648,24.29830554132791]}"
2149_0,0.34,0.08478849,6.47,0.32,18.31,0.10998274,149.36,17.25,216,0.2937367,0.51,23.01,0.118043885,14.48,0.3345331,0.2358928,-0.16803479516847808,0.48,331.25082,205,231,"5/17/24, 12:00 AM",DUMKA,176,2024-12-31,4.73,3.5056844,392,386,403,383,2.114826,2024-01-01,30.245722222222216,Simra,"{""geodesic"":false,""type"":""Point"",""coordinates"":[87.066019894026,24.298844530498382]}"
2150_0,0.19,0.08478849,3.85,0.42,43.42,0.10998274,76.34,22.32,243,0.2937367,0.59,4.36,0.118043885,7.47,0.3345331,0.2358928,-0.16803479516847808,0.82,331.25082,205,231,"5/17/24, 12:00 AM",DUMKA,176,2024-12-31,5.39,3.5056844,392,386,403,383,2.114826,2024-01-01,30.245722222222216,Simra,"{""geodesic"":false,""type"":""Point"",""coordinates"":[87.066019894026,24.298844530498382]}"
2151_0,0.36,0.11481103,5.78,0.46,59.83,0.13696985,100.11,11.26,262,0.3077897,0.39,9.31,0.14928603,9.34,0.33235294,0.24708162,3.4408687620681513,0.4,-0.0,204,230,"5/17/24, 12:00 AM",DUMKA,176,2024-12-31,5.58,3.4610145,399,386,397,384,0.0,2024-01-01,30.249891891891888,Simra,"{""geodesic"":false,""type"":""Point"",""coordinates"":[87.05901303480987,24.30477341137357]}"
2152_0,1.08,0.089176975,2.78,0.27,12.77,0.11597986,119.57,30.5,261,0.28986403,0.55,8.2,0.13059497,16.67,0.3378964,0.25092158,3.153241965424217,0.365,-0.0,205,231,"5/17/24, 12:00 AM",DUMKA,176,2024-12-31,5.28,3.5056844,392,386,403,383,0.0,2024-01-01,30.245722222222216,Simra,"{""geodesic"":false,""type"":""Point"",""coordinates"":[87.06628938861124,24.298575035913146]}"
2153_0,0.99,0.088771224,2.45,0.5,27.15,0.13460785,129.12,16.97,225,0.29098937,0.75,9.39,0.16933617,21.47,0.30305037,0.22380142,2.2813253564623692,0.72,245.5078,228,248,"5/16/24, 12:00 AM",DUMKA,163,2024-12-31,5.37,3.5169094,379,372,394,379,2.2361033,2024-01-01,30.2252,Simra,"{""geodesic"":false,""type"":""Point"",""coordinates"":[87.14498180750012,24.338999223698522]}"
2154_0,0.54,0.088771224,5.47,0.37,47.12,0.13460785,98.63,19.28,243,0.29098937,0.71,4.36,0.16933617,16.67,0.30305037,0.22380142,2.2813253564623692,0.45,245.5078,228,248,"5/16/24, 12:00 AM",DUMKA,163,2024-12-31,5.07,3.5169094,379,372,394,379,2.2361033,2024-01-01,30.2252,Simra,"{""geodesic"":false,""type"":""Point"",""coordinates"":[87.14498180750012,24.338999223698522]}"
2155_0,0.14,0.0979,4.88,0.72,36.95,0.12754461,221.3,14.5,215,0.293118,0.26,13.34,0.14960504,14.65,0.35462087,0.2752331,0.3689784958070842,0.42,-0.0,205,231,"5/16/24, 12:00 AM",DUMKA,176,2024-12-31,4.7,3.5056844,392,386,403,383,0.92740995,2024-01-01,30.245722222222216,Simra,"{""geodesic"":false,""type"":""Point"",""coordinates"":[87.06628938861124,24.298844530498382]}"
2156_0,0.19,0.057567626,2.29,0.72,25.64,0.08393022,101.22,22.32,232,0.29234603,0.63,8.72,0.08497698,21.47,0.25411296,0.16484532,-2.077626361372837,0.62,238.70953,202,218,"5/16/24, 12:00 AM",DUMKA,213,2024-12-31,4.95,3.5056844,399,388,399,394,3.5669372,2024-01-01,30.214628571428577,Simra,"{""geodesic"":false,""type"":""Point"",""coordinates"":[87.06709787236694,24.26246276149154]}"
2157_0,0.99,0.06404604,5.12,0.27,37.17,0.091069065,119.57,18.94,248,0.2821007,0.59,6.39,0.095007196,8.46,0.2907626,0.19742806,-0.9162257939194168,0.39,245.49474,202,218,"5/16/24, 12:00 AM",DUMKA,210,2024-12-31,5.57,3.5056844,399,388,399,394,2.234986,2024-01-01,30.214628571428577,Simra,"{""geodesic"":false,""type"":""Point"",""coordinates"":[87.06655888319648,24.262193266906305]}"
2158_0,1.13,0.066897124,3.12,0.98,74.98,0.09337122,115.31,21.36,371,0.27407122,0.68,10.332,0.09716403,15.45,0.26441798,0.17695396,-0.43114803061033447,1.23,227.64531,202,218,"5/16/24, 12:00 AM",DUMKA,211,2024-12-31,4.87,3.5056844,399,388,399,394,1.37641,2024-01-01,30.214628571428577,Simra,"{""geodesic"":false,""type"":""Point"",""coordinates"":[87.06682837778172,24.26192377232107]}"
2159_0,0.54,0.066897124,1.02,0.54,15.4,0.09337122,120.55,20.5,165.5,0.27407122,0.88,14.52,0.09716403,14.32,0.26441798,0.17695396,-0.43114803061033447,0.78,227.64531,202,218,"5/30/24, 12:00 AM",DUMKA,211,2024-12-31,5.62,3.5056844,399,388,399,394,1.37641,2024-01-01,30.214628571428577,Simra,"{""geodesic"":false,""type"":""Point"",""coordinates"":[87.06682837778172,24.26192377232107]}"
2160_0,0.47,0.08741594,2.45,0.51,26.59,0.12285362,100.11,17.26,247,0.29775286,0.51,9,0.19144286,7.48,0.31973428,0.23249428,0.07923933050844899,0.65,47.65373,226,240,"5/16/24, 12:00 AM",DUMKA,168,2024-12-31,5.57,3.4328725,393,392,381,368,4.123556,2024-01-01,30.22142857142857,Simra,"{""geodesic"":false,""type"":""Point"",""coordinates"":[87.14147837789204,24.299383519668854]}"
2161_0,0.34,0.072347485,2.35,0.59,38.45,0.09821223,122.34,13.36,254,0.21921223,0.47,8.21,0.11186691,14.48,0.26133454,0.181241,-1.8173178336796998,0.5,47.64294,211,227,"5/16/24, 12:00 AM",DUMKA,217,2024-12-31,4.95,3.5056844,396,384,393,389,2.7511086,2024-01-01,30.234857142857145,Dhorli,"{""geodesic"":false,""type"":""Point"",""coordinates"":[87.0689843344636,24.25141348349687]}"
2162_0,0.23,0.10924286,3.26,0.45,35.33,0.13483214,114.51,23.54,248,0.30079362,0.69,6.39,0.17190284,8.97,0.32102552,0.2346461,1.8131279222142231,0.45,238.72484,228,248,"5/17/24, 12:00 AM",DUMKA,164,2024-12-31,5.7,3.5169094,379,372,394,379,3.568502,2024-01-01,30.246941176470592,Kairabani,"{""geodesic"":false,""type"":""Point"",""coordinates"":[87.14525130208534,24.338999223698522]}"
2163_0,0.23,0.082153626,2.45,0.42,38.34,0.11295217,115.31,22.32,376,0.24689999,0.56,15.08,0.13805218,21.47,0.2974942,0.23068985,3.7467153474888693,0.42,331.20715,227,249,"5/19/24, 12:00 AM",DUMKA,172,2024-12-31,5.04,3.4890735,385,376,388,375,2.1157105,2024-01-01,30.27268571428571,Machadih,"{""geodesic"":false,""type"":""Point"",""coordinates"":[87.11587639229464,24.526836949607915]}"
2164_0,1.35,0.082153626,4.01,0.98,29.67,0.11295217,150.06,32.8,388,0.24689999,0.68,16.68,0.13805218,8.97,0.2974942,0.23068985,3.7467153474888693,0.45,331.20715,227,249,"5/19/24, 12:00 AM",DUMKA,172,2024-12-31,5.63,3.4890735,385,376,388,375,2.1157105,2024-01-01,30.27268571428571,Machadih,"{""geodesic"":false,""type"":""Point"",""coordinates"":[87.11587639229464,24.526836949607915]}"
2165_0,1.08,0.100972995,3.29,0.27,61.45,0.13042408,159.2,13.21,229,0.28538468,0.35,10.32,0.15327372,14.48,0.3614854,0.28700292,-0.3241686453870078,0.81,-0.0,205,231,"5/16/24, 12:00 AM",DUMKA,175,2024-12-31,5.63,3.5056844,392,386,403,383,1.8543341,2024-01-01,30.245722222222216,Nawadih,"{""geodesic"":false,""type"":""Point"",""coordinates"":[87.06655888319648,24.299114025083618]}"
2166_0,0.99,0.10268643,5.89,0.49,38.26,0.12549928,101.26,13.2,354,0.30291417,0.57,12.39,0.17481348,8.89,0.3466915,0.26367235,-1.9657542291775076,0.76,286.89392,229,240,"5/18/24, 12:00 AM",DUMKA,175,2024-12-31,4.86,3.5169094,374,372,397,388,3.1883395,2024-01-01,30.246941176470592,Pharasimal,"{""geodesic"":false,""type"":""Point"",""coordinates"":[87.14713776418199,24.33926871828376]}"
2167_0,0.81,0.09124599,3.39,0.42,9.88,0.15929928,139.14,16.96,239,0.2898885,0.85,9.94,0.16136259,12.49,0.2842331,0.20559065,-0.0010703273546035647,0.62,245.50827,232,243,"5/18/24, 12:00 AM",DUMKA,167,2024-12-31,4.87,3.5169094,384,383,384,374,2.236144,2024-01-01,30.253588235294128,Phulopani,"{""geodesic"":false,""type"":""Point"",""coordinates"":[87.14605978584105,24.34169416955088]}"
2168_0,1.08,0.10268643,4.07,0.46,61.33,0.12549928,76.12,20.66,230,0.30291417,0.98,16.15,0.17481348,18.67,0.3466915,0.26367235,-1.9657542291775076,0.35,286.89392,229,240,"5/18/24, 12:00 AM",DUMKA,175,2024-12-31,4.88,3.5169094,374,372,397,388,3.1883395,2024-01-01,30.246941176470592,Phulopani,"{""geodesic"":false,""type"":""Point"",""coordinates"":[87.14713776418199,24.33926871828376]}"
2169_0,0.23,0.07148944,3.48,0.48,9.26,0.09180634,99.68,8.05,225,0.25772464,0.57,8.26,0.09325634,8.89,0.26501268,0.18038099,1.215519033412195,0.52,180.0,232,252,"5/19/24, 12:00 AM",DUMKA,166,2024-12-31,5.61,3.6050391,344,336,424,411,1.8543341,2024-01-01,30.198457142857148,Lagla,"{""geodesic"":false,""type"":""Point"",""coordinates"":[87.16734985807469,24.393976119086638]}"
2170_0,0.49,0.07407465,2.35,0.59,38.45,0.08922606,122.34,13.36,254,0.19344155,0.47,8.21,0.08718592,13.87,0.18647183,0.12603028,-0.17481516917051315,0.49,286.8871,242,261,"5/19/24, 12:00 AM",DUMKA,165,2024-12-31,4.95,3.6050391,338,331,420,408,3.189587,2024-01-01,30.198457142857148,Lagla,"{""geodesic"":false,""type"":""Point"",""coordinates"":[87.16734985807469,24.393437129916165]}"
2171_0,0.81,0.0877,5.62,0.32,42.32,0.10978732,175.53,15.47,277,0.23010422,0.51,11.06,0.118542954,11.57,0.22552817,0.17347747,-1.611038846275719,0.41,245.51468,233,249,"5/19/24, 12:00 AM",DUMKA,156,2024-12-31,4.73,3.6050391,348,343,419,408,2.2366922,2024-01-01,30.176228571428567,Lagla,"{""geodesic"":false,""type"":""Point"",""coordinates"":[87.1816330710922,24.379153916898666]}"
2172_0,0.48,0.10496058,1.2,0.52,53.2,0.1358073,78.12,14.66,240,0.29014087,0.78,15.69,0.16285183,11,0.36762482,0.29401606,-0.7924041325537662,1.69,339.91083,205,231,"4/25/24, 12:00 AM",DUMKA,175,2024-12-31,5.76,3.5056844,392,386,403,383,2.9600914,2024-01-01,30.245722222222216,Babukedaili,"{""geodesic"":false,""type"":""Point"",""coordinates"":[87.06628938861124,24.299114025083618]}"
2173_0,0.19,0.06319197,4.12,0.31,82.16,0.07878029,126.33,19.27,389,0.28704783,0.52,14.51,0.08817319,12.49,0.21105725,0.12782392,-0.03697491501007166,0.76,-0.0,218,236,"5/19/24, 12:00 AM",DUMKA,174,2024-12-31,5.73,3.58974,392,381,391,383,0.92740995,2024-01-01,30.226555555555553,Babukedaili,"{""geodesic"":false,""type"":""Point"",""coordinates"":[87.11345094102751,24.361636768858336]}"
2174_0,0.46,0.1013331,2,0.6,91.27,0.1177813,63.29,7.82,145,0.2686338,0.27,7.89,0.1340518,11,0.27524388,0.20932302,-2.2241542091300572,2.14,132.33145,215,231,"4/12/24, 12:00 AM",DUMKA,178,2024-12-31,5.13,3.58974,376,372,409,397,4.124723,2024-01-01,30.226555555555553,Babukedaili,"{""geodesic"":false,""type"":""Point"",""coordinates"":[87.11345094102751,24.365140198466403]}"
2175_0,0.46,0.1013331,3,0.73,85.62,0.1177813,125.53,10.92,320,0.2686338,0.72,14.56,0.1340518,15,0.27524388,0.20932302,-2.2241542091300572,0.96,132.33145,215,231,"4/13/24, 12:00 AM",DUMKA,178,2024-12-31,5.28,3.58974,376,372,409,397,4.124723,2024-01-01,30.226555555555553,Amra,"{""geodesic"":false,""type"":""Point"",""coordinates"":[87.11345094102751,24.365140198466403]}"
2176_0,0.45,0.070671126,2.15,0.59,35.81,0.0855162,98.63,17.12,281,0.24266902,0.71,9.28,0.07021972,16.46,0.18477324,0.11331338,-1.1357098024628407,0.62,180.0,231,247,"5/19/24, 12:00 AM",DUMKA,158,2024-12-31,5.58,3.6050391,345,341,424,411,2.7802885,2024-01-01,30.183257142857137,Jamogori,"{""geodesic"":false,""type"":""Point"",""coordinates"":[87.1832500386036,24.377267454802016]}"
2177_0,0.49,0.070671126,3.65,0.53,46.55,0.0855162,98.87,21.01,238,0.24266902,0.39,26.01,0.07021972,9.47,0.18477324,0.11331338,-1.1357098024628407,0.75,180.0,231,247,"5/19/24, 12:00 AM",DUMKA,158,2024-12-31,4.68,3.6050391,345,341,424,411,2.7802885,2024-01-01,30.183257142857137,Jamogori,"{""geodesic"":false,""type"":""Point"",""coordinates"":[87.1832500386036,24.377267454802016]}"
2178_0,0.56,0.070671126,3.65,0.89,64.89,0.0855162,128.12,25.61,385,0.24266902,0.51,19.15,0.07021972,8.67,0.18477324,0.11331338,-1.1357098024628407,0.48,180.0,231,247,"5/19/24, 12:00 AM",DUMKA,158,2024-12-31,5.02,3.6050391,345,341,424,411,2.7802885,2024-01-01,30.183257142857137,Jamogori,"{""geodesic"":false,""type"":""Point"",""coordinates"":[87.1832500386036,24.377267454802016]}"
2179_0,1.13,0.1382657,2.89,0.87,38.26,0.1698489,101.26,13.2,354,0.3229832,0.61,12.39,0.20688029,9.487,0.39955693,0.3452781,8.765733894347978,0.43,294.49875,197,222,"5/17/24, 12:00 AM",DUMKA,173,2024-12-31,5.51,3.4610145,389,384,414,393,2.2355442,2024-01-01,30.213675675675674,Duma,"{""geodesic"":false,""type"":""Point"",""coordinates"":[87.06575039944077,24.300461498009795]}"
2180_0,1.35,0.074639566,4.02,0.69,26.53,0.097706474,98.63,21.38,258,0.25465396,0.59,10.34,0.10816979,8.97,0.26680216,0.18654172,-1.6092076829264923,0.75,114.50716,211,227,"5/16/24, 12:00 AM",DUMKA,217,2024-12-31,4.68,3.5056844,396,384,393,389,2.2348247,2024-01-01,30.234857142857145,Tengdhowa,"{""geodesic"":false,""type"":""Point"",""coordinates"":[87.0689843344636,24.251143988911636]}"
2181_0,0.56,0.061217986,3.76,0.37,35.33,0.09846929,114.51,23.54,248,0.26848072,0.39,6.39,0.09357143,18.67,0.23609215,0.15646714,-1.6105041089918748,0.85,294.49167,226,253,"5/17/24, 12:00 AM",DUMKA,163,2024-12-31,5.69,3.5169094,373,362,402,385,2.236148,2024-01-01,30.223,Tengdhowa,"{""geodesic"":false,""type"":""Point"",""coordinates"":[87.12126628399936,24.341963664136117]}"
2182_0,0.95,0.09893404,0.6,0.25,34.34,0.11564752,14.5,21.42,135,0.25557446,0.91,16,0.12373759,12,0.25940356,0.19808227,-1.125169282766973,2.61,132.3384,213,230,"3/29/24, 12:00 AM",DUMKA,162,2024-12-31,5.53,3.5740879,386,381,401,389,1.3768394,2024-01-01,30.124285714285712,Ranidinda Urf Madanpur,"{""geodesic"":false,""type"":""Point"",""coordinates"":[87.21990130219568,24.334417815749514]}"
2183_0,1.18,0.11823972,4.12,0.49,82.16,0.12654932,126.33,19.27,389,0.22862466,0.67,14.51,0.1399863,15.45,0.26075205,0.21117534,-2.151900217858442,0.45,15.334764,182,204,"5/21/24, 12:00 AM",DUMKA,170,2024-12-31,4.98,3.5459766,401,394,417,401,3.8411603,2024-01-01,30.236571428571427,Ranidinda Urf Madanpur,"{""geodesic"":false,""type"":""Point"",""coordinates"":[87.35141465979078,24.26246276149154]}"
2184_0,0.26,0.10691015,4.91,0.59,37.52,0.12583406,107.889,7.09,265,0.28597122,0.42,6.34,0.15254028,9.34,0.30126476,0.21448705,-0.16846090193406682,0.65,331.24252,232,243,"5/17/24, 12:00 AM",DUMKA,168,2024-12-31,5.81,3.5169094,384,383,384,374,2.1149943,2024-01-01,30.253588235294128,Katania,"{""geodesic"":false,""type"":""Point"",""coordinates"":[87.14659877501153,24.34250265330659]}"
2185_0,1.35,0.10691015,2.87,0.59,74.09,0.12583406,118.47,20.34,267,0.28597122,0.71,11.54,0.15254028,8.46,0.30126476,0.21448705,-0.16846090193406682,0.65,331.24252,232,243,"5/19/24, 12:00 AM",DUMKA,168,2024-12-31,5.58,3.5169094,384,383,384,374,2.1149943,2024-01-01,30.253588235294128,Katania,"{""geodesic"":false,""type"":""Point"",""coordinates"":[87.14659877501153,24.34250265330659]}"
2186_0,0.47,0.10691015,3.65,0.43,46.55,0.12583406,96.87,27.01,238,0.28597122,0.47,26.01,0.15254028,16.67,0.30126476,0.21448705,-0.16846090193406682,0.43,331.24252,232,243,"5/19/24, 12:00 AM",DUMKA,168,2024-12-31,5.69,3.5169094,384,383,384,374,2.1149943,2024-01-01,30.253588235294128,Katania,"{""geodesic"":false,""type"":""Point"",""coordinates"":[87.14659877501153,24.34250265330659]}"
2187_0,0.34,0.084459156,6.47,0.42,18.31,0.103817604,165.01,17.25,235,0.250881,0.59,9.31,0.102264084,9.47,0.21412465,0.14954647,2.619266802083659,0.78,208.76427,231,247,"5/19/24, 12:00 AM",DUMKA,150,2024-12-31,5.39,3.6050391,345,341,424,411,2.1151316,2024-01-01,30.183257142857137,Phulopani,"{""geodesic"":false,""type"":""Point"",""coordinates"":[87.1824415548479,24.37807593855772]}"
2188_0,0.13,0.084232844,5.09,0.96,50.56,0.12480145,165.01,16.97,368,0.2937367,0.69,17.23,0.14700432,4.74,0.29500073,0.20478201,-0.2242189638957377,0.52,294.49164,232,243,"5/19/24, 12:00 AM",DUMKA,168,2024-12-31,4.72,3.5169094,384,383,384,374,2.2361522,2024-01-01,30.253588235294128,Uparbahiar,"{""geodesic"":false,""type"":""Point"",""coordinates"":[87.14632928042629,24.342233158721353]}"
2189_0,0.13,0.07997071,2.68,0.96,38.62,0.09450429,100.11,9.26,361,0.29617873,0.67,18.51,0.10736099,18.65,0.2697929,0.17132127,-1.3289035238110578,0.57,203.70235,231,251,"5/17/24, 12:00 AM",DUMKA,165,2024-12-31,5.13,3.5169094,384,379,385,370,5.0515504,2024-01-01,30.2252,Baisa,"{""geodesic"":false,""type"":""Point"",""coordinates"":[87.14282585081823,24.338999223698522]}"
2190_0,0.45,0.07997071,2.25,0.59,35.81,0.09450429,98.63,17.12,281,0.29617873,0.71,9.28,0.10736099,7.48,0.2697929,0.17132127,-1.3289035238110578,0.82,203.70235,231,251,"5/17/24, 12:00 AM",DUMKA,165,2024-12-31,5.58,3.5169094,384,379,385,370,5.0515504,2024-01-01,30.2252,Baisa,"{""geodesic"":false,""type"":""Point"",""coordinates"":[87.14282585081823,24.338999223698522]}"
2191_0,0.14,0.093606524,2.35,0.59,38.45,0.11769855,122.34,13.36,254,0.27711958,0.47,8.21,0.13005507,8.97,0.29254928,0.20851305,-0.9803624413395934,0.81,58.729637,219,236,"5/19/24, 12:00 AM",DUMKA,169,2024-12-31,4.95,3.58974,379,375,402,390,3.5689926,2024-01-01,30.226555555555553,Basbutia,"{""geodesic"":false,""type"":""Point"",""coordinates"":[87.1147984139537,24.362714747199277]}"
2192_0,0.81,0.093606524,2.56,0.55,35.33,0.11769855,129.12,7.42,246,0.27711958,0.48,9.62,0.13005507,16.67,0.29254928,0.20851305,-0.9803624413395934,0.57,58.729637,219,236,"5/19/24, 12:00 AM",DUMKA,169,2024-12-31,5.69,3.58974,379,375,402,390,3.5689926,2024-01-01,30.226555555555553,Basbutia,"{""geodesic"":false,""type"":""Point"",""coordinates"":[87.1147984139537,24.362714747199277]}"
2193_0,0.78,0.05551655,2.47,0.67,69.5,0.07464676,105.48,21.39,248,0.24730216,0.68,13.08,0.07558561,18.48,0.22207698,0.14142878,-1.2714510759422446,0.45,253.09634,202,218,"5/16/24, 12:00 AM",DUMKA,210,2024-12-31,4.95,3.5056844,399,388,399,394,3.186561,2024-01-01,30.214628571428577,Bansjora,"{""geodesic"":false,""type"":""Point"",""coordinates"":[87.06682837778172,24.261654277735833]}"
2194_0,1.08,0.093606524,3.48,0.48,93.6,0.11769855,99.68,8.05,225,0.27711958,0.57,8.26,0.13005507,7.48,0.29254928,0.20851305,-0.9803624413395934,0.62,58.729637,219,236,"5/19/24, 12:00 AM",DUMKA,169,2024-12-31,5.61,3.58974,379,375,402,390,3.5689926,2024-01-01,30.226555555555553,Bansjora,"{""geodesic"":false,""type"":""Point"",""coordinates"":[87.1147984139537,24.362714747199277]}"
2195_0,0.49,0.08773551,5.65,0.93,51.57,0.111273915,96.87,15.48,212,0.27699202,0.48,11.36,0.11867971,18.48,0.28062102,0.19420145,-1.2053306503592989,0.78,65.51188,219,236,"5/19/24, 12:00 AM",DUMKA,167,2024-12-31,5.51,3.58974,379,375,402,390,4.4661107,2024-01-01,30.226555555555553,Bansjora,"{""geodesic"":false,""type"":""Point"",""coordinates"":[87.11506790853893,24.362714747199277]}"
2196_0,0.81,0.06766241,5.35,0.87,93.26,0.09565106,145.34,10.15,384,0.28430355,0.89,16.96,0.09745958,7.47,0.27491206,0.18061277,-0.5983728327803892,0.35,90.0,189,208,"5/17/24, 12:00 AM",DUMKA,222,2024-12-31,5.39,3.5332065,416,400,395,393,4.061928,2024-01-01,30.26994444444444,Chatra,"{""geodesic"":false,""type"":""Point"",""coordinates"":[87.02424823331445,24.241981173013617]}"
2197_0,0.13,0.11776111,3.85,0.58,19.82,0.139525,169.6,12.77,236,0.27064446,0.69,11.65,0.1494764,18.48,0.28423887,0.20756805,4.545971014934701,0.58,90.0,244,252,"5/17/24, 12:00 AM",DUMKA,149,2024-12-31,5.73,3.43492,382,383,374,365,2.0343187,2024-01-01,30.19222857142857,Birajpur,"{""geodesic"":false,""type"":""Point"",""coordinates"":[87.1606124934438,24.29183767128225]}"
2198_0,0.26,0.11776111,5.69,0.43,40.5,0.139525,92.78,20.76,267,0.27064446,0.47,8.58,0.1494764,14.48,0.28423887,0.20756805,4.545971014934701,0.46,90.0,244,252,"5/17/24, 12:00 AM",DUMKA,149,2024-12-31,5.69,3.43492,382,383,374,365,2.0343187,2024-01-01,30.19222857142857,Birajpur,"{""geodesic"":false,""type"":""Point"",""coordinates"":[87.1606124934438,24.29183767128225]}"
2199_0,0.34,0.11776111,4.52,0.45,90.24,0.139525,112.14,25.3,239,0.27064446,0.69,17.47,0.1494764,12.49,0.28423887,0.20756805,4.545971014934701,0.39,90.0,244,252,"5/17/24, 12:00 AM",DUMKA,149,2024-12-31,5.5,3.43492,382,383,374,365,2.0343187,2024-01-01,30.19222857142857,Birajpur,"{""geodesic"":false,""type"":""Point"",""coordinates"":[87.1606124934438,24.29183767128225]}"
2200_0,0.45,0.11776111,3.65,0.42,87.89,0.139525,115.31,15.65,247,0.27064446,0.85,18.56,0.1494764,14.65,0.28423887,0.20756805,4.545971014934701,0.52,90.0,244,252,"5/17/24, 12:00 AM",DUMKA,149,2024-12-31,4.87,3.43492,382,383,374,365,2.0343187,2024-01-01,30.19222857142857,Birajpur,"{""geodesic"":false,""type"":""Point"",""coordinates"":[87.1606124934438,24.29183767128225]}"
2201_0,0.19,0.084232844,5.65,0.39,51.57,0.12480145,96.87,15.48,212,0.2937367,0.63,11.36,0.14700432,8.46,0.29500073,0.20478201,-0.2242189638957377,0.46,294.49164,232,243,"5/18/24, 12:00 AM",DUMKA,168,2024-12-31,4.96,3.5169094,384,383,384,374,2.2361522,2024-01-01,30.253588235294128,Heth Rengni,"{""geodesic"":false,""type"":""Point"",""coordinates"":[87.14632928042629,24.342233158721353]}"
2202_0,0.39,0.070671126,2.45,0.92,38.34,0.0855162,115.31,22.32,376,0.24266902,0.57,15.08,0.07021972,15.47,0.18477324,0.11331338,-1.1357098024628407,0.41,180.0,231,247,"5/19/24, 12:00 AM",DUMKA,158,2024-12-31,5.47,3.6050391,345,341,424,411,2.7802885,2024-01-01,30.183257142857137,Heth Rengni,"{""geodesic"":false,""type"":""Point"",""coordinates"":[87.1832500386036,24.377267454802016]}"
2203_0,0.75,0.08202446,2.27,0.62,23.12,0.117394626,15.09,16.39,196,0.2789079,0.61,26,0.12446129,15,0.29423693,0.20317061,-1.272768569318387,2.198,73.10748,216,237,"4/9/24, 12:00 AM",DUMKA,209,2024-12-31,5.05,3.5921476,398,386,386,377,3.1885953,2024-01-01,30.24188571428571,Kusmaha,"{""geodesic"":false,""type"":""Point"",""coordinates"":[87.05011971349708,24.35031799627843]}"
2204_0,0.65,0.09543049,2.74,0.62,65.33,0.11276667,26.12,7.012,164,0.27549574,0.35,11,0.11490851,15,0.286861,0.1980376,-1.27277597140814,2.06,253.10748,217,236,"3/28/24, 12:00 AM",DUMKA,144,2024-12-31,4.19,3.678358,373,368,410,397,3.1885953,2024-01-01,30.15965714285715,Satrukha,"{""geodesic"":false,""type"":""Point"",""coordinates"":[87.22259624804803,24.35031799627843]}"
2205_0,0.74,0.09574894,2.74,0.59,23.24,0.1304338,27.66,21.62,124,0.2910317,0.59,15,0.124959156,7,0.27607465,0.18441972,-1.1253022069189025,1.3,312.33585,214,233,"3/28/24, 12:00 AM",DUMKA,147,2024-12-31,5.71,3.5740879,394,388,392,379,2.7522256,2024-01-01,30.143600000000003,Satrukha,"{""geodesic"":false,""type"":""Point"",""coordinates"":[87.21693686175809,24.34573658832942]}"
2206_0,0.54,0.088262856,3.48,0.48,93.26,0.1304695,99.68,8.05,225,0.2783064,0.57,8.26,0.14203689,14.48,0.301961,0.21861774,1.1769810643817196,0.81,132.3305,212,237,"5/19/24, 12:00 AM",DUMKA,169,2024-12-31,5.61,3.58974,366,356,422,406,1.3770474,2024-01-01,30.25055555555555,Satrukha,"{""geodesic"":false,""type"":""Point"",""coordinates"":[87.11587639229464,24.369452111830174]}"
2207_0,0.36,0.08941761,2.13,0.36,27.78,0.10990493,25.12,16.77,111,0.27309436,0.47,16,0.11094014,16,0.24157043,0.17060705,0.6663664281471942,2.056,47.665607,229,242,"3/29/24, 12:00 AM",DUMKA,136,2024-12-31,5.16,3.6050391,374,369,397,389,1.376945,2024-01-01,30.20548571428572,Murli Chak,"{""geodesic"":false,""type"":""Point"",""coordinates"":[87.18217206026266,24.35220445837508]}"
2208_0,0.39,0.086610794,6.28,0.45,41.9,0.13302642,101.26,14.15,248,0.2822468,0.69,6.39,0.16499929,8.67,0.2975319,0.21815816,3.1618402432759756,0.46,180.0,228,248,"5/16/24, 12:00 AM",DUMKA,162,2024-12-31,5.7,3.5169094,379,372,394,379,0.92740995,2024-01-01,30.2252,Asanjor,"{""geodesic"":false,""type"":""Point"",""coordinates"":[87.14471231291488,24.338999223698522]}"
2209_0,0.47,0.07553669,5.12,0.89,64.26,0.09919424,119.57,19.08,258,0.25668776,0.49,9.39,0.10733813,18.65,0.2816784,0.19311222,-1.5538773964848223,1.23,208.74008,211,227,"5/16/24, 12:00 AM",DUMKA,218,2024-12-31,5.31,3.5056844,396,384,393,389,2.1146421,2024-01-01,30.234857142857145,Asanjor,"{""geodesic"":false,""type"":""Point"",""coordinates"":[87.06871483987837,24.251143988911636]}"
2210_0,0.25,0.1013331,5.3,0.71,71.25,0.1177813,79.12,2.268,123,0.2686338,0.31,14.26,0.1340518,9,0.27524388,0.20932302,-2.2241542091300572,1.18,132.33145,215,231,"4/12/24, 12:00 AM",DUMKA,178,2024-12-31,4.14,3.58974,376,372,409,397,4.124723,2024-01-01,30.226555555555553,Asanjor,"{""geodesic"":false,""type"":""Point"",""coordinates"":[87.11345094102751,24.365140198466403]}"
2211_0,0.19,0.088262856,1.64,0.58,26.1,0.1304695,145.34,12.36,232,0.2783064,0.26,8.72,0.14203689,15.45,0.301961,0.21861774,1.1769810643817196,0.52,132.3305,212,237,"5/19/24, 12:00 AM",DUMKA,169,2024-12-31,4.88,3.58974,366,356,422,406,1.3770474,2024-01-01,30.25055555555555,Pusaro,"{""geodesic"":false,""type"":""Point"",""coordinates"":[87.11587639229464,24.369452111830174]}"
2212_0,0.45,0.08064964,1.64,0.58,26.1,0.10735036,145.34,12.36,232,0.2702108,0.26,8.72,0.1203554,9.47,0.29893452,0.21411511,-1.1241621296221516,0.35,132.35712,211,227,"5/16/24, 12:00 AM",DUMKA,216,2024-12-31,4.88,3.5056844,396,384,393,389,1.376346,2024-01-01,30.234857142857145,Bara,"{""geodesic"":false,""type"":""Point"",""coordinates"":[87.06925382904883,24.251143988911636]}"
2213_0,0.34,0.07553669,6.11,0.78,58.62,0.09919424,107.89,26.3,398,0.25668776,0.83,17.41,0.10733813,18.48,0.2816784,0.19311222,-1.5538773964848223,0.41,208.74008,211,227,"5/16/24, 12:00 AM",DUMKA,218,2024-12-31,5.83,3.5056844,396,384,393,389,2.1146421,2024-01-01,30.234857142857145,Bara,"{""geodesic"":false,""type"":""Point"",""coordinates"":[87.06871483987837,24.251143988911636]}"
2214_0,0.13,0.079592146,5.09,0.59,50.56,0.109021425,165.01,16.97,368,0.26891357,0.42,17.23,0.11311643,18.65,0.27184713,0.18629286,1.3200920397623517,0.78,282.8279,233,248,"5/21/24, 12:00 AM",DUMKA,154,2024-12-31,5.81,3.6050391,346,343,421,409,4.170063,2024-01-01,30.183257142857137,Bara,"{""geodesic"":false,""type"":""Point"",""coordinates"":[87.18513650070025,24.379962400654374]}"
2215_0,0.45,0.079592146,5.34,0.58,35.38,0.109021425,140.56,20.34,280,0.26891357,0.73,8.58,0.11311643,7.48,0.27184713,0.18629286,1.3200920397623517,0.45,282.8279,233,248,"5/21/24, 12:00 AM",DUMKA,154,2024-12-31,5.48,3.6050391,346,343,421,409,4.170063,2024-01-01,30.183257142857137,Bara,"{""geodesic"":false,""type"":""Point"",""coordinates"":[87.18513650070025,24.379962400654374]}"
2216_0,0.81,0.08459296,3.74,0.39,18.31,0.15325417,115.31,21.6,301,0.29433194,0.63,8.28,0.15955555,9.34,0.3145486,0.22114861,0.8798089962084092,0.45,-0.0,226,240,"5/16/24, 12:00 AM",DUMKA,167,2024-12-31,4.96,3.4328725,393,392,381,368,1.8543341,2024-01-01,30.22142857142857,Mahulbana,"{""geodesic"":false,""type"":""Point"",""coordinates"":[87.14174787247728,24.299383519668854]}"
2217_0,0.45,0.08459296,3.75,0.55,38.45,0.15325417,150.6,14.99,284,0.29433194,0.59,6.47,0.15955555,14.65,0.3145486,0.22114861,0.8798089962084092,0.62,-0.0,226,240,"5/16/24, 12:00 AM",DUMKA,167,2024-12-31,5.47,3.4328725,393,392,381,368,1.8543341,2024-01-01,30.22142857142857,Mahulbana,"{""geodesic"":false,""type"":""Point"",""coordinates"":[87.14174787247728,24.299383519668854]}"
2218_0,0.46,0.05975036,5.12,0.89,64.26,0.08309712,119.57,19.08,258,0.26656476,0.49,9.39,0.08372302,12.49,0.24611223,0.16687913,-2.077638824419496,0.48,238.70964,202,218,"5/17/24, 12:00 AM",DUMKA,217,2024-12-31,5.31,3.5056844,399,388,399,394,3.5669487,2024-01-01,30.214628571428577,Sugnibad,"{""geodesic"":false,""type"":""Point"",""coordinates"":[87.06763686153742,24.263001750662013]}"
2219_0,0.49,0.10744,5.21,0.24,80.81,0.13133857,140.56,17.54,218,0.2846468,0.39,25.23,0.16652837,13.46,0.31179646,0.23096879,2.8637344581041466,0.39,227.66248,228,248,"5/16/24, 12:00 AM",DUMKA,162,2024-12-31,5.04,3.5169094,379,372,394,379,1.3768625,2024-01-01,30.246941176470592,Bagjhopa,"{""geodesic"":false,""type"":""Point"",""coordinates"":[87.14498180750012,24.338460234528053]}"
2220_0,0.47,0.10744,4.99,0.22,15.16,0.13133857,98.63,19.65,222,0.2846468,0.35,9.06,0.16652837,8.46,0.31179646,0.23096879,2.8637344581041466,0.81,227.66248,228,248,"5/16/24, 12:00 AM",DUMKA,162,2024-12-31,4.55,3.5169094,379,372,394,379,1.3768625,2024-01-01,30.246941176470592,Bagjhopa,"{""geodesic"":false,""type"":""Point"",""coordinates"":[87.14498180750012,24.338460234528053]}"
2221_0,0.46,0.09796522,2.87,0.52,74.09,0.118692756,118.47,20.34,267,0.2790768,0.56,11.54,0.1290942,13.87,0.2836884,0.20067102,0.36848772551349784,0.76,-0.0,219,236,"5/19/24, 12:00 AM",DUMKA,170,2024-12-31,5.73,3.58974,379,375,402,390,0.92740995,2024-01-01,30.226555555555553,Bagjhopa,"{""geodesic"":false,""type"":""Point"",""coordinates"":[87.1147984139537,24.362445252614044]}"
2222_0,0.39,0.07725985,2.35,0.49,45.62,0.12456377,101.26,7.4,248,0.27121738,0.62,13.08,0.13402246,18.48,0.28479856,0.2036587,0.2752246440586731,0.56,270.0,219,236,"5/19/24, 12:00 AM",DUMKA,169,2024-12-31,4.9,3.58974,379,375,402,390,1.0180465,2024-01-01,30.226555555555553,Bagjhopa,"{""geodesic"":false,""type"":""Point"",""coordinates"":[87.11452891936845,24.362445252614044]}"
2223_0,0.47,0.08773551,5.23,0.31,42.22,0.111273915,113.29,31.4,265,0.27699202,0.63,6.34,0.11867971,12.49,0.28062102,0.19420145,-1.2053306503592989,0.46,65.51188,219,236,"5/19/24, 12:00 AM",DUMKA,167,2024-12-31,4.95,3.58974,379,375,402,390,4.4661107,2024-01-01,30.226555555555553,Bagjhopa,"{""geodesic"":false,""type"":""Point"",""coordinates"":[87.11506790853893,24.362714747199277]}"
2224_0,1.08,0.0877,3.85,0.42,43.42,0.10978732,76.34,22.32,243,0.23010422,0.59,4.36,0.118542954,9.34,0.22552817,0.17347747,-1.611038846275719,0.37,245.51468,233,249,"5/19/24, 12:00 AM",DUMKA,156,2024-12-31,5.39,3.6050391,348,343,419,408,2.2366922,2024-01-01,30.176228571428567,Tarajora,"{""geodesic"":false,""type"":""Point"",""coordinates"":[87.1816330710922,24.379153916898666]}"
2225_0,0.13,0.10691377,5.65,0.93,51.57,0.13096522,96.87,15.48,212,0.29395363,0.48,11.36,0.14091377,16.46,0.30871594,0.22472101,1.6470753471225665,0.46,132.3319,216,231,"5/19/24, 12:00 AM",DUMKA,171,2024-12-31,5.51,3.58974,390,381,394,388,1.3770111,2024-01-01,30.226555555555553,Tarajora,"{""geodesic"":false,""type"":""Point"",""coordinates"":[87.1126424572718,24.36325373636975]}"
2226_0,0.81,0.104322225,5.09,0.97,50.56,0.12641805,165.01,16.9674,368,0.29013473,0.79,17.23,0.13189861,15.49,0.2894986,0.20899028,-1.122561592052576,0.34,312.387,205,223,"7/23/24, 12:00 AM",DUMKA,136,2024-12-31,5.08,3.670288,392,384,403,393,1.3755598,2024-01-01,30.263828571428576,Goasol,"{""geodesic"":false,""type"":""Point"",""coordinates"":[87.13339354033496,24.11747467463465]}"
2227_0,0.56,0.098462686,3.1241,0.55,10.150000000000006,0.117738806,126.33,29.24,285,0.20463881,0.87,6.94,0.14948657,13.46,0.2898567,0.2537,-0.8210381457592124,2.78,90.0,195,212,"7/23/24, 12:00 AM",DUMKA,258,2024-12-31,5.47,3.6687794,435,422,370,366,1.0168358,2024-01-01,30.310666666666677,Karmatanr,"{""geodesic"":false,""type"":""Point"",""coordinates"":[86.97627819714246,24.21125879029673]}"
2228_0,0.42,0.098462686,2.87,0.72,74.09,0.117738806,145.34,20.3432436,275,0.20463881,0.65,11.54,0.14948657,8.46,0.2898567,0.2537,-0.8210381457592124,2.2,90.0,195,212,"7/23/24, 12:00 AM",DUMKA,258,2024-12-31,5.71,3.6687794,435,422,370,366,1.0168358,2024-01-01,30.310666666666677,Karmatanr,"{""geodesic"":false,""type"":""Point"",""coordinates"":[86.97627819714246,24.21125879029673]}"
2229_0,0.46,0.098462686,5.24,0.47,57.81999999999999,0.117738806,105.48,6.359999999999999,276,0.20463881,0.81,8.38,0.14948657,13.65,0.2898567,0.2537,-0.8210381457592124,2.14,90.0,195,212,"7/23/24, 12:00 AM",DUMKA,258,2024-12-31,5.14,3.6687794,435,422,370,366,1.0168358,2024-01-01,30.310666666666677,Karmatanr,"{""geodesic"":false,""type"":""Point"",""coordinates"":[86.97627819714246,24.21125879029673]}"
2230_0,0.65,0.098462686,4.53,0.39,10.150000000000006,0.117738806,115.31,21.38512,258,0.20463881,0.89,8.15,0.14948657,8.65,0.2898567,0.2537,-0.8210381457592124,3.14,90.0,195,212,"7/23/24, 12:00 AM",DUMKA,258,2024-12-31,5.64,3.6687794,435,422,370,366,1.0168358,2024-01-01,30.310666666666677,Karmatanr,"{""geodesic"":false,""type"":""Point"",""coordinates"":[86.97627819714246,24.21125879029673]}"
2231_0,0.72,0.11059851,5.71,0.93,60.540000000000006,0.13175672,153.2,9.85,276,0.26801494,0.48,8.38,0.1462612,11.57,0.27868506,0.21367164,-1.9196347358607748,1.69,270.0,195,212,"7/24/24, 12:00 AM",DUMKA,258,2024-12-31,5.51,3.6687794,435,422,370,366,3.0479295,2024-01-01,30.310666666666677,Khutojori,"{""geodesic"":false,""type"":""Point"",""coordinates"":[86.97627819714246,24.21045030654102]}"
2232_0,0.76,0.11059851,5.23,0.27,42.2218,0.13175672,113.29,31.4,265,0.26801494,0.56,6.34,0.1462612,8.89,0.27868506,0.21367164,-1.9196347358607748,2.17,270.0,195,212,"7/24/24, 12:00 AM",DUMKA,258,2024-12-31,5.63,3.6687794,435,422,370,366,3.0479295,2024-01-01,30.310666666666677,Khutojori,"{""geodesic"":false,""type"":""Point"",""coordinates"":[86.97627819714246,24.21045030654102]}"
2233_0,0.76,0.12076268,4.88,0.98,36.95012,0.1432597,114.51,14.5,371,0.29370746,0.68,10.32,0.17049253,18.67,0.34775224,0.25833434,-0.9154473676015227,0.39,245.48544,203,226,"7/24/24, 12:00 AM",DUMKA,248,2024-12-31,5.63,3.6687794,420,402,377,372,2.2341917,2024-01-01,30.280722222222224,Khutojori,"{""geodesic"":false,""type"":""Point"",""coordinates"":[86.98059011050624,24.207485866103426]}"
2234_0,0.56,0.10012686,5.34,0.87,35.379999999999995,0.1298015,140.56,20.3432354,280,0.2953209,0.89,8.58,0.15646866,15.47,0.3801209,0.2794403,-0.5100332617039243,2.78,114.51395,196,214,"7/24/24, 12:00 AM",DUMKA,250,2024-12-31,5.39,3.6687794,434,420,370,367,2.2342439,2024-01-01,30.310666666666677,Khutojori,"{""geodesic"":false,""type"":""Point"",""coordinates"":[86.97924263758006,24.210989295711492]}"
2235_0,0.57,0.11716567,5.89,0.45,38.26,0.13467164,101.26,13.2,354,0.23365523,0.61,12.39,0.15717015,13.65,0.30549702,0.26275223,-1.8275553846968022,2.34,180.0,195,212,"7/24/24, 12:00 AM",DUMKA,255,2024-12-31,5.819999999999999,3.6687794,435,422,370,366,2.7802885,2024-01-01,30.310666666666677,Khutojori,"{""geodesic"":false,""type"":""Point"",""coordinates"":[86.97735617548341,24.209372328200075]}"
2236_0,0.48,0.11716567,6.11,0.51,58.620000000000005,0.13467164,107.89,26.3,368,0.23365523,0.43,17.41,0.15717015,11.57,0.30549702,0.26275223,-1.8275553846968022,1.08,180.0,195,212,"7/24/24, 12:00 AM",DUMKA,255,2024-12-31,5.77,3.6687794,435,422,370,366,2.7802885,2024-01-01,30.310666666666677,Khutojori,"{""geodesic"":false,""type"":""Point"",""coordinates"":[86.97735617548341,24.209372328200075]}"
2237_0,0.62,0.06820149,4.01,0.72,29.67,0.09108508,150.06,32.8,388,0.21480298,0.55,16.68,0.118456714,8.67,0.26270297,0.21707313,-0.03577293047540189,0.49,180.0,203,224,"7/24/24, 12:00 AM",DUMKA,249,2024-12-31,5.52,3.6687794,408,392,389,384,0.92740995,2024-01-01,30.280722222222224,Khutojori,"{""geodesic"":false,""type"":""Point"",""coordinates"":[86.97681718631294,24.205868898592012]}"
2238_0,0.78,0.057454545,3.65,0.52,64.89,0.079713635,128.12,25.612,385,0.28714848,0.59,19.15,0.083968185,14.65,0.25401363,0.18466666,-1.6085361285137885,0.47,245.48477,215,236,"7/24/24, 12:00 AM",DUMKA,245,2024-12-31,5.83,3.6687794,398,383,387,382,4.4614973,2024-01-01,30.280722222222224,Khutojori,"{""geodesic"":false,""type"":""Point"",""coordinates"":[86.97681718631294,24.203712941910123]}"
2239_0,0.52,0.053950768,4.12,0.31,82.16,0.07585846,126.33,19.27158,389,0.23264769,0.52,14.510000000000002,0.086667694,15.49,0.23207693,0.1678123,-1.919504854849397,1.69,270.0,215,235,"7/24/24, 12:00 AM",DUMKA,245,2024-12-31,5.73,3.6687794,399,384,386,381,3.0477307,2024-01-01,30.280722222222224,Khutojori,"{""geodesic"":false,""type"":""Point"",""coordinates"":[86.97735617548341,24.20209597439871]}"
2240_0,0.58,0.053950768,2.68,0.61,38.620000000000005,0.07585846,100.11,9.26,361,0.23264769,0.61,18.51,0.086667694,8.46,0.23207693,0.1678123,-1.919504854849397,2.17,270.0,215,235,"7/24/24, 12:00 AM",DUMKA,245,2024-12-31,5.59,3.6687794,399,384,386,381,3.0477307,2024-01-01,30.280722222222224,Khutojori,"{""geodesic"":false,""type"":""Point"",""coordinates"":[86.97735617548341,24.20209597439871]}"
2241_0,0.65,0.055192307,4.02,0.69,26.53,0.08245846,98.63,21.38304,258,0.2695569,0.59,10.34,0.08989538,9.47,0.23277692,0.1573123,-1.919504854849397,1.79,270.0,217,237,"7/24/24, 12:00 AM",DUMKA,245,2024-12-31,4.68,3.6687794,404,389,379,374,3.0477307,2024-01-01,30.280722222222224,Khutojori,"{""geodesic"":false,""type"":""Point"",""coordinates"":[86.97708668089817,24.20209597439871]}"
2242_0,0.65,0.07407879,2.15,0.46,35.81,0.09252576,98.63,17.12,281,0.27535304,0.75,9.28,0.088807575,8.97,0.25559393,0.1707591,-1.5394377167408442,0.81,257.15503,201,224,"7/23/24, 12:00 AM",DUMKA,250,2024-12-31,5.46,3.6687794,413,396,386,380,4.1646376,2024-01-01,30.29461111111111,Khutojori,"{""geodesic"":false,""type"":""Point"",""coordinates"":[86.98193758343241,24.205599404006776]}"
2243_0,0.41,0.07407879,2.87,0.52,74.09,0.09252576,118.47,20.3432436,267,0.27535304,0.56,11.54,0.088807575,21.47,0.25559393,0.1707591,-1.5394377167408442,0.45,257.15503,201,224,"7/23/24, 12:00 AM",DUMKA,250,2024-12-31,5.73,3.6687794,413,396,386,380,4.1646376,2024-01-01,30.29461111111111,Khutojori,"{""geodesic"":false,""type"":""Point"",""coordinates"":[86.98193758343241,24.205599404006776]}"
2244_0,0.81,0.07407879,2.12,0.53,45.23,0.09252576,119.57,20.3432178,263,0.27535304,0.52,18.76,0.088807575,13.46,0.25559393,0.1707591,-1.5394377167408442,1.08,257.15503,201,224,"7/23/24, 12:00 AM",DUMKA,250,2024-12-31,5.63,3.6687794,413,396,386,380,4.1646376,2024-01-01,30.29461111111111,Khutojori,"{""geodesic"":false,""type"":""Point"",""coordinates"":[86.98193758343241,24.205599404006776]}"
2245_0,0.48,0.07407879,2.3488,0.49,45.620000000000005,0.09252576,101.26,7.24,248,0.27535304,0.62,13.079999999999998,0.088807575,11.57,0.25559393,0.1707591,-1.5394377167408442,0.56,257.15503,201,224,"7/23/24, 12:00 AM",DUMKA,250,2024-12-31,4.93,3.6687794,413,396,386,380,4.1646376,2024-01-01,30.29461111111111,Khutojori,"{""geodesic"":false,""type"":""Point"",""coordinates"":[86.98193758343241,24.205599404006776]}"
2246_0,0.81,0.06313485,5.89,0.87,38.26,0.08815606,101.26,13.2,354,0.28039697,0.61,12.39,0.08690455,15.49,0.25418788,0.16857879,2.0553387023552294,0.45,-0.0,201,224,"7/23/24, 12:00 AM",DUMKA,251,2024-12-31,5.51,3.6687794,413,396,386,380,0.0,2024-01-01,30.29461111111111,Khutojori,"{""geodesic"":false,""type"":""Point"",""coordinates"":[86.98220707801765,24.205599404006776]}"
2247_0,0.45,0.06313485,3.1241,0.63,10.150000000000006,0.08815606,129.12,29.24,278,0.28039697,0.67,6.94,0.08690455,15.45,0.25418788,0.16857879,2.0553387023552294,0.81,-0.0,201,224,"7/23/24, 12:00 AM",DUMKA,251,2024-12-31,4.949999999999999,3.6687794,413,396,386,380,0.0,2024-01-01,30.29461111111111,Khutojori,"{""geodesic"":false,""type"":""Point"",""coordinates"":[86.98220707801765,24.205599404006776]}"
2248_0,0.45,0.070128985,2.12,0.43,45.23,0.09253768,119.57,20.3432178,263,0.28343624,0.47,18.76,0.09560145,19.58,0.24474637,0.16580725,-2.8236171754414823,0.56,137.59367,222,239,"7/23/24, 12:00 AM",DUMKA,233,2024-12-31,5.69,3.5200946,417,407,362,355,7.4936647,2024-01-01,30.28605882352941,Kapsio,"{""geodesic"":false,""type"":""Point"",""coordinates"":[86.94852025486317,24.15897684076097]}"
2249_0,0.34,0.08716757,5.89,0.87,38.26,0.10350946,101.26,13.2,354,0.25798514,0.61,12.39,0.10762568,7.48,0.25965,0.18040541,-1.8907682155415602,0.45,339.91507,184,194,"7/18/24, 12:00 AM",DUMKA,161,2024-12-31,5.51,3.5459766,420,423,395,383,2.9600112,2024-01-01,30.222833333333337,Dhanbasa,"{""geodesic"":false,""type"":""Point"",""coordinates"":[87.35896050817738,24.270008609878143]}"
2250_0,0.58,0.09460959,2.45,0.92,38.34,0.118534245,115.31,22.32,376,0.30700547,0.57,15.079999999999998,0.12736027,12.49,0.31544247,0.22239041,-2.64059654643219,0.49,77.171394,237,243,"7/23/24, 12:00 AM",DUMKA,115,2024-12-31,5.47,3.5241098,411,417,352,341,12.337387,2024-01-01,30.305542857142864,Jhujko,"{""geodesic"":false,""type"":""Point"",""coordinates"":[87.53979137487065,24.37295554143824]}"
2251_0,0.81,0.08524658,2.45,0.42,38.34,0.10681096,115.31,22.32,376,0.28372192,0.56,15.079999999999998,0.11146165,15.45,0.27765343,0.19154246,-2.441635878444652,2.77,63.15867,237,243,"7/23/24, 12:00 AM",DUMKA,105,2024-12-31,5.04,3.5241098,411,417,352,341,10.162795,2024-01-01,30.305542857142864,Karmatanr,"{""geodesic"":false,""type"":""Point"",""coordinates"":[87.54006086945587,24.373225036023477]}"
2252_0,0.46,0.08868767,3.65,0.59,64.89,0.1103726,128.12,25.612,385,0.29511097,0.42,19.15,0.11306027,14.48,0.2967411,0.20315206,-2.4487739589079074,0.39,36.20026,237,243,"7/23/24, 12:00 AM",DUMKA,111,2024-12-31,5.33,3.5241098,411,417,352,341,10.234064,2024-01-01,30.305542857142864,Karmatanr,"{""geodesic"":false,""type"":""Point"",""coordinates"":[87.53979137487065,24.373225036023477]}"
2253_0,0.78,0.09380822,4.12,0.98,82.16,0.1114452,126.33,19.27158,389,0.24277261,0.85,14.510000000000002,0.11510548,14.65,0.24558356,0.16907534,-2.19479099882247,0.14,22.376602,237,243,"7/23/24, 12:00 AM",DUMKA,106,2024-12-31,5.02,3.5241098,411,417,352,341,7.972281,2024-01-01,30.305542857142864,Karmatanr,"{""geodesic"":false,""type"":""Point"",""coordinates"":[87.53979137487065,24.373494530608713]}"
2254_0,0.72,0.098462686,5.12,0.37,37.1693,0.117738806,165.01,18.94,218,0.20463881,0.37,28.26,0.14948657,18.48,0.2898567,0.2537,-0.8210381457592124,0.26,90.0,195,212,"7/15/24, 12:00 AM",DUMKA,258,2024-12-31,4.4,3.6687794,435,422,370,366,1.0168358,2024-01-01,30.310666666666677,Bara Dumria,"{""geodesic"":false,""type"":""Point"",""coordinates"":[86.97627819714246,24.21125879029673]}"
2255_0,0.49,0.098462686,4.02,0.53,47.55,0.117738806,100.11,17.25538,204,0.20463881,0.37,12.23,0.14948657,12.49,0.2898567,0.2537,-0.8210381457592124,0.81,90.0,195,212,"7/15/24, 12:00 AM",DUMKA,258,2024-12-31,4.52,3.6687794,435,422,370,366,1.0168358,2024-01-01,30.310666666666677,Bara Dumria,"{""geodesic"":false,""type"":""Point"",""coordinates"":[86.97627819714246,24.21125879029673]}"
2256_0,0.56,0.10747647,2.3488,0.49,45.620000000000005,0.12857647,101.26,7.24,248,0.26381764,0.62,13.079999999999998,0.15374412,18.48,0.30114853,0.24171911,-1.1236846645493077,0.39,227.63385,195,212,"7/15/24, 12:00 AM",DUMKA,258,2024-12-31,4.93,3.6687794,435,422,370,366,2.7506309,2024-01-01,30.310666666666677,Bara Dumria,"{""geodesic"":false,""type"":""Point"",""coordinates"":[86.97600870255722,24.210719801126256]}"
2257_0,0.85,0.10747647,5.78,0.46,59.83,0.12857647,100.11,11.26,262,0.26381764,0.39,6.31,0.15374412,21.47,0.30114853,0.24171911,-1.1236846645493077,0.13,227.63385,195,212,"7/15/24, 12:00 AM",DUMKA,258,2024-12-31,5.58,3.6687794,435,422,370,366,2.7506309,2024-01-01,30.310666666666677,Bara Dumria,"{""geodesic"":false,""type"":""Point"",""coordinates"":[86.97600870255722,24.210719801126256]}"
2258_0,0.78,0.10747647,5.65,0.93,51.56999999999999,0.12857647,96.87,15.48,212,0.26381764,0.48,11.36,0.15374412,18.48,0.30114853,0.24171911,-1.1236846645493077,0.49,227.63385,195,212,"7/15/24, 12:00 AM",DUMKA,258,2024-12-31,5.51,3.6687794,435,422,370,366,2.7506309,2024-01-01,30.310666666666677,Bara Dumria,"{""geodesic"":false,""type"":""Point"",""coordinates"":[86.97600870255722,24.210719801126256]}"
2259_0,0.65,0.10747647,5.12,0.48,64.26,0.12857647,119.57,19.08,258,0.26381764,0.57,9.39,0.15374412,16.67,0.30114853,0.24171911,-1.1236846645493077,1.08,227.63385,195,212,"7/18/24, 12:00 AM",DUMKA,258,2024-12-31,5.609999999999999,3.6687794,435,422,370,366,2.7506309,2024-01-01,30.310666666666677,Dhawadangal,"{""geodesic"":false,""type"":""Point"",""coordinates"":[86.97600870255722,24.210719801126256]}"
2260_0,0.65,0.10747647,2.45,0.78,38.34,0.12857647,115.31,22.32,376,0.26381764,0.83,15.079999999999998,0.15374412,8.89,0.30114853,0.24171911,-1.1236846645493077,1.69,227.63385,195,212,"7/18/24, 12:00 AM",DUMKA,258,2024-12-31,5.83,3.6687794,435,422,370,366,2.7506309,2024-01-01,30.310666666666677,Dhawadangal,"{""geodesic"":false,""type"":""Point"",""coordinates"":[86.97600870255722,24.210719801126256]}"
2261_0,0.65,0.10747647,5.09,0.44,50.56,0.12857647,165.01,16.9674,368,0.26381764,0.71,17.23,0.15374412,7.47,0.30114853,0.24171911,-1.1236846645493077,0.36,227.63385,195,212,"7/18/24, 12:00 AM",DUMKA,258,2024-12-31,5.83,3.6687794,435,422,370,366,2.7506309,2024-01-01,30.310666666666677,Dhawadangal,"{""geodesic"":false,""type"":""Point"",""coordinates"":[86.97600870255722,24.210719801126256]}"
2262_0,0.48,0.09168657,2.87,0.52,74.09,0.113043286,118.47,20.3432436,267,0.20962687,0.56,11.54,0.1228403,15.49,0.23788656,0.18482538,-2.0821963763954714,2.77,277.42337,195,212,"7/22/24, 12:00 AM",DUMKA,254,2024-12-31,5.73,3.6687794,435,422,370,366,7.1414905,2024-01-01,30.310666666666677,Dhawadangal,"{""geodesic"":false,""type"":""Point"",""coordinates"":[86.97546971338676,24.210180811955784]}"
2263_0,0.62,0.09168657,2.12,0.53,45.23,0.113043286,119.57,20.3432178,263,0.20962687,0.52,18.76,0.1228403,15.47,0.23788656,0.18482538,-2.0821963763954714,0.19,277.42337,195,212,"7/22/24, 12:00 AM",DUMKA,254,2024-12-31,5.63,3.6687794,435,422,370,366,7.1414905,2024-01-01,30.310666666666677,Dhawadangal,"{""geodesic"":false,""type"":""Point"",""coordinates"":[86.97546971338676,24.210180811955784]}"
2264_0,0.35,0.09168657,3.25,0.39,37.1634,0.113043286,113.29,14.2,245,0.20962687,0.53,11.28,0.1228403,8.89,0.23788656,0.18482538,-2.0821963763954714,2.42,277.42337,195,212,"7/22/24, 12:00 AM",DUMKA,254,2024-12-31,5.17,3.6687794,435,422,370,366,7.1414905,2024-01-01,30.310666666666677,Dhawadangal,"{""geodesic"":false,""type"":""Point"",""coordinates"":[86.97546971338676,24.210180811955784]}"
2265_0,0.52,0.09168657,2.3488,0.49,45.620000000000005,0.113043286,101.26,7.24,248,0.20962687,0.62,13.079999999999998,0.1228403,9.34,0.23788656,0.18482538,-2.0821963763954714,0.54,277.42337,195,212,"7/22/24, 12:00 AM",DUMKA,254,2024-12-31,4.93,3.6687794,435,422,370,366,7.1414905,2024-01-01,30.310666666666677,Dhawadangal,"{""geodesic"":false,""type"":""Point"",""coordinates"":[86.97546971338676,24.210180811955784]}"
2266_0,0.41,0.08483731,5.71,0.27,60.540000000000006,0.1088403,153.2,9.85,276,0.25433433,0.56,8.38,0.10807463,12.49,0.25043285,0.1798806,-0.8373849908277088,0.26,259.66238,202,224,"7/22/24, 12:00 AM",DUMKA,250,2024-12-31,5.63,3.6687794,420,403,378,372,5.1546164,2024-01-01,30.310666666666677,Dhawadangal,"{""geodesic"":false,""type"":""Point"",""coordinates"":[86.97520021880152,24.210180811955784]}"
2267_0,0.48,0.08483731,4.12,0.98,82.16,0.1088403,126.33,19.27158,389,0.25433433,0.85,14.510000000000002,0.10807463,12.49,0.25043285,0.1798806,-0.8373849908277088,0.78,259.66238,202,224,"7/22/24, 12:00 AM",DUMKA,250,2024-12-31,5.02,3.6687794,420,403,378,372,5.1546164,2024-01-01,30.310666666666677,Dhawadangal,"{""geodesic"":false,""type"":""Point"",""coordinates"":[86.97520021880152,24.210180811955784]}"
2268_0,0.35,0.08483731,4.01,0.69,29.67,0.1088403,150.06,32.8,388,0.25433433,0.52,16.68,0.10807463,9.34,0.25043285,0.1798806,-0.8373849908277088,0.34,259.66238,202,224,"7/22/24, 12:00 AM",DUMKA,250,2024-12-31,5.06,3.6687794,420,403,378,372,5.1546164,2024-01-01,30.310666666666677,Dhawadangal,"{""geodesic"":false,""type"":""Point"",""coordinates"":[86.97520021880152,24.210180811955784]}"
2269_0,0.65,0.095386565,2.45,0.63,38.34,0.12300597,115.31,22.32,376,0.3062582,0.48,15.079999999999998,0.13240895,7.47,0.32521045,0.2289194,-2.076887604192598,2.78,121.30151,201,223,"7/22/24, 12:00 AM",DUMKA,248,2024-12-31,5.71,3.6687794,414,398,386,380,3.5658092,2024-01-01,30.280722222222224,Dhawadangal,"{""geodesic"":false,""type"":""Point"",""coordinates"":[86.97897314299482,24.20721637151819]}"
2270_0,0.46,0.10555373,4.88,0.56,36.95012,0.1267612,114.51,14.5,371,0.31015223,0.37,10.32,0.1288388,8.97,0.3108821,0.21468358,2.3263121795375135,2.2,227.63304,203,226,"7/22/24, 12:00 AM",DUMKA,246,2024-12-31,5.79,3.6687794,420,402,377,372,2.7505884,2024-01-01,30.280722222222224,Dhawadangal,"{""geodesic"":false,""type"":""Point"",""coordinates"":[86.98005112133576,24.20721637151819]}"
2271_0,0.52,0.0826209,5.09,0.56,50.56,0.11124776,165.01,16.9674,279,0.28087312,0.52,17.23,0.123986565,7.47,0.30512837,0.2174,3.1530003281252,0.47,312.36722,203,225,"7/22/24, 12:00 AM",DUMKA,245,2024-12-31,5.39,3.6687794,413,396,385,379,1.3760805,2024-01-01,30.280722222222224,Dhawadangal,"{""geodesic"":false,""type"":""Point"",""coordinates"":[86.980320615921,24.206138393177245]}"
2272_0,0.58,0.1073403,5.89,0.87,38.26,0.13180597,101.26,13.2,354,0.2864955,0.61,12.39,0.1625373,7.47,0.33839852,0.24619702,-0.43049717290295036,0.78,227.63304,203,226,"7/22/24, 12:00 AM",DUMKA,247,2024-12-31,5.51,3.6687794,420,402,377,372,1.3760871,2024-01-01,30.280722222222224,Dhawadangal,"{""geodesic"":false,""type"":""Point"",""coordinates"":[86.98059011050624,24.20721637151819]}"
2273_0,1.23,0.1073403,4.88,0.63,36.95012,0.13180597,114.51,14.5,371,0.2864955,0.55,10.32,0.1625373,8.46,0.33839852,0.24619702,-0.43049717290295036,0.46,227.63304,203,226,"7/22/24, 12:00 AM",DUMKA,247,2024-12-31,5.75,3.6687794,420,402,377,372,1.3760871,2024-01-01,30.280722222222224,Dhawadangal,"{""geodesic"":false,""type"":""Point"",""coordinates"":[86.98059011050624,24.20721637151819]}"
2274_0,0.58,0.09878657,3.25,0.39,37.1634,0.12177164,113.29,14.2,245,0.288003,0.53,11.28,0.14942388,15.49,0.344897,0.24795075,-0.4304876712620057,2.42,227.63298,203,225,"7/22/24, 12:00 AM",DUMKA,247,2024-12-31,5.17,3.6687794,413,396,385,379,1.3760854,2024-01-01,30.280722222222224,Dhawadangal,"{""geodesic"":false,""type"":""Point"",""coordinates"":[86.98059011050624,24.206946876932953]}"
2275_0,0.81,0.1073403,5.78,0.46,59.83,0.13180597,100.11,11.26,262,0.2864955,0.39,6.31,0.1625373,8.89,0.33839852,0.24619702,-0.43049717290295036,2.11,227.63304,203,226,"7/22/24, 12:00 AM",DUMKA,247,2024-12-31,5.58,3.6687794,420,402,377,372,1.3760871,2024-01-01,30.280722222222224,Dhawadangal,"{""geodesic"":false,""type"":""Point"",""coordinates"":[86.98059011050624,24.20721637151819]}"
2276_0,1.23,0.10747647,4.02,0.69,26.53,0.12857647,98.63,21.38304,258,0.26381764,0.59,10.34,0.15374412,13.87,0.30114853,0.24171911,-1.1236846645493077,3.14,227.63385,195,212,"7/22/24, 12:00 AM",DUMKA,258,2024-12-31,4.68,3.6687794,435,422,370,366,2.7506309,2024-01-01,30.310666666666677,Dhawadangal,"{""geodesic"":false,""type"":""Point"",""coordinates"":[86.97600870255722,24.210719801126256]}"
2277_0,0.65,0.07174478,5.89,0.87,38.26,0.09552538,101.26,13.2,354,0.23294328,0.61,12.39,0.1078612,9.47,0.24536417,0.18330747,-1.8902999750588543,0.45,159.92293,193,208,"7/16/24, 12:00 AM",DUMKA,262,2024-12-31,5.51,3.6687794,437,424,370,369,2.959863,2024-01-01,30.310666666666677,Dhawadangal,"{""geodesic"":false,""type"":""Point"",""coordinates"":[86.98059011050624,24.215840198245736]}"
2278_0,0.75,0.08483731,4.12,0.98,82.16,0.1088403,126.33,19.27158,389,0.25433433,0.85,14.510000000000002,0.10807463,7.47,0.25043285,0.1798806,-0.8373849908277088,0.78,259.66238,202,224,"7/16/24, 12:00 AM",DUMKA,250,2024-12-31,5.02,3.6687794,420,403,378,372,5.1546164,2024-01-01,30.310666666666677,Dhawadangal,"{""geodesic"":false,""type"":""Point"",""coordinates"":[86.97520021880152,24.210180811955784]}"
2279_0,0.46,0.07174478,3.65,0.59,64.89,0.09552538,128.12,25.612,385,0.23294328,0.42,19.15,0.1078612,15.49,0.24536417,0.18330747,-1.8902999750588543,0.36,159.92293,193,208,"7/16/24, 12:00 AM",DUMKA,262,2024-12-31,5.33,3.6687794,437,424,370,369,2.959863,2024-01-01,30.310666666666677,Dhawadangal,"{""geodesic"":false,""type"":""Point"",""coordinates"":[86.98059011050624,24.215840198245736]}"
2280_0,0.82,0.07511515,2.45,0.63,38.34,0.10462121,115.31,22.32,376,0.30784696,0.48,15.079999999999998,0.12148788,9.47,0.33083335,0.22949395,-0.7289173681585238,2.78,-0.0,201,224,"7/16/24, 12:00 AM",DUMKA,250,2024-12-31,5.71,3.6687794,413,396,386,380,0.92740995,2024-01-01,30.29461111111111,Dhawadangal,"{""geodesic"":false,""type"":""Point"",""coordinates"":[86.98247657260289,24.205599404006776]}"
2281_0,0.35,0.10747647,6.59,0.37,47.85,0.12857647,128.12,15.66,274,0.26381764,0.68,10.59,0.15374412,15.67,0.30114853,0.24171911,-1.1236846645493077,0.26,227.63385,195,212,"7/16/24, 12:00 AM",DUMKA,258,2024-12-31,5.46,3.6687794,435,422,370,366,2.7506309,2024-01-01,30.310666666666677,Dhawadangal,"{""geodesic"":false,""type"":""Point"",""coordinates"":[86.97600870255722,24.210719801126256]}"
2282_0,0.17,0.06298358,5.65,0.62,76,0.08001642,135,8.09,213,0.22982387,0.43,16.3,0.08785224,15,0.23560448,0.1808403,-0.8253165231935641,1.91,270.0,219,232,"3/19/24, 12:00 AM",DUMKA,212,2024-12-31,5.45,3.6432247,380,376,401,392,1.019033,2024-01-01,30.25205714285714,Amrapahari,"{""geodesic"":false,""type"":""Point"",""coordinates"":[87.29104787269794,24.484795794311122]}"
2283_0,0.45,0.109670274,5.89,0.87,38.26,0.113524325,101.26,13.2,354,0.22307703,0.61,12.39,0.10843378,15.49,0.22122163,0.16943648,-1.1242611828925306,0.81,227.64468,189,205,"7/19/24, 12:00 AM",DUMKA,174,2024-12-31,5.51,3.5459766,414,412,397,384,1.3763936,2024-01-01,30.205542857142856,Saharghati,"{""geodesic"":false,""type"":""Point"",""coordinates"":[87.35653505691026,24.25922882646871]}"
2284_0,0.36,0.077829055,5.71,0.27,60.54,0.108195946,153.2,9.85,276,0.273175,0.56,8.38,0.11688649,14.65,0.2630662,0.19191013,3.7729914844610852,0.36,159.87134,242,254,"5/29/24, 12:00 AM",DUMKA,195,2024-12-31,5.63,3.184141,373,366,385,380,2.960837,2024-01-01,30.290222222222226,Kordiha,"{""geodesic"":false,""type"":""Point"",""coordinates"":[87.02559570624062,24.568339115734236]}"
2285_0,0.42,0.053561863,5.23,0.31,103.18,0.07173051,113.29,31.4,265,0.23290677,0.63,6.34,0.06597712,13.87,0.20210339,0.1300678,4.225723615599451,0.19,47.678707,222,240,"6/10/24, 12:00 AM",DUMKA,231,2024-12-31,4.95,3.4005349,393,379,385,382,2.7529912,2024-01-01,30.234400000000004,Barmasa,"{""geodesic"":false,""type"":""Point"",""coordinates"":[86.96927133792633,24.41014579420079]}"
2286_0,0.42,0.08689394,1.26,0.46,30.1,0.109039396,175.616,30.25,294.17,0.2709197,0.42,17.42,0.111881815,13.05,0.2957803,0.21641667,-2.2116631956350075,1.65,90.0,225,246,"5/7/24, 12:00 AM",DUMKA,176,2024-12-31,4.92,3.5832176,365,357,410,396,4.069811,2024-01-01,30.27000000000001,Susania,"{""geodesic"":false,""type"":""Point"",""coordinates"":[87.12881213238596,24.488029729333952]}"
2287_0,0.42,0.06808209,2.05,0.42,30.6,0.09417015,213.696,24.15,288.51,0.26189703,0.42,15.42,0.10938358,14.22,0.28531194,0.20878656,-2.2494273290706848,0.74,151.21214,218,234,"5/10/24, 12:00 AM",DUMKA,200,2024-12-31,5.24,3.6524582,365,362,417,405,4.2254663,2024-01-01,30.21356756756757,Taljharni,"{""geodesic"":false,""type"":""Point"",""coordinates"":[87.2967072589879,24.50123496401051]}"
2288_0,0.42,0.078092426,0.89,0.48,32.5,0.09942121,220.08,32.65,185.44,0.21301211,0.45,10.56,0.12599848,15.42,0.28033635,0.2354303,-1.6126557875249308,0.86,65.534004,226,243,"5/8/24, 12:00 AM",DUMKA,206,2024-12-31,5.35,3.6432247,372,368,402,390,2.2383482,2024-01-01,30.278399999999998,Kandhara,"{""geodesic"":false,""type"":""Point"",""coordinates"":[87.29697675357313,24.49207214811249]}"
2289_0,0.35,0.098462686,3.8501,0.89,43.42,0.117738806,96.81,22.32,381,0.20463881,0.47,14.6,0.14948657,7.97,0.2898567,0.2537,-0.8210381457592124,2.22,90.0,195,212,"7/23/24, 12:00 AM",DUMKA,258,2024-12-31,5.739999999999999,3.6687794,435,422,370,366,1.0168358,2024-01-01,30.310666666666677,Karmatanr,"{""geodesic"":false,""type"":""Point"",""coordinates"":[86.97627819714246,24.21125879029673]}"
2290_0,0.54,0.075354055,3.48,0.48,93.26,0.10205946,99.68,8.05,225,0.2298027,0.57,8.26,0.120164864,14.65,0.28590542,0.20901081,-1.9688192788247307,0.62,106.86824,245,255,"5/22/24, 12:00 AM",DUMKA,225,2024-12-31,5.61,3.4973216,386,383,369,362,3.193042,2024-01-01,30.252742857142852,Dondiya,"{""geodesic"":false,""type"":""Point"",""coordinates"":[86.95417964115312,24.542467635551596]}"
2291_0,0.51,0.08296216,2.3,0.98,49.35,0.10386757,76.33,1.01,163,0.20239459,0.86,15.91,0.11601081,14,0.23023243,0.18258108,-0.7315369605483989,0.64,-0.0,236,248,"4/24/24, 12:00 AM",DUMKA,236,2024-12-31,5.3,3.330229,395,387,369,366,0.92740995,2024-01-01,30.252742857142852,Phitkariya,"{""geodesic"":false,""type"":""Point"",""coordinates"":[86.94986772778935,24.54219814096636]}"
2292_0,0.34,0.073674284,2.87,0.87,74.09,0.09207143,118.47,20.34,267,0.23681715,0.89,11.54,0.101534285,14.48,0.28981143,0.23925143,-1.611662379187354,0.45,245.5221,221,234,"5/28/24, 12:00 AM",DUMKA,264,2024-12-31,5.39,3.3341472,416,405,363,361,2.2373273,2024-01-01,30.249085714285716,Bamankheta,"{""geodesic"":false,""type"":""Point"",""coordinates"":[86.91968433424293,24.42254254512164]}"
2293_0,0.57,0.09149143,3.48,0.48,93.26,0.11734286,99.68,8.05,225,0.27502573,0.57,8.26,0.13305715,15.47,0.29644856,0.22132857,-1.555724920219755,0.54,208.77672,211,227,"5/20/24, 12:00 AM",DUMKA,255,2024-12-31,5.61,3.3341472,419,407,370,365,2.1153836,2024-01-01,30.236514285714286,Bhalua,"{""geodesic"":false,""type"":""Point"",""coordinates"":[86.9307336122376,24.443024133599565]}"
2294_0,0.35,0.07676715,3.45,0.46,34.11,0.10097,128.12,18.36,269.45,0.2697614,0.98,13.36,0.11775286,15.49,0.31734428,0.22511142,-0.8701487449656392,2.78,253.1312,219,237,"5/18/24, 12:00 AM",DUMKA,188,2024-12-31,4.88,3.4890735,387,373,394,389,3.1929388,2024-01-01,30.29634285714286,Majhdiha,"{""geodesic"":false,""type"":""Point"",""coordinates"":[87.11614588687988,24.53815572218782]}"
2295_0,0.23,0.08315786,4.88,0.56,36.95,0.11030357,114.51,14.5,371,0.26760715,0.37,10.32,0.11602357,13.46,0.27683356,0.19313,1.5119478042585994,0.46,216.20175,232,248,"5/19/24, 12:00 AM",DUMKA,154,2024-12-31,5.79,3.6050391,351,347,417,405,3.4440148,2024-01-01,30.183257142857137,Dhawdih,"{""geodesic"":false,""type"":""Point"",""coordinates"":[87.18513650070025,24.38023189523961]}"
2296_0,0.56,0.070671126,6.47,0.42,18.31,0.0855162,165.01,17.25,235,0.24266902,0.59,9.31,0.07021972,8.97,0.18477324,0.11331338,-1.1357098024628407,0.42,180.0,231,247,"5/19/24, 12:00 AM",DUMKA,158,2024-12-31,5.39,3.6050391,345,341,424,411,2.7802885,2024-01-01,30.183257142857137,Jamogori,"{""geodesic"":false,""type"":""Point"",""coordinates"":[87.1832500386036,24.377267454802016]}"
2297_0,0.62,0.116297185,2.29,0.72,25.64,0.1342169,101.22,22.32,232,0.20206197,0.63,8.72,0.14727043,21.47,0.23329858,0.19986902,-1.6123912689361493,0.19,245.53076,231,248,"5/15/24, 12:00 AM",DUMKA,163,2024-12-31,4.95,3.5832176,371,369,397,383,2.2380702,2024-01-01,30.263470588235304,Majhdiha,"{""geodesic"":false,""type"":""Point"",""coordinates"":[87.13150707823831,24.472938032560744]}"
2298_0,0.19,0.097020864,5.12,0.25,64.26,0.12933813,119.57,19.08,258,0.2918144,0.72,9.39,0.14706546,16.67,0.3179813,0.23874821,-0.30423148883164863,0.78,331.1977,248,261,"5/29/24, 12:00 AM",DUMKA,206,2024-12-31,5.34,3.184141,392,384,360,354,4.22605,2024-01-01,30.275085714285705,Saraiya,"{""geodesic"":false,""type"":""Point"",""coordinates"":[87.01616339575737,24.57615445870608]}"
2299_0,0.47,0.075354055,3.65,0.53,46.55,0.10205946,96.87,21.01,238,0.2298027,0.39,26.01,0.120164864,7.47,0.28590542,0.20901081,-1.9688192788247307,0.43,106.86824,245,255,"5/22/24, 12:00 AM",DUMKA,225,2024-12-31,4.68,3.4973216,386,383,369,362,3.193042,2024-01-01,30.252742857142852,Dondiya,"{""geodesic"":false,""type"":""Point"",""coordinates"":[86.95417964115312,24.542467635551596]}"
2300_0,0.56,0.075354055,4.07,0.23,61.33,0.10205946,76.12,20.66,230,0.2298027,0.26,16.15,0.120164864,18.67,0.28590542,0.20901081,-1.9688192788247307,0.81,106.86824,245,255,"5/22/24, 12:00 AM",DUMKA,225,2024-12-31,5.72,3.4973216,386,383,369,362,3.193042,2024-01-01,30.252742857142852,Dondiya,"{""geodesic"":false,""type"":""Point"",""coordinates"":[86.95417964115312,24.542467635551596]}"
2301_0,0.78,0.075354055,6.03,0.43,29.67,0.10205946,150.06,10.85,258,0.2298027,0.48,8.15,0.120164864,8.97,0.28590542,0.20901081,-1.9688192788247307,0.53,106.86824,245,255,"5/22/24, 12:00 AM",DUMKA,225,2024-12-31,5.08,3.4973216,386,383,369,362,3.193042,2024-01-01,30.252742857142852,Dondiya,"{""geodesic"":false,""type"":""Point"",""coordinates"":[86.95417964115312,24.542467635551596]}"
2302_0,1.18,0.075354055,2.56,0.55,35.33,0.10205946,129.12,7.42,246,0.2298027,0.48,9.62,0.120164864,8.89,0.28590542,0.20901081,-1.9688192788247307,0.57,106.86824,245,255,"5/22/24, 12:00 AM",DUMKA,225,2024-12-31,5.69,3.4973216,386,383,369,362,3.193042,2024-01-01,30.252742857142852,Dondiya,"{""geodesic"":false,""type"":""Point"",""coordinates"":[86.95417964115312,24.542467635551596]}"
2303_0,0.14,0.096605554,3.39,0.46,9.88,0.13935833,139.14,16.96,239,0.31160834,0.98,9.94,0.17676389,15.49,0.37885833,0.2951,-0.826401716165416,0.39,90.0,230,244,"5/29/24, 12:00 AM",DUMKA,229,2024-12-31,4.88,3.2510781,390,384,380,372,1.0195895,2024-01-01,30.25885714285715,Purana Dholgaria,"{""geodesic"":false,""type"":""Point"",""coordinates"":[86.94313036315846,24.55324741896103]}"
2304_0,0.26,0.07270278,5.35,0.58,35.38,0.10313056,140.56,20.45,280,0.25385833,0.73,7.58,0.12067778,7.47,0.28122222,0.20947222,-1.9250140186587672,0.53,90.0,230,244,"5/29/24, 12:00 AM",DUMKA,231,2024-12-31,5.48,3.2510781,390,384,380,372,3.0561898,2024-01-01,30.25885714285715,Baija,"{""geodesic"":false,""type"":""Point"",""coordinates"":[86.94447783608463,24.55324741896103]}"
2305_0,0.45,0.07270278,2.87,0.52,74.09,0.10313056,118.47,20.34,267,0.25385833,0.56,11.54,0.12067778,21.47,0.28122222,0.20947222,-1.9250140186587672,0.41,90.0,230,244,"5/29/24, 12:00 AM",DUMKA,231,2024-12-31,5.73,3.2510781,390,384,380,372,3.0561898,2024-01-01,30.25885714285715,Baija,"{""geodesic"":false,""type"":""Point"",""coordinates"":[86.94447783608463,24.55324741896103]}"
2306_0,0.56,0.06959444,2.35,0.49,45.62,0.09837222,101.26,7.24,248,0.23835833,0.52,13.08,0.12807222,11.57,0.2912222,0.21377222,-2.4523979984639035,0.48,259.69122,234,251,"5/29/24, 12:00 AM",DUMKA,211,2024-12-31,4.93,3.3526697,395,384,371,365,5.1688166,2024-01-01,30.24216666666667,Baija,"{""geodesic"":false,""type"":""Point"",""coordinates"":[86.95956953285784,24.57130355617183]}"
2307_0,0.27,0.078458786,4.3,0.66,57.19,0.107605405,125.53,12.36,164,0.27352297,0.62,18.03,0.11629459,10,0.27411622,0.2006446,4.241479250819527,2.49,-0.0,242,254,"4/21/24, 12:00 AM",DUMKA,194,2024-12-31,5.01,3.184141,373,366,385,380,1.8543341,2024-01-01,30.290222222222226,Baija,"{""geodesic"":false,""type"":""Point"",""coordinates"":[87.0261346954111,24.568339115734236]}"
2308_0,1.35,0.06118108,3.12,0.63,10.15,0.08812973,129.12,29.24,378,0.24451081,0.67,6.94,0.09585405,13.46,0.26112163,0.18533513,2.5265350728734144,0.48,-0.0,238,252,"5/29/24, 12:00 AM",DUMKA,224,2024-12-31,4.95,3.330229,380,377,382,371,1.8543341,2024-01-01,30.26165714285714,Barhait,"{""geodesic"":false,""type"":""Point"",""coordinates"":[86.94690328735176,24.545701570574426]}"
2309_0,0.49,0.06118108,2.15,0.59,35.81,0.08812973,98.63,17.12,281,0.24451081,0.71,9.28,0.09585405,15.49,0.26112163,0.18533513,2.5265350728734144,0.45,-0.0,238,252,"5/29/24, 12:00 AM",DUMKA,224,2024-12-31,5.58,3.330229,380,377,382,371,1.8543341,2024-01-01,30.26165714285714,Barhait,"{""geodesic"":false,""type"":""Point"",""coordinates"":[86.94690328735176,24.545701570574426]}"
2310_0,0.56,0.06118108,6.08,0.06,26.65,0.08812973,114.51,11.26,300,0.24451081,0.25,11.19,0.09585405,14.48,0.26112163,0.18533513,2.5265350728734144,0.58,-0.0,238,252,"5/29/24, 12:00 AM",DUMKA,224,2024-12-31,5.44,3.330229,380,377,382,371,1.8543341,2024-01-01,30.26165714285714,Barhait,"{""geodesic"":false,""type"":""Point"",""coordinates"":[86.94690328735176,24.545701570574426]}"
2311_0,0.78,0.06118108,5.39,0.53,65.3,0.08812973,128.12,6.35,237,0.24451081,0.37,9.28,0.09585405,12.49,0.26112163,0.18533513,2.5265350728734144,0.46,-0.0,238,252,"5/29/24, 12:00 AM",DUMKA,224,2024-12-31,4.52,3.330229,380,377,382,371,1.8543341,2024-01-01,30.26165714285714,Barhait,"{""geodesic"":false,""type"":""Point"",""coordinates"":[86.94690328735176,24.545701570574426]}"
2312_0,0.34,0.06118108,2.45,0.22,26.59,0.08812973,100.11,17.26,247,0.24451081,0.35,9,0.09585405,8.97,0.26112163,0.18533513,2.5265350728734144,0.85,-0.0,238,252,"5/29/24, 12:00 AM",DUMKA,224,2024-12-31,4.55,3.330229,380,377,382,371,1.8543341,2024-01-01,30.26165714285714,Barhait,"{""geodesic"":false,""type"":""Point"",""coordinates"":[86.94690328735176,24.545701570574426]}"
2313_0,0.39,0.06723333,5.34,0.42,35.38,0.09511389,140.56,20.34,280,0.25650278,0.85,8.58,0.10281666,14.48,0.247425,0.17492223,0.8088019042279817,0.81,-0.0,232,247,"5/29/24, 12:00 AM",DUMKA,224,2024-12-31,4.87,3.2510781,386,379,382,374,2.7802885,2024-01-01,30.249371428571436,Barhait,"{""geodesic"":false,""type"":""Point"",""coordinates"":[86.94852025486317,24.555942364813387]}"
2314_0,1.32,0.080518246,1.07,0.87,32.5,0.110289186,214.5,24.5,154.5,0.2788196,0.84,21.4,0.118369594,12.6,0.27171013,0.19334324,2.8883684648242105,2.62,132.28552,249,260,"6/2/24, 12:00 AM",DUMKA,193,2024-12-31,5.32,3.184141,379,372,373,368,2.7548778,2024-01-01,30.290222222222226,Chilra,"{""geodesic"":false,""type"":""Point"",""coordinates"":[87.02478722248492,24.568069621149]}"
2315_0,0.54,0.080518246,4.3,0.27,76.25,0.110289186,28.34,0.71,188,0.2788196,0.61,19.37,0.118369594,14,0.27171013,0.19334324,2.8883684648242105,1.3,132.28552,249,260,"4/24/24, 12:00 AM",DUMKA,193,2024-12-31,5.11,3.184141,379,372,373,368,2.7548778,2024-01-01,30.290222222222226,Chilra,"{""geodesic"":false,""type"":""Point"",""coordinates"":[87.02478722248492,24.568069621149]}"
2316_0,0.48,0.080518246,4.3,0.51,62.16,0.110289186,51.26,1.89,176,0.2788196,0.46,18.37,0.118369594,10,0.27171013,0.19334324,2.8883684648242105,1.46,132.28552,249,260,"4/24/24, 12:00 AM",DUMKA,193,2024-12-31,5.91,3.184141,379,372,373,368,2.7548778,2024-01-01,30.290222222222226,Chilra,"{""geodesic"":false,""type"":""Point"",""coordinates"":[87.02478722248492,24.568069621149]}"
2317_0,0.38,0.08016554,3.1,0.44,41.9,0.109237835,80.15,0.81,191,0.2728804,0.62,17.29,0.1174777,14,0.26346418,0.18833108,2.482902168023561,1.14,132.28546,249,260,"4/23/24, 12:00 AM",DUMKA,195,2024-12-31,5.96,3.184141,379,372,373,368,4.12835,2024-01-01,30.290222222222226,Chilra,"{""geodesic"":false,""type"":""Point"",""coordinates"":[87.02478722248492,24.568339115734236]}"
2318_0,0.49,0.08877027,3.65,0.53,46.55,0.10993243,96.87,21.01,238,0.27636486,0.39,26.01,0.120924324,9.47,0.2962027,0.21268378,-2.045206845803713,0.75,143.76094,249,262,"5/28/24, 12:00 AM",DUMKA,226,2024-12-31,4.68,3.3526697,381,373,370,365,3.4456532,2024-01-01,30.27841176470588,Hararwa,"{""geodesic"":false,""type"":""Point"",""coordinates"":[86.98139859426195,24.552169440620087]}"
2319_0,0.47,0.08877027,3.85,0.41,43.42,0.10993243,76.34,22.32,243,0.27636486,0.63,4.36,0.120924324,18.67,0.2962027,0.21268378,-2.045206845803713,0.34,143.76094,249,262,"5/28/24, 12:00 AM",DUMKA,226,2024-12-31,5.13,3.3526697,381,373,370,365,3.4456532,2024-01-01,30.27841176470588,Hararwa,"{""geodesic"":false,""type"":""Point"",""coordinates"":[86.98139859426195,24.552169440620087]}"
2320_0,0.56,0.08462808,3.1,0.61,81.34,0.10627534,75.12,1.17,139,0.2198137,0.75,18.79,0.118073285,10,0.23194246,0.17712535,-0.826845518826055,3.16,270.0,228,242,"4/22/24, 12:00 AM",DUMKA,211,2024-12-31,5.31,3.184141,389,381,383,377,1.01982,2024-01-01,30.293777777777784,Hararwa,"{""geodesic"":false,""type"":""Point"",""coordinates"":[87.02263126580303,24.581544350410795]}"
2321_0,0.34,0.082973756,1.2,0.52,64.23,0.11487589,64.51,9.23,176,0.28743193,0.4,14.03,0.12416525,9,0.27201205,0.1993078,-2.3648456076667026,3.12,192.40308,247,262,"4/21/24, 12:00 AM",DUMKA,205,2024-12-31,6.15,3.184141,384,376,369,362,4.73745,2024-01-01,30.283111111111104,Hararwa,"{""geodesic"":false,""type"":""Point"",""coordinates"":[87.01858884702449,24.574806985779897]}"
2322_0,0.27,0.082973756,2.5,0.29,46.57,0.11487589,26.34,6.31,162,0.28743193,0.71,17.26,0.12416525,9,0.27201205,0.1993078,-2.3648456076667026,2.75,192.40308,247,262,"4/21/24, 12:00 AM",DUMKA,205,2024-12-31,6.7,3.184141,384,376,369,362,4.73745,2024-01-01,30.283111111111104,Hararwa,"{""geodesic"":false,""type"":""Point"",""coordinates"":[87.01858884702449,24.574806985779897]}"
2323_0,0.34,0.082973756,6.47,0.32,18.31,0.11487589,149.36,17.25,216,0.28743193,0.51,23.01,0.12416525,14.48,0.27201205,0.1993078,-2.3648456076667026,0.48,192.40308,247,262,"5/28/24, 12:00 AM",DUMKA,205,2024-12-31,4.72,3.184141,384,376,369,362,4.73745,2024-01-01,30.283111111111104,Hararwa,"{""geodesic"":false,""type"":""Point"",""coordinates"":[87.01858884702449,24.574806985779897]}"
2324_0,0.39,0.06118108,5.34,0.49,35.38,0.08812973,165.01,20.34,267,0.24451081,0.35,8.58,0.09585405,13.65,0.26112163,0.18533513,2.5265350728734144,0.52,-0.0,238,252,"5/29/24, 12:00 AM",DUMKA,224,2024-12-31,6.11,3.330229,380,377,382,371,1.8543341,2024-01-01,30.26165714285714,Dumarthar,"{""geodesic"":false,""type"":""Point"",""coordinates"":[86.94690328735176,24.545701570574426]}"
2325_0,0.48,0.08697432,0.4,0.98,61.26,0.11535676,95.34,14.23,254,0.26967636,0.96,19.65,0.12232365,14,0.27376553,0.20282905,-2.0817952964160447,2.59,301.22867,242,254,"4/25/24, 12:00 AM",DUMKA,195,2024-12-31,5.49,3.184141,373,366,385,380,3.5732653,2024-01-01,30.290222222222226,Kordaha,"{""geodesic"":false,""type"":""Point"",""coordinates"":[87.02586520082586,24.56941709407518]}"
2326_0,0.19,0.072625004,4.88,0.63,36.95,0.101394445,114.51,14.5,371,0.264475,0.55,10.32,0.11190556,7.48,0.285475,0.20965834,-1.4611865055882296,0.35,195.36848,231,245,"5/29/24, 12:00 AM",DUMKA,225,2024-12-31,5.75,3.2510781,390,383,379,372,3.8417792,2024-01-01,30.249371428571436,Dighi,"{""geodesic"":false,""type"":""Point"",""coordinates"":[86.94582530901081,24.553516913546265]}"
2327_0,0.81,0.06118108,6.19,0.25,31.41,0.08812973,96.87,10.98,246,0.24451081,0.41,4.36,0.09585405,16.46,0.26112163,0.18533513,2.5265350728734144,0.43,-0.0,238,252,"5/29/24, 12:00 AM",DUMKA,224,2024-12-31,5.9,3.330229,380,377,382,371,1.8543341,2024-01-01,30.26165714285714,Mathakesho,"{""geodesic"":false,""type"":""Point"",""coordinates"":[86.94690328735176,24.545701570574426]}"
2328_0,0.19,0.067125715,3.85,0.42,43.42,0.09439143,76.34,22.32,243,0.2640543,0.59,4.36,0.10864,7.47,0.29862285,0.21050857,-1.6137138214557876,0.82,114.45348,232,248,"5/29/24, 12:00 AM",DUMKA,212,2024-12-31,5.39,3.3526697,395,387,373,365,2.2394223,2024-01-01,30.22874285714286,Mathakesho,"{""geodesic"":false,""type"":""Point"",""coordinates"":[86.98678848596666,24.56483568612617]}"
2329_0,0.54,0.07003889,4.03,0.43,90.91,0.09444167,140.56,22.66,243,0.24661389,0.38,8.32,0.10785556,13.46,0.29196945,0.20894444,-1.8303264931094474,0.52,180.0,242,262,"5/29/24, 12:00 AM",DUMKA,214,2024-12-31,5.73,3.3526697,388,378,370,360,2.7802885,2024-01-01,30.22874285714286,Mathakesho,"{""geodesic"":false,""type"":""Point"",""coordinates"":[86.98651899138143,24.56483568612617]}"
2330_0,0.81,0.06139722,2.29,0.61,25.64,0.08964722,150.06,22.32,208,0.24296944,0.61,14.6,0.10555278,13.87,0.27491668,0.19579166,-1.1280404757762497,1.23,227.71506,234,251,"5/29/24, 12:00 AM",DUMKA,211,2024-12-31,5.59,3.3526697,395,384,371,365,1.3782505,2024-01-01,30.24216666666667,Cheharbhenk,"{""geodesic"":false,""type"":""Point"",""coordinates"":[86.95983902744308,24.570495072416126]}"
2331_0,0.49,0.07275833,3.12,0.52,74.98,0.101275,126.33,21.36,206,0.27446112,0.56,13.52,0.11115833,7.48,0.2655389,0.19591667,1.424633532696635,0.658,90.0,239,258,"5/29/24, 12:00 AM",DUMKA,208,2024-12-31,5.73,3.3526697,397,386,363,356,2.0388,2024-01-01,30.24216666666667,Cheharbhenk,"{""geodesic"":false,""type"":""Point"",""coordinates"":[86.95983902744308,24.569686588660417]}"
2338_0,0.39,0.077829055,4.58,0.88,67.45,0.108195946,128.12,20.24,348,0.273175,0.59,11.38,0.11688649,18.65,0.2630662,0.19191013,3.7729914844610852,0.81,159.87134,242,254,"5/29/24, 12:00 AM",DUMKA,195,2024-12-31,5.62,3.184141,373,366,385,380,2.960837,2024-01-01,30.290222222222226,Kordiha,"{""geodesic"":false,""type"":""Point"",""coordinates"":[87.02559570624062,24.568339115734236]}"
2339_0,0.39,0.08016554,2.1,0.64,64.59,0.109237835,125.53,0.61,240,0.2728804,0.49,18.96,0.1174777,12,0.26346418,0.18833108,2.482902168023561,0.87,132.28546,249,260,"4/23/24, 12:00 AM",DUMKA,195,2024-12-31,5.22,3.184141,379,372,373,368,4.12835,2024-01-01,30.290222222222226,Pindra,"{""geodesic"":false,""type"":""Point"",""coordinates"":[87.02478722248492,24.568339115734236]}"
2340_0,0.52,0.08016554,1.9,0.71,41.2,0.109237835,90.56,5.36,235,0.2728804,0.39,14.87,0.1174777,13,0.26346418,0.18833108,2.482902168023561,2.61,132.28546,249,260,"4/22/24, 12:00 AM",DUMKA,195,2024-12-31,5.38,3.184141,379,372,373,368,4.12835,2024-01-01,30.290222222222226,Pindra,"{""geodesic"":false,""type"":""Point"",""coordinates"":[87.02478722248492,24.568339115734236]}"
2341_0,0.189,0.082973756,2.56,0.55,35.33,0.11487589,129.12,7.42,246,0.28743193,0.48,9.62,0.12416525,18.65,0.27201205,0.1993078,-2.3648456076667026,0.85,192.40308,247,262,"5/22/24, 12:00 AM",DUMKA,205,2024-12-31,5.69,3.184141,384,376,369,362,4.73745,2024-01-01,30.283111111111104,Pindra,"{""geodesic"":false,""type"":""Point"",""coordinates"":[87.01858884702449,24.574806985779897]}"
2342_0,0.69,0.086542,1.64,0.58,26.1,0.11154867,145.34,12.6,232,0.292436,0.26,8.72,0.11441933,14.48,0.29347134,0.20031467,-2.724683286913013,0.72,342.55997,246,258,"5/29/24, 12:00 AM",DUMKA,194,2024-12-31,4.88,3.184141,382,376,372,366,6.7735333,2024-01-01,30.30483333333333,Bhaturia,"{""geodesic"":false,""type"":""Point"",""coordinates"":[87.02370924414397,24.565374675296642]}"
2343_0,0.14,0.047937836,2.12,0.89,45.23,0.06948919,129.12,20.34,272,0.2227919,0.98,18.76,0.07409459,19.58,0.24021351,0.16108648,-3.2147251979906057,0.56,213.40846,241,258,"5/22/24, 12:00 AM",DUMKA,224,2024-12-31,5.14,3.4973216,388,380,371,362,10.974569,2024-01-01,30.255485714285715,Jiyajor,"{""geodesic"":false,""type"":""Point"",""coordinates"":[86.95768307076119,24.54219814096636]}"
2344_0,0.13,0.075354055,2.68,0.96,38.62,0.10205946,100.11,9.26,361,0.2298027,0.67,18.51,0.120164864,18.65,0.28590542,0.20901081,-1.9688192788247307,0.57,106.86824,245,255,"5/22/24, 12:00 AM",DUMKA,225,2024-12-31,5.13,3.4973216,386,383,369,362,3.193042,2024-01-01,30.252742857142852,Jamunia,"{""geodesic"":false,""type"":""Point"",""coordinates"":[86.95417964115312,24.542467635551596]}"
2345_0,1.35,0.075354055,2.12,0.43,45.23,0.10205946,119.57,20.34,263,0.2298027,0.47,18.76,0.120164864,14.48,0.28590542,0.20901081,-1.9688192788247307,0.46,106.86824,245,255,"5/22/24, 12:00 AM",DUMKA,225,2024-12-31,5.69,3.4973216,386,383,369,362,3.193042,2024-01-01,30.252742857142852,Jamunia,"{""geodesic"":false,""type"":""Point"",""coordinates"":[86.95417964115312,24.542467635551596]}"
2346_0,0.49,0.075354055,3.65,0.53,46.55,0.10205946,96.87,21.01,238,0.2298027,0.39,26.01,0.120164864,12.49,0.28590542,0.20901081,-1.9688192788247307,0.52,106.86824,245,255,"5/22/24, 12:00 AM",DUMKA,225,2024-12-31,4.68,3.4973216,386,383,369,362,3.193042,2024-01-01,30.252742857142852,Jamunia,"{""geodesic"":false,""type"":""Point"",""coordinates"":[86.95417964115312,24.542467635551596]}"
2347_0,0.14,0.07434167,5.78,0.59,59.83,0.10676111,100.1,11.26,262,0.301925,0.47,6.31,0.12568611,14.48,0.34631944,0.24673055,-2.2379137137775427,0.43,77.189224,230,244,"5/29/24, 12:00 AM",DUMKA,232,2024-12-31,4.95,3.2510781,390,384,380,372,4.175531,2024-01-01,30.25885714285715,Dhawatanr,"{""geodesic"":false,""type"":""Point"",""coordinates"":[86.94286086857322,24.554055902716737]}"
2348_0,1.39,0.07407465,3.39,0.63,9.88,0.08922606,139.4,16.96,239,0.19344155,0.67,9.94,0.08718592,8.97,0.18647183,0.12603028,-0.17481516917051315,0.45,286.8871,242,261,"5/29/24, 12:00 AM",DUMKA,165,2024-12-31,4.95,3.6050391,338,331,420,408,3.189587,2024-01-01,30.198457142857148,Kurumtanr,"{""geodesic"":false,""type"":""Point"",""coordinates"":[87.16734985807469,24.393437129916165]}"
2349_0,1.08,0.07407465,6.03,0.43,29.67,0.08922606,150.06,10.85,288,0.19344155,0.47,8.15,0.08718592,16.67,0.18647183,0.12603028,-0.17481516917051315,0.75,286.8871,242,261,"5/29/24, 12:00 AM",DUMKA,165,2024-12-31,5.69,3.6050391,338,331,420,408,3.189587,2024-01-01,30.198457142857148,Kurumtanr,"{""geodesic"":false,""type"":""Point"",""coordinates"":[87.16734985807469,24.393437129916165]}"
2350_0,0.48,0.08296216,1.9,0.98,60.08,0.10386757,78.12,10.23,142,0.20239459,0.17,15.3,0.11601081,10,0.23023243,0.18258108,-0.7315369605483989,0.85,-0.0,236,248,"4/21/24, 12:00 AM",DUMKA,236,2024-12-31,5.68,3.330229,395,387,369,366,0.92740995,2024-01-01,30.252742857142852,Parasdah,"{""geodesic"":false,""type"":""Point"",""coordinates"":[86.94986772778935,24.54219814096636]}"
2351_0,0.36,0.06809722,3.39,0.43,9.88,0.09556667,139.14,16.96,239,0.27213332,0.61,9.94,0.10746111,8.46,0.31961668,0.222575,-1.8211068363060567,0.45,312.28647,242,262,"5/29/24, 12:00 AM",DUMKA,215,2024-12-31,5.46,3.3526697,388,378,370,360,2.7548277,2024-01-01,30.22874285714286,Parasdah,"{""geodesic"":false,""type"":""Point"",""coordinates"":[86.98598000221095,24.564027202370465]}"
2352_0,0.35,0.08462808,1.7,0.11,57.15,0.10627534,76.33,3.11,134,0.2198137,0.33,14.99,0.118073285,10,0.23194246,0.17712535,-0.826845518826055,2.27,270.0,228,242,"4/21/24, 12:00 AM",DUMKA,211,2024-12-31,5.59,3.184141,389,381,383,377,1.01982,2024-01-01,30.293777777777784,Mardaura,"{""geodesic"":false,""type"":""Point"",""coordinates"":[87.02263126580303,24.581544350410795]}"
2353_0,0.28,0.08016554,2.1,0.92,48.1,0.109237835,95.34,2.85,151,0.2728804,0.92,17.65,0.1174777,10,0.26346418,0.18833108,2.482902168023561,0.71,132.28546,249,260,"4/21/24, 12:00 AM",DUMKA,195,2024-12-31,6.86,3.184141,379,372,373,368,4.12835,2024-01-01,30.290222222222226,Mardaura,"{""geodesic"":false,""type"":""Point"",""coordinates"":[87.02478722248492,24.568339115734236]}"
2354_0,0.54,0.08016554,2.1,0.43,57.29,0.109237835,69.57,0.43,168,0.2728804,0.71,18.69,0.1174777,15,0.26346418,0.18833108,2.482902168023561,1.74,132.28546,249,260,"4/21/24, 12:00 AM",DUMKA,195,2024-12-31,6.21,3.184141,379,372,373,368,4.12835,2024-01-01,30.290222222222226,Mardaura,"{""geodesic"":false,""type"":""Point"",""coordinates"":[87.02478722248492,24.568339115734236]}"
2355_0,0.48,0.07275833,2.1,0.16,47.12,0.101275,26.34,0.71,178,0.27446112,0.82,13.2,0.11115833,13,0.2655389,0.19591667,1.424633532696635,2.51,90.0,239,258,"4/21/24, 12:00 AM",DUMKA,208,2024-12-31,5.3,3.3526697,397,386,363,356,2.0388,2024-01-01,30.24216666666667,Dhanwe,"{""geodesic"":false,""type"":""Point"",""coordinates"":[86.95983902744308,24.569686588660417]}"
2356_0,1.14,0.09926944,4.36,0.72,60.34,0.13945556,118.47,9.67,248,0.28600833,0.47,6.39,0.18016945,6.7,0.3477,0.28302777,-0.4346919395695119,0.57,312.28867,230,244,"5/29/24, 12:00 AM",DUMKA,227,2024-12-31,5.72,3.2510781,390,384,380,372,4.1280956,2024-01-01,30.25885714285715,Pathara,"{""geodesic"":false,""type"":""Point"",""coordinates"":[86.94447783608463,24.554055902716737]}"
2357_0,0.34,0.09926944,5.65,0.93,51.57,0.13945556,96.87,15.48,212,0.28600833,0.48,11.36,0.18016945,21.47,0.3477,0.28302777,-0.4346919395695119,0.62,312.28867,230,244,"5/29/24, 12:00 AM",DUMKA,227,2024-12-31,5.51,3.2510781,390,384,380,372,4.1280956,2024-01-01,30.25885714285715,Pathara,"{""geodesic"":false,""type"":""Point"",""coordinates"":[86.94447783608463,24.554055902716737]}"
2358_0,0.81,0.09926944,5.71,0.27,60.54,0.13945556,153.2,5.85,276,0.28600833,0.56,8.38,0.18016945,16.7,0.3477,0.28302777,-0.4346919395695119,0.82,312.28867,230,244,"5/29/24, 12:00 AM",DUMKA,227,2024-12-31,5.63,3.2510781,390,384,380,372,4.1280956,2024-01-01,30.25885714285715,Pathara,"{""geodesic"":false,""type"":""Point"",""coordinates"":[86.94447783608463,24.554055902716737]}"
2359_0,0.45,0.09926944,5.23,0.31,42.22,0.13945556,113.29,31.4,265,0.28600833,0.63,6.34,0.18016945,13.46,0.3477,0.28302777,-0.4346919395695119,0.78,312.28867,230,244,"5/29/24, 12:00 AM",DUMKA,227,2024-12-31,4.95,3.2510781,390,384,380,372,4.1280956,2024-01-01,30.25885714285715,Pathara,"{""geodesic"":false,""type"":""Point"",""coordinates"":[86.94447783608463,24.554055902716737]}"
2360_0,1.35,0.06723333,6.11,0.78,58.62,0.09511389,107.89,26.3,368,0.25650278,0.83,17.41,0.10281666,15.47,0.247425,0.17492223,0.8088019042279817,0.52,-0.0,232,247,"5/29/24, 12:00 AM",DUMKA,224,2024-12-31,5.83,3.2510781,386,379,382,374,2.7802885,2024-01-01,30.249371428571436,Pathara,"{""geodesic"":false,""type"":""Point"",""coordinates"":[86.94852025486317,24.555942364813387]}"
2363_0,0.81,0.07099189,2.6,0.63,38.45,0.10461081,122.34,13.36,254,0.27507296,0.69,8.21,0.118413515,7.47,0.27815947,0.2013,-1.5195466417221375,0.35,270.0,230,244,"5/29/24, 12:00 AM",DUMKA,232,2024-12-31,4.87,3.2510781,390,384,380,372,2.0385292,2024-01-01,30.25885714285715,Matihara,"{""geodesic"":false,""type"":""Point"",""coordinates"":[86.94205238481752,24.552977924375792]}"
2364_0,0.45,0.094935134,5.78,0.59,59.83,0.15441081,100.11,11.26,262,0.29192162,0.47,6.31,0.17985676,18.67,0.27036488,0.20046757,-0.7316237708007921,0.46,180.0,230,244,"5/29/24, 12:00 AM",DUMKA,232,2024-12-31,4.95,3.2510781,390,384,380,372,0.92740995,2024-01-01,30.25885714285715,Matihara,"{""geodesic"":false,""type"":""Point"",""coordinates"":[86.94232187940274,24.552977924375792]}"
2365_0,0.49,0.094935134,4.02,0.55,26.53,0.15441081,98.63,21.38,258,0.29192162,0.48,10.34,0.17985676,13.46,0.27036488,0.20046757,-0.7316237708007921,0.45,180.0,230,244,"5/29/24, 12:00 AM",DUMKA,232,2024-12-31,5.69,3.2510781,390,384,380,372,0.92740995,2024-01-01,30.25885714285715,Matihara,"{""geodesic"":false,""type"":""Point"",""coordinates"":[86.94232187940274,24.552977924375792]}"
2366_0,0.47,0.07136757,3.48,0.72,93.26,0.1000054,99.68,8.05,225,0.2602027,0.47,8.26,0.11366757,8.46,0.28225136,0.20225406,-1.055641285302568,0.46,15.367452,225,234,"5/29/24, 12:00 AM",DUMKA,235,2024-12-31,5.72,3.330229,381,377,394,388,3.8417602,2024-01-01,30.251199999999997,Matihara,"{""geodesic"":false,""type"":""Point"",""coordinates"":[86.93666249311279,24.54462359223348]}"
2367_0,0.81,0.05873243,4.02,0.55,26.5,0.08763784,98.63,22.38,258,0.28906217,0.48,10.34,0.09132432,18.67,0.25914323,0.17166486,-1.1278299515413845,0.81,47.711197,232,246,"5/29/24, 12:00 AM",DUMKA,236,2024-12-31,5.69,3.2510781,390,382,378,372,1.3781487,2024-01-01,30.25885714285715,Matihara,"{""geodesic"":false,""type"":""Point"",""coordinates"":[86.94016592272087,24.553516913546265]}"
2368_0,1.08,0.05873243,5.12,0.48,64.26,0.08763784,119.57,19.08,258,0.28906217,0.57,9.39,0.09132432,16.67,0.25914323,0.17166486,-1.1278299515413845,0.65,47.711197,232,246,"5/29/24, 12:00 AM",DUMKA,236,2024-12-31,5.61,3.2510781,390,382,378,372,1.3781487,2024-01-01,30.25885714285715,Matihara,"{""geodesic"":false,""type"":""Point"",""coordinates"":[86.94016592272087,24.553516913546265]}"
2369_0,1.13,0.073674284,5.09,0.98,50.56,0.09207143,165.01,16.97,368,0.23681715,0.68,17.23,0.101534285,14.365,0.28981143,0.23925143,-1.611662379187354,0.46,245.5221,221,234,"5/28/24, 12:00 AM",DUMKA,264,2024-12-31,5.63,3.3341472,416,405,363,361,2.2373273,2024-01-01,30.249085714285716,Amgachhi,"{""geodesic"":false,""type"":""Point"",""coordinates"":[86.91968433424293,24.42254254512164]}"
2370_0,0.23,0.07136757,4.58,0.31,67.45,0.1000054,128.12,20.34,348,0.2602027,0.63,11.38,0.11366757,8.67,0.28225136,0.20225406,-1.055641285302568,0.32,15.367452,225,234,"5/29/24, 12:00 AM",DUMKA,235,2024-12-31,4.95,3.330229,381,377,394,388,3.8417602,2024-01-01,30.251199999999997,Ghaghari,"{""geodesic"":false,""type"":""Point"",""coordinates"":[86.93666249311279,24.54462359223348]}"
2371_0,0.35,0.08296216,1.4,0.26,84.11,0.10386757,46.87,1.13,167,0.20239459,0.35,15.43,0.11601081,14,0.23023243,0.18258108,-0.7315369605483989,2.69,-0.0,236,248,"4/22/24, 12:00 AM",DUMKA,236,2024-12-31,5.12,3.330229,395,387,369,366,0.92740995,2024-01-01,30.252742857142852,Belodih,"{""geodesic"":false,""type"":""Point"",""coordinates"":[86.94986772778935,24.54219814096636]}"
2372_0,0.23,0.06723333,2.68,0.96,38.62,0.09511389,100.11,9.2,361,0.25650278,0.67,18.51,0.10281666,18.65,0.247425,0.17492223,0.8088019042279817,0.35,-0.0,232,247,"5/28/24, 12:00 AM",DUMKA,224,2024-12-31,5.13,3.2510781,386,379,382,374,2.7802885,2024-01-01,30.249371428571436,Mohila,"{""geodesic"":false,""type"":""Point"",""coordinates"":[86.94852025486317,24.555942364813387]}"
2373_0,0.36,0.062033333,4.01,0.69,29.67,0.0899,150.06,32.01,388,0.258775,0.52,16.68,0.108783334,16.46,0.29302222,0.21175556,-1.3521072515119767,0.75,143.76004,231,245,"5/28/24, 12:00 AM",DUMKA,223,2024-12-31,5.06,3.2510781,387,380,382,374,3.4456933,2024-01-01,30.249371428571436,Kakania,"{""geodesic"":false,""type"":""Point"",""coordinates"":[86.9479812656927,24.55648135398386]}"
2374_0,0.39,0.059602704,5.47,0.48,47.12,0.081745945,98.63,19.28,243,0.24215946,0.39,4.36,0.085375674,16.67,0.24325135,0.16397297,-0.2836958892250152,0.46,339.87543,239,252,"5/29/24, 12:00 AM",DUMKA,228,2024-12-31,4.69,3.4973216,399,389,362,358,2.9607594,2024-01-01,30.251371428571428,Matihani,"{""geodesic"":false,""type"":""Point"",""coordinates"":[86.95121520071552,24.540581173454942]}"
2375_0,0.81,0.08349257,5.71,0.27,60.54,0.112196624,153.2,9.85,276,0.2695493,0.56,8.38,0.119416215,16.67,0.27704662,0.20102027,-1.4248927101556312,0.82,180.0,242,254,"5/29/24, 12:00 AM",DUMKA,196,2024-12-31,5.63,3.184141,373,366,385,380,1.8543341,2024-01-01,30.290222222222226,Matihani,"{""geodesic"":false,""type"":""Point"",""coordinates"":[87.0261346954111,24.569147599489945]}"
2376_0,1.35,0.08349257,6.11,0.78,58.62,0.112196624,107.89,26.3,368,0.2695493,0.83,17.41,0.119416215,15.47,0.27704662,0.20102027,-1.4248927101556312,0.52,180.0,242,254,"5/29/24, 12:00 AM",DUMKA,196,2024-12-31,5.83,3.184141,373,366,385,380,1.8543341,2024-01-01,30.290222222222226,Matihani,"{""geodesic"":false,""type"":""Point"",""coordinates"":[87.0261346954111,24.569147599489945]}"
2377_0,0.46,0.07276379,5.09,0.97,50.56,0.09800862,165.01,2.74,368,0.2554293,0.79,17.23,0.13238794,15.49,0.3173586,0.24780689,-0.43331242683465343,2.91,47.685555,222,238,"6/24/24, 12:00 AM",DUMKA,244,2024-12-31,5.08,3.4005349,393,379,385,382,1.3774712,2024-01-01,30.23977142857143,Dumariya Hat,"{""geodesic"":false,""type"":""Point"",""coordinates"":[86.97546971338676,24.440598682332443]}"
2378_0,0.85,0.07808732,3.39,0.58,9.88,0.09997324,139.14,2.202,239,0.259169,0.69,9.94,0.11724648,16.67,0.31654084,0.23070705,-3.763357178316677,0.45,115.71925,217,230,"5/14/24, 12:00 AM",DUMKA,189,2024-12-31,5.73,3.4890735,401,394,383,376,18.557964,2024-01-01,30.228216216216207,Bandarjori,"{""geodesic"":false,""type"":""Point"",""coordinates"":[87.13608848618733,24.51632666078372]}"
2379_0,0.34,0.08689394,2.12,0.43,45.23,0.109039396,119.57,3.178,263,0.2709197,0.47,18.76,0.111881815,13.46,0.2957803,0.21641667,-2.2116631956350075,2.11,90.0,225,246,"5/14/24, 12:00 AM",DUMKA,176,2024-12-31,5.69,3.5832176,365,357,410,396,4.069811,2024-01-01,30.27000000000001,Bandarjori,"{""geodesic"":false,""type"":""Point"",""coordinates"":[87.12881213238596,24.488029729333952]}"
2380_0,0.37,0.07676715,4.58,0.41,38.65,0.10097,140.56,38.62,249,0.2697614,0.79,18.18,0.11775286,16.67,0.31734428,0.22511142,-0.8701487449656392,2.78,253.1312,219,237,"5/18/24, 12:00 AM",DUMKA,188,2024-12-31,5.77,3.4890735,387,373,394,389,3.1929388,2024-01-01,30.29634285714286,Majhdiha,"{""geodesic"":false,""type"":""Point"",""coordinates"":[87.11614588687988,24.53815572218782]}"
2381_0,0.56,0.07676715,3.23,0.59,26.32,0.10097,118.47,4.34,268,0.2697614,0.71,15.35,0.11775286,7.48,0.31734428,0.22511142,-0.8701487449656392,1.79,253.1312,219,237,"5/18/24, 12:00 AM",DUMKA,188,2024-12-31,5.58,3.4890735,387,373,394,389,3.1929388,2024-01-01,30.29634285714286,Majhdiha,"{""geodesic"":false,""type"":""Point"",""coordinates"":[87.11614588687988,24.53815572218782]}"
2382_0,0.48,0.07676715,3.64,0.41,64.06,0.10097,107.89,6.16,249,0.2697614,0.79,18.18,0.11775286,9.34,0.31734428,0.22511142,-0.8701487449656392,0.81,253.1312,219,237,"5/18/24, 12:00 AM",DUMKA,188,2024-12-31,5.77,3.4890735,387,373,394,389,3.1929388,2024-01-01,30.29634285714286,Majhdiha,"{""geodesic"":false,""type"":""Point"",""coordinates"":[87.11614588687988,24.53815572218782]}"
2383_0,0.52,0.07676715,6.91,0.42,87.89,0.10097,115.31,15.65,247,0.2697614,0.85,18.56,0.11775286,14.65,0.31734428,0.22511142,-0.8701487449656392,0.45,253.1312,219,237,"5/18/24, 12:00 AM",DUMKA,188,2024-12-31,4.87,3.4890735,387,373,394,389,3.1929388,2024-01-01,30.29634285714286,Majhdiha,"{""geodesic"":false,""type"":""Point"",""coordinates"":[87.11614588687988,24.53815572218782]}"
2384_0,0.36,0.116297185,2.1,0.43,57.41,0.1342169,26.34,8.64,195,0.20206197,0.31,14.56,0.14727043,12,0.23329858,0.19986902,-1.6123912689361493,0.34,245.53076,231,248,"4/30/24, 12:00 AM",DUMKA,163,2024-12-31,5.31,3.5832176,371,369,397,383,2.2380702,2024-01-01,30.263470588235304,Majhdiha,"{""geodesic"":false,""type"":""Point"",""coordinates"":[87.13150707823831,24.472938032560744]}"
2385_0,0.57,0.07438813,3.39,0.58,9.88,0.10647203,139.14,2.202,239,0.25776103,0.69,9.94,0.12069661,18.67,0.25984237,0.18938136,4.225723615599451,2.2,47.678707,226,243,"6/8/24, 12:00 AM",DUMKA,231,2024-12-31,5.73,3.4005349,395,381,379,376,2.7529912,2024-01-01,30.234400000000004,Beldih,"{""geodesic"":false,""type"":""Point"",""coordinates"":[86.96927133792633,24.410415288786027]}"
2386_0,0.78,0.07463261,2.45,0.69,38.34,0.10604638,115.31,37.6,376,0.2721616,0.69,15.08,0.119518116,8.89,0.28429565,0.20599276,3.1461535055267906,2.91,90.0,224,237,"5/27/24, 12:00 AM",DUMKA,229,2024-12-31,5.65,3.4005349,392,383,384,380,3.0526233,2024-01-01,30.26283333333334,Balathar,"{""geodesic"":false,""type"":""Point"",""coordinates"":[86.98139859426195,24.40610337542225]}"
2387_0,0.72,0.08094173,5.09,0.61,51,0.112460434,165.01,2.74,368,0.2788885,0.79,17.23,0.13511151,18.65,0.32988706,0.24993525,-1.6114220212170158,2.11,65.51929,224,237,"5/27/24, 12:00 AM",DUMKA,233,2024-12-31,5.44,3.4005349,392,383,384,380,2.237087,2024-01-01,30.266333333333325,Balathar,"{""geodesic"":false,""type"":""Point"",""coordinates"":[86.98085960509147,24.40610337542225]}"
2388_0,0.49,0.08094173,2.68,0.37,38.62,0.112460434,100.11,9.26,361,0.2788885,0.71,18.51,0.13511151,15.45,0.32988706,0.24993525,-1.6114220212170158,2.14,65.51929,224,237,"5/27/24, 12:00 AM",DUMKA,233,2024-12-31,5.07,3.4005349,392,383,384,380,2.237087,2024-01-01,30.266333333333325,Balathar,"{""geodesic"":false,""type"":""Point"",""coordinates"":[86.98085960509147,24.40610337542225]}"
2389_0,0.32,0.08094173,3.39,0.53,9.88,0.112460434,139.14,2.202,239,0.2788885,0.99,9.94,0.13511151,12.49,0.32988706,0.24993525,-1.6114220212170158,2.2,65.51929,224,237,"5/27/24, 12:00 AM",DUMKA,233,2024-12-31,5.44,3.4005349,392,383,384,380,2.237087,2024-01-01,30.266333333333325,Balathar,"{""geodesic"":false,""type"":""Point"",""coordinates"":[86.98085960509147,24.40610337542225]}"
2390_0,0.65,0.08193125,6.11,0.51,58.62,0.1047375,107.89,26.3,368,0.22244687,0.43,17.41,0.12344375,15.49,0.2580656,0.21099375,-1.1262851059810859,0.54,47.68241,226,240,"6/19/24, 12:00 AM",DUMKA,254,2024-12-31,5.77,3.3341472,404,392,370,368,1.3773884,2024-01-01,30.222057142857135,Tetaria,"{""geodesic"":false,""type"":""Point"",""coordinates"":[86.93504552560138,24.426584963900176]}"
2391_0,0.45,0.08193125,4.88,0.56,8.012,0.1047375,114.51,14.5,371,0.22244687,0.37,10.32,0.12344375,12.49,0.2580656,0.21099375,-1.1262851059810859,2.78,47.68241,226,240,"6/19/24, 12:00 AM",DUMKA,254,2024-12-31,5.79,3.3341472,404,392,370,368,1.3773884,2024-01-01,30.222057142857135,Tetaria,"{""geodesic"":false,""type"":""Point"",""coordinates"":[86.93504552560138,24.426584963900176]}"
2392_0,0.82,0.08193125,5.34,0.37,35.38,0.1047375,140.56,3.354,280,0.22244687,0.58,8.58,0.12344375,13.46,0.2580656,0.21099375,-1.1262851059810859,2.2,47.68241,226,240,"6/19/24, 12:00 AM",DUMKA,254,2024-12-31,5.53,3.3341472,404,392,370,368,1.3773884,2024-01-01,30.222057142857135,Tetaria,"{""geodesic"":false,""type"":""Point"",""coordinates"":[86.93504552560138,24.426584963900176]}"
2393_0,0.85,0.0514875,4.01,0.72,29.67,0.075315624,150.06,32.8,388,0.21555,0.55,16.68,0.0827125,19.58,0.23292187,0.16281563,-2.224887586373556,0.26,227.68228,226,240,"6/19/24, 12:00 AM",DUMKA,252,2024-12-31,5.52,3.3341472,404,392,370,368,4.1258054,2024-01-01,30.222057142857135,Tetaria,"{""geodesic"":false,""type"":""Point"",""coordinates"":[86.93477603101614,24.426045974729703]}"
2394_0,0.34,0.0514875,4.88,0.56,8.012,0.075315624,114.51,14.5,371,0.21555,0.37,10.32,0.0827125,17.48,0.23292187,0.16281563,-2.224887586373556,0.34,227.68228,226,240,"6/19/24, 12:00 AM",DUMKA,252,2024-12-31,5.79,3.3341472,404,392,370,368,4.1258054,2024-01-01,30.222057142857135,Tetaria,"{""geodesic"":false,""type"":""Point"",""coordinates"":[86.93477603101614,24.426045974729703]}"
2395_0,0.65,0.0514875,2.78,0.71,63.27,0.075315624,106.77,0.482,358,0.21555,0.53,13.37,0.0827125,13.65,0.23292187,0.16281563,-2.224887586373556,2.22,227.68228,226,240,"6/19/24, 12:00 AM",DUMKA,252,2024-12-31,5.63,3.3341472,404,392,370,368,4.1258054,2024-01-01,30.222057142857135,Tetaria,"{""geodesic"":false,""type"":""Point"",""coordinates"":[86.93477603101614,24.426045974729703]}"
2396_0,0.81,0.0514875,2.68,0.61,38.62,0.075315624,100.11,9.26,361,0.21555,0.61,18.51,0.0827125,8.67,0.23292187,0.16281563,-2.224887586373556,0.78,227.68228,226,240,"6/19/24, 12:00 AM",DUMKA,252,2024-12-31,5.59,3.3341472,404,392,370,368,4.1258054,2024-01-01,30.222057142857135,Tetaria,"{""geodesic"":false,""type"":""Point"",""coordinates"":[86.93477603101614,24.426045974729703]}"
2397_0,0.46,0.0514875,4.88,0.56,8.021,0.075315624,114.51,14.5,371,0.21555,0.37,10.32,0.0827125,8.97,0.23292187,0.16281563,-2.224887586373556,2.2,227.68228,226,240,"6/18/24, 12:00 AM",DUMKA,252,2024-12-31,5.79,3.3341472,404,392,370,368,4.1258054,2024-01-01,30.222057142857135,Tetaria,"{""geodesic"":false,""type"":""Point"",""coordinates"":[86.93477603101614,24.426045974729703]}"
2398_0,0.46,0.06275,5.35,0.58,93.26,0.09143611,140.56,10.15,280,0.23995556,0.73,8.58,0.09453055,8.89,0.22920278,0.15624444,1.4782076876184962,1.18,90.0,218,228,"6/15/24, 12:00 AM",DUMKA,250,2024-12-31,5.48,3.3341472,413,405,369,367,4.067799,2024-01-01,30.22308571428571,Raja Semaria,"{""geodesic"":false,""type"":""Point"",""coordinates"":[86.92076231258388,24.425506985559235]}"
2399_0,0.58,0.059041668,3.65,0.52,64.89,0.082380556,128.12,35.2,385,0.208075,0.59,19.15,0.08841389,12.49,0.2242,0.15207222,3.6001242291523363,0.49,180.0,218,228,"6/14/24, 12:00 AM",DUMKA,245,2024-12-31,5.83,3.3341472,413,405,369,367,0.92740995,2024-01-01,30.259999999999998,Raja Semaria,"{""geodesic"":false,""type"":""Point"",""coordinates"":[86.92130130175435,24.425506985559235]}"
2400_0,0.42,0.062425002,2.15,0.46,35.81,0.09023889,98.63,17.12,281,0.23769444,1,9.28,0.097025,15.49,0.23660833,0.16160834,1.2387528924752642,0.34,100.320465,218,228,"6/14/24, 12:00 AM",DUMKA,247,2024-12-31,5.46,3.3341472,413,405,369,367,5.1630483,2024-01-01,30.22308571428571,Raja Semaria,"{""geodesic"":false,""type"":""Point"",""coordinates"":[86.92103180716911,24.425506985559235]}"
2401_0,0.57,0.07026389,9.41,0.98,10.15,0.10253333,129.12,29.24,278,0.2904639,0.85,6.94,0.124075,16.46,0.33273888,0.23813055,-0.13126558694684873,0.13,90.0,210,226,"5/28/24, 12:00 AM",DUMKA,250,2024-12-31,5.02,3.3341472,412,401,377,373,3.053133,2024-01-01,30.22308571428571,Raja Semaria,"{""geodesic"":false,""type"":""Point"",""coordinates"":[86.92210978551006,24.427123953070648]}"
2402_0,0.75,0.066175,2.45,0.37,38.34,0.09527778,115.31,37.6,377,0.23970556,0.59,15.08,0.10006389,9.34,0.25833055,0.17796111,-1.1373098327578086,2.91,77.17652,218,228,"5/28/24, 12:00 AM",DUMKA,250,2024-12-31,5.63,3.3341472,413,405,369,367,4.171479,2024-01-01,30.22308571428571,Raja Semaria,"{""geodesic"":false,""type"":""Point"",""coordinates"":[86.92076231258388,24.425237490974]}"
2403_0,0.48,0.066175,4.12,0.59,82.16,0.09527778,126.33,4.158,389,0.23970556,0.71,14.51,0.10006389,16.46,0.25833055,0.17796111,-1.1373098327578086,0.39,77.17652,218,228,"5/27/24, 12:00 AM",DUMKA,250,2024-12-31,5.58,3.3341472,413,405,369,367,4.171479,2024-01-01,30.22308571428571,Raja Semaria,"{""geodesic"":false,""type"":""Point"",""coordinates"":[86.92076231258388,24.425237490974]}"
2404_0,0.81,0.07386,6.89,0.89,38.45,0.106994286,126.33,13.36,254,0.28140858,0.98,8.21,0.14546286,18.48,0.36310858,0.27848285,-1.5555004056130735,0.56,28.772345,217,234,"5/27/24, 12:00 AM",DUMKA,265,2024-12-31,5.14,3.3341472,422,410,361,356,2.1152952,2024-01-01,30.249085714285716,Raja Semaria,"{""geodesic"":false,""type"":""Point"",""coordinates"":[86.91833686131676,24.42038658843975]}"
2405_0,0.65,0.07386,4.03,0.31,90.91,0.106994286,140.56,22.66,243,0.28140858,0.47,8.32,0.14546286,9.47,0.36310858,0.27848285,-1.5555004056130735,2.17,28.772345,217,234,"6/26/24, 12:00 AM",DUMKA,265,2024-12-31,5.07,3.3341472,422,410,361,356,2.1152952,2024-01-01,30.249085714285716,Raja Semaria,"{""geodesic"":false,""type"":""Point"",""coordinates"":[86.91833686131676,24.42038658843975]}"
2406_0,0.85,0.08094173,3.48,0.81,93.26,0.112460434,99.68,8.05,225,0.2788885,0.55,8.26,0.13511151,21.47,0.32988706,0.24993525,-1.6114220212170158,1.36,65.51929,224,237,"5/27/24, 12:00 AM",DUMKA,233,2024-12-31,4.81,3.4005349,392,383,384,380,2.237087,2024-01-01,30.266333333333325,Bairbana,"{""geodesic"":false,""type"":""Point"",""coordinates"":[86.98085960509147,24.40610337542225]}"
2407_0,0.75,0.096319444,5.85,0.25,40.45,0.117477775,175.53,2.034,225,0.22374722,0.59,8.26,0.14491944,9.34,0.29648888,0.2544861,-2.8032862264350205,2.14,75.419945,210,227,"5/17/24, 12:00 AM",DUMKA,253,2024-12-31,5.79,3.3341472,410,397,380,376,7.32863,2024-01-01,30.228800000000007,Bhaluwa,"{""geodesic"":false,""type"":""Point"",""coordinates"":[86.93423704184568,24.44194615525862]}"
2408_0,0.8,0.096319444,5.66,0.69,45.62,0.117477775,101.22,23.82,258,0.22374722,0.69,9.39,0.14491944,12.49,0.29648888,0.2544861,-2.8032862264350205,1.13,75.419945,210,227,"5/17/24, 12:00 AM",DUMKA,253,2024-12-31,5.65,3.3341472,410,397,380,376,7.32863,2024-01-01,30.228800000000007,Bhaluwa,"{""geodesic"":false,""type"":""Point"",""coordinates"":[86.93423704184568,24.44194615525862]}"
2409_0,0.56,0.096319444,2.29,0.89,25.64,0.117477775,150.06,22.32,208,0.22374722,0.47,14.16,0.14491944,21.47,0.29648888,0.2544861,-2.8032862264350205,0.13,75.419945,210,227,"5/17/24, 12:00 AM",DUMKA,253,2024-12-31,5.46,3.3341472,410,397,380,376,7.32863,2024-01-01,30.228800000000007,Bhaluwa,"{""geodesic"":false,""type"":""Point"",""coordinates"":[86.93423704184568,24.44194615525862]}"
2410_0,0.37,0.096319444,4.91,0.98,60.37,0.117477775,114.51,8.87,239,0.22374722,0.47,18.21,0.14491944,16.67,0.29648888,0.2544861,-2.8032862264350205,0.26,75.419945,210,227,"5/17/24, 12:00 AM",DUMKA,253,2024-12-31,5.58,3.3341472,410,397,380,376,7.32863,2024-01-01,30.228800000000007,Bhaluwa,"{""geodesic"":false,""type"":""Point"",""coordinates"":[86.93423704184568,24.44194615525862]}"
2411_0,0.39,0.08818571,5.21,1.04,80.81,0.112085715,140.56,17.54,218,0.28909713,0.39,25.23,0.119791426,13.46,0.27855715,0.20665714,-2.2362081146094748,0.49,257.17828,211,227,"5/16/24, 12:00 AM",DUMKA,257,2024-12-31,5.04,3.3341472,419,407,370,365,4.1720366,2024-01-01,30.236514285714286,Bhaluwa,"{""geodesic"":false,""type"":""Point"",""coordinates"":[86.93100310682284,24.443024133599565]}"
2412_0,0.62,0.08818571,4.03,0.57,90.91,0.112085715,101.32,22.66,244,0.28909713,0.31,10.25,0.119791426,8.89,0.27855715,0.20665714,-2.2362081146094748,2.77,257.17828,211,227,"5/16/24, 12:00 AM",DUMKA,257,2024-12-31,5.67,3.3341472,419,407,370,365,4.1720366,2024-01-01,30.236514285714286,Bhaluwa,"{""geodesic"":false,""type"":""Point"",""coordinates"":[86.93100310682284,24.443024133599565]}"
2413_0,0.35,0.09284,4.01,0.56,29.67,0.12092,141.95,32.8,205,0.29007715,0.39,6.35,0.1387,9.34,0.3189257,0.24108571,-0.45711032844447147,1.79,208.77666,211,227,"5/16/24, 12:00 AM",DUMKA,254,2024-12-31,5.58,3.3341472,419,407,370,365,2.1153827,2024-01-01,30.236514285714286,Bhaluwa,"{""geodesic"":false,""type"":""Point"",""coordinates"":[86.9307336122376,24.44275463901433]}"
2414_0,0.75,0.09149143,2.78,1.14,63.27,0.11734286,116.87,0.482,240,0.27502573,0.42,20.5,0.13305715,18.65,0.29644856,0.22132857,-1.555724920219755,0.26,208.77672,211,227,"5/16/24, 12:00 AM",DUMKA,255,2024-12-31,5.17,3.3341472,419,407,370,365,2.1153836,2024-01-01,30.236514285714286,Bhaluwa,"{""geodesic"":false,""type"":""Point"",""coordinates"":[86.9307336122376,24.443024133599565]}"
2415_0,0.41,0.09149143,2.12,0.49,39.17,0.11734286,118.47,0.76,321,0.27502573,0.41,9.62,0.13305715,18.67,0.29644856,0.22132857,-1.555724920219755,0.47,208.77672,211,227,"5/16/24, 12:00 AM",DUMKA,255,2024-12-31,5.49,3.3341472,419,407,370,365,2.1153836,2024-01-01,30.236514285714286,Bhaluwa,"{""geodesic"":false,""type"":""Point"",""coordinates"":[86.9307336122376,24.443024133599565]}"
2416_0,0.81,0.09149143,5.12,0.37,96.93,0.11734286,119.57,18.94,270,0.27502573,0.39,6.39,0.13305715,21.47,0.29644856,0.22132857,-1.555724920219755,0.78,208.77672,211,227,"5/16/24, 12:00 AM",DUMKA,255,2024-12-31,5.69,3.3341472,419,407,370,365,2.1153836,2024-01-01,30.236514285714286,Bhaluwa,"{""geodesic"":false,""type"":""Point"",""coordinates"":[86.9307336122376,24.443024133599565]}"
2417_0,0.76,0.07247063,2.87,0.52,74.09,0.104325175,118.47,3.436,267,0.27092376,0.56,11.54,0.12396993,13.87,0.30784824,0.22658461,-0.13094739870900352,0.46,270.0,216,232,"6/15/24, 12:00 AM",DUMKA,234,2024-12-31,5.73,3.4005349,404,390,380,377,4.06721,2024-01-01,30.26283333333334,Tilauna,"{""geodesic"":false,""type"":""Point"",""coordinates"":[86.98678848596666,24.407181353763196]}"
2418_0,0.39,0.07117412,7.01,0.42,43.42,0.09998811,76.34,22.32,243,0.30112028,0.59,4.36,0.11376713,7.47,0.32372516,0.22270629,4.538686742768337,2.2,-0.0,216,232,"6/15/24, 12:00 AM",DUMKA,233,2024-12-31,5.39,3.4005349,404,390,380,377,0.0,2024-01-01,30.26283333333334,Tilauna,"{""geodesic"":false,""type"":""Point"",""coordinates"":[86.98571050762573,24.406642364592724]}"
2419_0,0.85,0.06998042,5.78,0.46,59.83,0.099318884,100.11,11.26,262,0.31017414,0.39,6.31,0.10588182,21.47,0.31198952,0.20956713,0.9295340671877946,0.13,151.23021,216,232,"6/15/24, 12:00 AM",DUMKA,234,2024-12-31,5.58,3.4005349,404,390,380,377,2.1152434,2024-01-01,30.26283333333334,Tilauna,"{""geodesic"":false,""type"":""Point"",""coordinates"":[86.98571050762573,24.40691185917796]}"
2420_0,0.48,0.06998042,4.01,0.98,29.67,0.099318884,150.06,32.8,388,0.31017414,0.68,16.68,0.10588182,21.47,0.31198952,0.20956713,0.9295340671877946,0.23,151.23021,216,232,"6/14/24, 12:00 AM",DUMKA,234,2024-12-31,5.63,3.4005349,404,390,380,377,2.1152434,2024-01-01,30.26283333333334,Tilauna,"{""geodesic"":false,""type"":""Point"",""coordinates"":[86.98571050762573,24.40691185917796]}"
2421_0,0.41,0.06998042,4.12,0.49,82.16,0.099318884,126.33,4.158,389,0.31017414,0.67,14.51,0.10588182,15.67,0.31198952,0.20956713,0.9295340671877946,2.04,151.23021,216,232,"6/14/24, 12:00 AM",DUMKA,234,2024-12-31,4.98,3.4005349,404,390,380,377,2.1152434,2024-01-01,30.26283333333334,Tilauna,"{""geodesic"":false,""type"":""Point"",""coordinates"":[86.98571050762573,24.40691185917796]}"
2422_0,0.45,0.074286014,4.01,0.98,29.67,0.10495664,150.06,32.8,388,0.2769133,0.68,16.68,0.11950699,8.97,0.29715315,0.2122951,-0.8241012974400427,1.35,90.0,216,232,"6/13/24, 12:00 AM",DUMKA,235,2024-12-31,5.63,3.4005349,404,390,380,377,2.0361702,2024-01-01,30.26283333333334,Tilauna,"{""geodesic"":false,""type"":""Point"",""coordinates"":[86.98571050762573,24.407181353763196]}"
2423_0,0.75,0.06998042,4.33,0.39,87.92,0.099318884,101.22,13.66,248,0.31017414,0.47,10.38,0.10588182,8.89,0.31198952,0.20956713,0.9295340671877946,0.45,151.23021,216,232,"6/12/24, 12:00 AM",DUMKA,234,2024-12-31,4.98,3.4005349,404,390,380,377,2.1152434,2024-01-01,30.26283333333334,Tilauna,"{""geodesic"":false,""type"":""Point"",""coordinates"":[86.98571050762573,24.40691185917796]}"
2424_0,0.5,0.07206383,5.12,0.89,64.26,0.10448369,119.57,19.08,258,0.2694404,0.49,9.39,0.12408936,8.67,0.29950213,0.22201985,0.1857969410441048,0.34,180.0,228,243,"6/10/24, 12:00 AM",DUMKA,233,2024-12-31,5.31,3.4005349,389,377,384,379,1.8543341,2024-01-01,30.26283333333334,Tilauna,"{""geodesic"":false,""type"":""Point"",""coordinates"":[86.98436303469954,24.407450848348432]}"
2425_0,0.49,0.0934528,5.09,0.44,50.56,0.130912,165.01,2.74,368,0.297748,0.71,17.23,0.175768,12.49,0.3533184,0.2970928,-1.829096707086843,2.14,180.0,225,241,"6/24/24, 12:00 AM",DUMKA,232,2024-12-31,5.83,3.4005349,394,383,380,376,5.547545,2024-01-01,30.294999999999998,Lusitanr,"{""geodesic"":false,""type"":""Point"",""coordinates"":[86.9727747675344,24.40772034293367]}"
2426_0,0.56,0.062453102,4.12,0.49,82.16,0.09203035,126.33,4.158,389,0.25941932,0.67,14.51,0.12365311,11.57,0.2897738,0.22297794,-2.7100472807427467,1.13,114.48067,223,236,"6/24/24, 12:00 AM",DUMKA,239,2024-12-31,4.98,3.4005349,400,389,377,376,6.684196,2024-01-01,30.244611111111098,Lusitanr,"{""geodesic"":false,""type"":""Point"",""coordinates"":[86.99163938850091,24.406372870007488]}"
2427_0,0.48,0.062453102,2.68,0.47,38.62,0.09203035,100.11,9.26,361,0.25941932,0.63,18.51,0.12365311,8.89,0.2897738,0.22297794,-2.7100472807427467,3.14,114.48067,223,236,"6/24/24, 12:00 AM",DUMKA,239,2024-12-31,5.42,3.4005349,400,389,377,376,6.684196,2024-01-01,30.244611111111098,Lusitanr,"{""geodesic"":false,""type"":""Point"",""coordinates"":[86.99163938850091,24.406372870007488]}"
2428_0,0.53,0.08969178,8.93,0.45,18.72,0.11356712,100.11,1.562,265,0.30416986,0.94,6.34,0.12099726,8.46,0.3254822,0.22739863,-1.708215396279798,2.77,55.660736,237,243,"5/13/24, 12:00 AM",DUMKA,104,2024-12-31,5.47,3.5241098,411,417,352,341,4.920525,2024-01-01,30.305542857142864,Dumaria Bahiyar,"{""geodesic"":false,""type"":""Point"",""coordinates"":[87.54033036404111,24.37295554143824]}"
2429_0,0.41,0.08969178,8.27,0.39,31.61,0.11356712,145.34,9.45,258,0.30416986,0.89,8.15,0.12099726,22.78,0.3254822,0.22739863,-1.708215396279798,0.36,55.660736,237,243,"5/13/24, 12:00 AM",DUMKA,104,2024-12-31,5.64,3.5241098,411,417,352,341,4.920525,2024-01-01,30.305542857142864,Dumaria Bahiyar,"{""geodesic"":false,""type"":""Point"",""coordinates"":[87.54033036404111,24.37295554143824]}"
2430_0,0.65,0.08969178,8.22,0.61,26.75,0.11356712,140.56,2.46,244,0.30416986,0.79,9.27,0.12099726,19.58,0.3254822,0.22739863,-1.708215396279798,0.19,55.660736,237,243,"5/13/24, 12:00 AM",DUMKA,104,2024-12-31,5.44,3.5241098,411,417,352,341,4.920525,2024-01-01,30.305542857142864,Dumaria Bahiyar,"{""geodesic"":false,""type"":""Point"",""coordinates"":[87.54033036404111,24.37295554143824]}"
2431_0,0.85,0.08969178,7.46,0.81,69.5,0.11356712,139.14,1.676,254,0.30416986,1,8.21,0.12099726,11.57,0.3254822,0.22739863,-1.708215396279798,0.99,55.660736,237,243,"5/13/24, 12:00 AM",DUMKA,104,2024-12-31,4.81,3.5241098,411,417,352,341,4.920525,2024-01-01,30.305542857142864,Dumaria Bahiyar,"{""geodesic"":false,""type"":""Point"",""coordinates"":[87.54033036404111,24.37295554143824]}"
2432_0,0.78,0.08524658,5.66,0.69,45.62,0.10681096,101.22,23.82,258,0.28372192,0.69,9.39,0.11146165,21.34,0.27765343,0.19154246,-2.441635878444652,2.11,63.15867,237,243,"5/13/24, 12:00 AM",DUMKA,105,2024-12-31,5.65,3.5241098,411,417,352,341,10.162795,2024-01-01,30.305542857142864,Dumaria Bahiyar,"{""geodesic"":false,""type"":""Point"",""coordinates"":[87.54006086945587,24.373225036023477]}"
2433_0,0.41,0.10196986,6.89,0.91,38.45,0.12327945,127.98,13.36,386,0.31878766,0.59,11.18,0.12583014,8.67,0.3012767,0.20640136,-2.6882723131646173,0.56,8.913371,237,243,"5/13/24, 12:00 AM",DUMKA,111,2024-12-31,5.14,3.5241098,411,417,352,341,12.920059,2024-01-01,30.305542857142864,Dumaria Bahiyar,"{""geodesic"":false,""type"":""Point"",""coordinates"":[87.5395218802854,24.373225036023477]}"
2434_0,0.56,0.08868767,1.64,0.63,26.1,0.1103726,118.57,12.36,360,0.29511097,0.47,8.62,0.11306027,14.65,0.2967411,0.20315206,-2.4487739589079074,1.69,36.20026,237,243,"5/13/24, 12:00 AM",DUMKA,111,2024-12-31,5.63,3.5241098,411,417,352,341,10.234064,2024-01-01,30.305542857142864,Dumaria Bahiyar,"{""geodesic"":false,""type"":""Point"",""coordinates"":[87.53979137487065,24.373225036023477]}"
2435_0,0.45,0.060291428,2.68,0.96,38.62,0.08840571,100.11,9.26,361,0.25903428,0.67,18.51,0.09411714,9.47,0.24681428,0.17172286,-0.5133760945728275,0.34,65.52604,211,228,"6/26/24, 12:00 AM",DUMKA,254,2024-12-31,5.13,3.3341472,420,407,369,365,2.237666,2024-01-01,30.236514285714286,Karma,"{""geodesic"":false,""type"":""Point"",""coordinates"":[86.92723018262954,24.445449584866687]}"
2436_0,0.43,0.10622857,3.65,0.53,46.55,0.12842286,96.87,21.01,238,0.21507429,0.39,26.01,0.14702857,7.47,0.24613144,0.21105714,-1.1264955881429854,0.47,47.68637,211,228,"5/20/24, 12:00 AM",DUMKA,262,2024-12-31,4.68,3.3341472,420,407,369,365,1.3774928,2024-01-01,30.236514285714286,Karma,"{""geodesic"":false,""type"":""Point"",""coordinates"":[86.9261522042886,24.444102111940506]}"
2437_0,0.45,0.071839996,4.56,0.72,60.34,0.098605715,118.47,0.862,248,0.28822857,0.47,6.39,0.09932572,9.34,0.2530543,0.17663142,-0.730765624980665,0.99,180.0,211,228,"5/20/24, 12:00 AM",DUMKA,260,2024-12-31,5.72,3.3341472,420,407,369,365,0.92740995,2024-01-01,30.25638888888889,Karma,"{""geodesic"":false,""type"":""Point"",""coordinates"":[86.92453523677717,24.444371606525742]}"
2438_0,0.65,0.08580286,2.45,0.92,38.34,0.11462285,115.31,37.6,376,0.25594285,0.57,15.08,0.13091429,12.39,0.2848857,0.20983428,1.6606474555557462,0.39,90.0,217,232,"5/20/24, 12:00 AM",DUMKA,257,2024-12-31,5.47,3.3341472,421,410,362,358,1.0184873,2024-01-01,30.27477777777777,Karma,"{""geodesic"":false,""type"":""Point"",""coordinates"":[86.91429444253822,24.41715265341692]}"
2439_0,0.41,0.08580286,4.01,0.98,29.67,0.11462285,150.06,32.8,388,0.25594285,0.68,16.68,0.13091429,9.47,0.2848857,0.20983428,1.6606474555557462,2.14,90.0,217,232,"5/20/24, 12:00 AM",DUMKA,257,2024-12-31,5.63,3.3341472,421,410,362,358,1.0184873,2024-01-01,30.27477777777777,Karma,"{""geodesic"":false,""type"":""Point"",""coordinates"":[86.91429444253822,24.41715265341692]}"
2440_0,0.46,0.06843428,4.88,0.95,8.012,0.09983715,114.51,14.5,371,0.2688343,0.59,10.32,0.11143143,7.47,0.2818857,0.19722857,0.9674980520193587,1.13,90.0,217,232,"5/20/24, 12:00 AM",DUMKA,257,2024-12-31,5.52,3.3341472,421,410,362,358,2.036336,2024-01-01,30.27477777777777,Karma,"{""geodesic"":false,""type"":""Point"",""coordinates"":[86.91402494795298,24.417422148002156]}"
2441_0,0.53,0.08580286,5.21,0.42,80.81,0.11462285,128.12,17.54,368,0.25594285,0.26,17.23,0.13091429,14.48,0.2848857,0.20983428,1.6606474555557462,1.79,90.0,217,232,"5/15/24, 12:00 AM",DUMKA,257,2024-12-31,5.13,3.3341472,421,410,362,358,1.0184873,2024-01-01,30.27477777777777,Karma,"{""geodesic"":false,""type"":""Point"",""coordinates"":[86.91429444253822,24.41715265341692]}"
2442_0,0.81,0.08580286,6.47,0.42,18.31,0.11462285,119.57,5.39,278,0.25594285,0.57,6.94,0.13091429,8.97,0.2848857,0.20983428,1.6606474555557462,0.81,90.0,217,232,"5/15/24, 12:00 AM",DUMKA,257,2024-12-31,4.88,3.3341472,421,410,362,358,1.0184873,2024-01-01,30.27477777777777,Karma,"{""geodesic"":false,""type"":""Point"",""coordinates"":[86.91429444253822,24.41715265341692]}"
2443_0,0.26,0.08580286,2.1,0.92,48.1,0.11462285,90.56,2.85,151,0.25594285,0.92,17.65,0.13091429,12,0.2848857,0.20983428,1.6606474555557462,0.71,90.0,217,232,"4/30/24, 12:00 AM",DUMKA,257,2024-12-31,4.86,3.3341472,421,410,362,358,1.0184873,2024-01-01,30.27477777777777,Karma,"{""geodesic"":false,""type"":""Point"",""coordinates"":[86.91429444253822,24.41715265341692]}"
2444_0,0.74,0.08580286,2.4,0.48,88.98,0.11462285,68.47,0.68,159,0.25594285,0.16,18.56,0.13091429,10,0.2848857,0.20983428,1.6606474555557462,2.06,90.0,217,232,"4/30/24, 12:00 AM",DUMKA,257,2024-12-31,4.22,3.3341472,421,410,362,358,1.0184873,2024-01-01,30.27477777777777,Karma,"{""geodesic"":false,""type"":""Point"",""coordinates"":[86.91429444253822,24.41715265341692]}"
2445_0,0.45,0.06830211,5.34,0.42,35.38,0.08606127,140.56,3.354,280,0.22577253,0.85,8.58,0.09619789,15.45,0.25624296,0.17928451,0.5596346533836047,0.34,238.73595,232,252,"5/18/24, 12:00 AM",DUMKA,167,2024-12-31,4.87,3.6050391,344,336,424,411,3.5696383,2024-01-01,30.198457142857148,Katariya,"{""geodesic"":false,""type"":""Point"",""coordinates"":[87.16734985807469,24.394245613671874]}"
2446_0,0.82,0.07148944,2.15,0.59,35.81,0.09180634,98.63,17.12,281,0.25772464,0.71,9.28,0.09325634,7.48,0.26501268,0.18038099,1.215519033412195,0.45,180.0,232,252,"5/18/24, 12:00 AM",DUMKA,166,2024-12-31,5.58,3.6050391,344,336,424,411,1.8543341,2024-01-01,30.198457142857148,Katariya,"{""geodesic"":false,""type"":""Point"",""coordinates"":[87.16734985807469,24.393976119086638]}"
2447_0,0.46,0.07148944,5.62,0.59,42.32,0.09180634,175.53,15.47,277,0.25772464,0.47,11.06,0.09325634,21.47,0.26501268,0.18038099,1.215519033412195,1.69,180.0,232,252,"5/18/24, 12:00 AM",DUMKA,166,2024-12-31,5.63,3.6050391,344,336,424,411,1.8543341,2024-01-01,30.198457142857148,Katariya,"{""geodesic"":false,""type"":""Point"",""coordinates"":[87.16734985807469,24.393976119086638]}"
2448_0,0.76,0.06830211,2.89,0.29,44.57,0.08606127,107.89,31.06,264,0.22577253,0.56,9.39,0.09619789,8.46,0.25624296,0.17928451,0.5596346533836047,2.77,238.73595,232,252,"5/18/24, 12:00 AM",DUMKA,167,2024-12-31,5.27,3.6050391,344,336,424,411,3.5696383,2024-01-01,30.198457142857148,Katariya,"{""geodesic"":false,""type"":""Point"",""coordinates"":[87.16734985807469,24.394245613671874]}"
2449_0,0.14,0.097020864,4.88,0.95,36.95,0.12933813,114.51,14.5,371,0.2918144,0.59,10.321,0.14706546,21.47,0.3179813,0.23874821,-0.30423148883164863,0.65,331.1977,248,261,"5/29/24, 12:00 AM",DUMKA,206,2024-12-31,5.52,3.184141,392,384,360,354,4.22605,2024-01-01,30.275085714285705,Saraiya,"{""geodesic"":false,""type"":""Point"",""coordinates"":[87.01616339575737,24.57615445870608]}"
2450_0,0.45,0.097020864,2,0.64,54.08,0.12933813,26.34,7.85,215,0.2918144,0.71,13.2,0.14706546,8,0.3179813,0.23874821,-0.30423148883164863,1.11,331.1977,248,261,"4/25/24, 12:00 AM",DUMKA,206,2024-12-31,5.69,3.184141,392,384,360,354,4.22605,2024-01-01,30.275085714285705,Saraiya,"{""geodesic"":false,""type"":""Point"",""coordinates"":[87.01616339575737,24.57615445870608]}"
2451_0,1.35,0.097020864,3.45,0.98,25.15,0.12933813,105.48,20.11,267,0.2918144,0.47,11.28,0.14706546,16.46,0.3179813,0.23874821,-0.30423148883164863,0.42,331.1977,248,261,"5/29/24, 12:00 AM",DUMKA,206,2024-12-31,5.58,3.184141,392,384,360,354,4.22605,2024-01-01,30.275085714285705,Saraiya,"{""geodesic"":false,""type"":""Point"",""coordinates"":[87.01616339575737,24.57615445870608]}"
2452_0,0.99,0.075354055,4.56,0.72,60.34,0.10205946,118.47,9.67,248,0.2298027,0.47,6.39,0.120164864,9.34,0.28590542,0.20901081,-1.9688192788247307,0.45,106.86824,245,255,"5/22/24, 12:00 AM",DUMKA,225,2024-12-31,5.72,3.4973216,386,383,369,362,3.193042,2024-01-01,30.252742857142852,Dondiya,"{""geodesic"":false,""type"":""Point"",""coordinates"":[86.95417964115312,24.542467635551596]}"
2453_0,0.65,0.09025946,2.1,0.37,41.4,0.11174324,93.24,0.7,193,0.27447838,0.42,18.49,0.113627024,14,0.27227297,0.18636486,0.5957386656791208,1.32,73.13515,242,261,"4/23/24, 12:00 AM",DUMKA,210,2024-12-31,5.01,3.3526697,402,391,356,348,3.1936626,2024-01-01,30.24216666666667,Baija,"{""geodesic"":false,""type"":""Point"",""coordinates"":[86.95983902744308,24.569147599489945]}"
2454_0,0.52,0.09025946,1.9,0.71,41.2,0.11174324,90.56,5.36,235,0.27447838,0.39,14.87,0.113627024,13,0.27227297,0.18636486,0.5957386656791208,2.61,73.13515,242,261,"4/23/24, 12:00 AM",DUMKA,210,2024-12-31,5.38,3.3526697,402,391,356,348,3.1936626,2024-01-01,30.24216666666667,Baija,"{""geodesic"":false,""type"":""Point"",""coordinates"":[86.95983902744308,24.569147599489945]}"
2455_0,0.26,0.06118108,2.78,0.93,63.27,0.08812973,106.77,19.63,358,0.24451081,0.69,13.37,0.09585405,13.46,0.26112163,0.18533513,2.5265350728734144,0.46,-0.0,238,252,"5/29/24, 12:00 AM",DUMKA,224,2024-12-31,4.72,3.330229,380,377,382,371,1.8543341,2024-01-01,30.26165714285714,Barhait,"{""geodesic"":false,""type"":""Point"",""coordinates"":[86.94690328735176,24.545701570574426]}"
2456_0,0.27,0.06118108,2.35,0.59,38.45,0.08812973,122.34,13.36,254,0.24451081,0.57,8.21,0.09585405,8.67,0.26112163,0.18533513,2.5265350728734144,0.65,-0.0,238,252,"5/29/24, 12:00 AM",DUMKA,224,2024-12-31,4.95,3.330229,380,377,382,371,1.8543341,2024-01-01,30.26165714285714,Barhait,"{""geodesic"":false,""type"":""Point"",""coordinates"":[86.94690328735176,24.545701570574426]}"
2457_0,0.23,0.06118108,2.35,0.95,45.22,0.08812973,122.34,19.28,261,0.24451081,0.29,8.39,0.09585405,18.67,0.26112163,0.18533513,2.5265350728734144,0.81,-0.0,238,252,"5/29/24, 12:00 AM",DUMKA,224,2024-12-31,5.04,3.330229,380,377,382,371,1.8543341,2024-01-01,30.26165714285714,Barhait,"{""geodesic"":false,""type"":""Point"",""coordinates"":[86.94690328735176,24.545701570574426]}"
2458_0,0.54,0.067110814,5.69,0.45,40.5,0.0947,92.78,20.76,267,0.24857837,0.39,8.58,0.104781084,16.67,0.26601622,0.19236216,2.5265350728734144,0.78,-0.0,238,252,"5/29/24, 12:00 AM",DUMKA,224,2024-12-31,5.91,3.330229,380,377,382,371,1.8543341,2024-01-01,30.26165714285714,Barhait,"{""geodesic"":false,""type"":""Point"",""coordinates"":[86.94690328735176,24.545971065159662]}"
2459_0,0.14,0.05927297,2.19,0.54,40.78,0.084886484,96.85,31.16,264,0.25348377,0.43,22.32,0.091513515,13.87,0.2444,0.17150271,1.5740446404212172,0.75,39.50598,239,248,"5/29/24, 12:00 AM",DUMKA,225,2024-12-31,5.63,3.330229,384,381,377,370,4.7971635,2024-01-01,30.26165714285714,Barhait,"{""geodesic"":false,""type"":""Point"",""coordinates"":[86.94663379276652,24.545701570574426]}"
2460_0,0.46,0.05257222,4.88,0.95,36.95,0.08184167,114.51,14.5,371,0.25606388,0.59,10.32,0.089780554,14.48,0.24332778,0.161425,-1.6136032751539218,0.43,245.54523,233,246,"5/29/24, 12:00 AM",DUMKA,223,2024-12-31,5.52,3.2510781,394,387,373,367,2.2393115,2024-01-01,30.249371428571436,Barhait,"{""geodesic"":false,""type"":""Point"",""coordinates"":[86.94905924403365,24.557289837739567]}"
2461_0,0.34,0.06118108,2.78,0.87,12.77,0.08812973,119.57,30.5,261,0.24451081,0.59,8.2,0.09585405,15.45,0.26112163,0.18533513,2.5265350728734144,1.23,-0.0,238,252,"5/29/24, 12:00 AM",DUMKA,224,2024-12-31,5.96,3.330229,380,377,382,371,1.8543341,2024-01-01,30.26165714285714,Barhait,"{""geodesic"":false,""type"":""Point"",""coordinates"":[86.94690328735176,24.545701570574426]}"
2462_0,0.34,0.083001316,2.56,0.43,35.33,0.11057632,129.12,7.42,246,0.28243026,0.38,9.62,0.11793224,7.47,0.26932895,0.1925296,3.506716956765672,0.85,132.2857,246,258,"5/28/24, 12:00 AM",DUMKA,198,2024-12-31,5.73,3.184141,381,376,372,366,1.3782305,2024-01-01,30.290222222222226,Chilra,"{""geodesic"":false,""type"":""Point"",""coordinates"":[87.02155328746208,24.567261137393295]}"
2463_0,0.36,0.083001316,4.56,0.69,60.364,0.11057632,118.47,9.67,248,0.28243026,0.59,6.39,0.11793224,8.97,0.26932895,0.1925296,3.506716956765672,0.65,132.2857,246,258,"5/28/24, 12:00 AM",DUMKA,198,2024-12-31,4.68,3.184141,381,376,372,366,1.3782305,2024-01-01,30.290222222222226,Chilra,"{""geodesic"":false,""type"":""Point"",""coordinates"":[87.02155328746208,24.567261137393295]}"
2464_0,0.19,0.083001316,3.48,0.72,93.26,0.11057632,99.68,8.05,225,0.28243026,0.47,8.26,0.11793224,21.47,0.26932895,0.1925296,3.506716956765672,0.57,132.2857,246,258,"5/28/24, 12:00 AM",DUMKA,198,2024-12-31,5.72,3.184141,381,376,372,366,1.3782305,2024-01-01,30.290222222222226,Chilra,"{""geodesic"":false,""type"":""Point"",""coordinates"":[87.02155328746208,24.567261137393295]}"
2465_0,1.18,0.080518246,5.65,0.89,51.57,0.110289186,96.87,15.48,212,0.2788196,0.49,11.36,0.118369594,13.46,0.27171013,0.19334324,2.8883684648242105,0.45,132.28552,249,260,"5/28/24, 12:00 AM",DUMKA,193,2024-12-31,5.31,3.184141,379,372,373,368,2.7548778,2024-01-01,30.290222222222226,Chilra,"{""geodesic"":false,""type"":""Point"",""coordinates"":[87.02478722248492,24.568069621149]}"
2466_0,0.29,0.080518246,1.2,0.65,88.2,0.110289186,95.34,1.17,156,0.2788196,0.52,11.38,0.118369594,10,0.27171013,0.19334324,2.8883684648242105,2.14,132.28552,249,260,"4/24/24, 12:00 AM",DUMKA,193,2024-12-31,5.12,3.184141,379,372,373,368,2.7548778,2024-01-01,30.290222222222226,Chilra,"{""geodesic"":false,""type"":""Point"",""coordinates"":[87.02478722248492,24.568069621149]}"
2467_0,0.78,0.08877027,2.35,0.63,38.45,0.10993243,122.34,13.36,254,0.27636486,0.69,8.21,0.120924324,21.47,0.2962027,0.21268378,-2.045206845803713,0.65,143.76094,249,262,"5/28/24, 12:00 AM",DUMKA,226,2024-12-31,4.87,3.3526697,381,373,370,365,3.4456532,2024-01-01,30.27841176470588,Hararwa,"{""geodesic"":false,""type"":""Point"",""coordinates"":[86.98139859426195,24.552169440620087]}"
2468_0,0.43,0.082973756,4,0.23,47.56,0.11487589,115.01,9.81,185,0.28743193,0.76,16.89,0.12416525,14,0.27201205,0.1993078,-2.3648456076667026,0.99,192.40308,247,262,"4/21/24, 12:00 AM",DUMKA,205,2024-12-31,6.66,3.184141,384,376,369,362,4.73745,2024-01-01,30.283111111111104,Hararwa,"{""geodesic"":false,""type"":""Point"",""coordinates"":[87.01858884702449,24.574806985779897]}"
2469_0,0.58,0.082973756,3.3,0.34,71.27,0.11487589,79.12,5.33,269,0.28743193,0.65,18.6,0.12416525,12,0.27201205,0.1993078,-2.3648456076667026,2.1,192.40308,247,262,"4/21/24, 12:00 AM",DUMKA,205,2024-12-31,6.38,3.184141,384,376,369,362,4.73745,2024-01-01,30.283111111111104,Hararwa,"{""geodesic"":false,""type"":""Point"",""coordinates"":[87.01858884702449,24.574806985779897]}"
2470_0,0.19,0.082973756,3.85,0.42,43.42,0.11487589,76.34,22.32,243,0.28743193,0.59,4.36,0.12416525,7.47,0.27201205,0.1993078,-2.3648456076667026,0.82,192.40308,247,262,"5/28/24, 12:00 AM",DUMKA,205,2024-12-31,5.369,3.184141,384,376,369,362,4.73745,2024-01-01,30.283111111111104,Hararwa,"{""geodesic"":false,""type"":""Point"",""coordinates"":[87.01858884702449,24.574806985779897]}"
2471_0,0.189,0.082973756,2.35,0.59,38.45,0.11487589,122.34,13.36,254,0.28743193,0.47,8.21,0.12416525,8.97,0.27201205,0.1993078,-2.3648456076667026,0.65,192.40308,247,262,"5/28/24, 12:00 AM",DUMKA,205,2024-12-31,4.95,3.184141,384,376,369,362,4.73745,2024-01-01,30.283111111111104,Hararwa,"{""geodesic"":false,""type"":""Point"",""coordinates"":[87.01858884702449,24.574806985779897]}"
2472_0,0.13,0.082973756,2.65,0.89,64.89,0.11487589,128.12,25.61,385,0.28743193,0.51,19.15,0.12416525,16.67,0.27201205,0.1993078,-2.3648456076667026,0.41,192.40308,247,262,"5/28/24, 12:00 AM",DUMKA,205,2024-12-31,5.02,3.184141,384,376,369,362,4.73745,2024-01-01,30.283111111111104,Hararwa,"{""geodesic"":false,""type"":""Point"",""coordinates"":[87.01858884702449,24.574806985779897]}"
2473_0,0.45,0.082973756,2.68,0.96,38.62,0.11487589,100.11,9.26,361,0.28743193,0.69,18.51,0.12416525,15.47,0.27201205,0.1993078,-2.3648456076667026,0.78,192.40308,247,262,"5/28/24, 12:00 AM",DUMKA,205,2024-12-31,5.13,3.184141,384,376,369,362,4.73745,2024-01-01,30.283111111111104,Hararwa,"{""geodesic"":false,""type"":""Point"",""coordinates"":[87.01858884702449,24.574806985779897]}"
2474_0,1.08,0.082973756,5.34,0.42,35.38,0.11487589,140.56,20.34,280,0.28743193,0.85,8.8,0.12416525,16.67,0.27201205,0.1993078,-2.3648456076667026,0.57,192.40308,247,262,"5/28/24, 12:00 AM",DUMKA,205,2024-12-31,4.87,3.184141,384,376,369,362,4.73745,2024-01-01,30.283111111111104,Hararwa,"{""geodesic"":false,""type"":""Point"",""coordinates"":[87.01858884702449,24.574806985779897]}"
2475_0,0.78,0.082973756,3.65,0.53,46.55,0.11487589,96.87,21.01,238,0.28743193,0.39,26.01,0.12416525,17.48,0.27201205,0.1993078,-2.3648456076667026,0.65,192.40308,247,262,"5/22/24, 12:00 AM",DUMKA,205,2024-12-31,4.68,3.184141,384,376,369,362,4.73745,2024-01-01,30.283111111111104,Hararwa,"{""geodesic"":false,""type"":""Point"",""coordinates"":[87.01858884702449,24.574806985779897]}"
2476_0,0.45,0.073674284,2.12,0.63,45.23,0.09207143,119.57,20.34,263,0.23681715,0.67,18.76,0.101534285,9.47,0.28981143,0.23925143,-1.611662379187354,0.82,245.5221,221,234,"5/28/24, 12:00 AM",DUMKA,264,2024-12-31,4.95,3.3341472,416,405,363,361,2.2373273,2024-01-01,30.249085714285716,Phitkariya,"{""geodesic"":false,""type"":""Point"",""coordinates"":[86.91968433424293,24.42254254512164]}"
2477_0,0.13,0.06118108,6.42,0.24,28.26,0.08812973,118.47,25.33,266,0.24451081,0.42,11.49,0.09585405,18.65,0.26112163,0.18533513,2.5265350728734144,0.65,-0.0,238,252,"5/29/24, 12:00 AM",DUMKA,224,2024-12-31,5.17,3.330229,380,377,382,371,1.8543341,2024-01-01,30.26165714285714,Dumarthar,"{""geodesic"":false,""type"":""Point"",""coordinates"":[86.94690328735176,24.545701570574426]}"
2478_0,0.26,0.05927297,6.11,0.63,47.54,0.084886484,99.68,22.32,274,0.25348377,0.31,6.36,0.091513515,16.68,0.2444,0.17150271,1.5740446404212172,0.45,39.50598,239,248,"5/29/24, 12:00 AM",DUMKA,225,2024-12-31,5.63,3.330229,384,381,377,370,4.7971635,2024-01-01,30.26165714285714,Dumarthar,"{""geodesic"":false,""type"":""Point"",""coordinates"":[86.94663379276652,24.545701570574426]}"
2479_0,0.45,0.075354055,5.89,0.87,38.26,0.10205946,101.26,13.2,354,0.2298027,0.61,12.39,0.120164864,7.48,0.28590542,0.20901081,-1.9688192788247307,0.34,106.86824,245,255,"5/22/24, 12:00 AM",DUMKA,225,2024-12-31,5.51,3.4973216,386,383,369,362,3.193042,2024-01-01,30.252742857142852,Dumarthar,"{""geodesic"":false,""type"":""Point"",""coordinates"":[86.95417964115312,24.542467635551596]}"
2480_0,0.39,0.075354055,2.45,0.92,38.34,0.10205946,115.31,22.32,376,0.2298027,0.57,15.08,0.120164864,12.49,0.28590542,0.20901081,-1.9688192788247307,0.65,106.86824,245,255,"5/22/24, 12:00 AM",DUMKA,225,2024-12-31,5.47,3.4973216,386,383,369,362,3.193042,2024-01-01,30.252742857142852,Dumarthar,"{""geodesic"":false,""type"":""Point"",""coordinates"":[86.95417964115312,24.542467635551596]}"
2481_0,0.49,0.06118108,3.86,0.75,49.45,0.08812973,107.89,10.95,243,0.24451081,0.31,8.32,0.09585405,12.49,0.26112163,0.18533513,2.5265350728734144,0.41,-0.0,238,252,"5/29/24, 12:00 AM",DUMKA,224,2024-12-31,5.61,3.330229,380,377,382,371,1.8543341,2024-01-01,30.26165714285714,Kordaha,"{""geodesic"":false,""type"":""Point"",""coordinates"":[86.94690328735176,24.545701570574426]}"
2482_0,0.47,0.06118108,2.45,0.45,61.77,0.08812973,150.06,26.62,258,0.24451081,0.25,10.4,0.09585405,7.47,0.26112163,0.18533513,2.5265350728734144,0.81,-0.0,238,252,"5/29/24, 12:00 AM",DUMKA,224,2024-12-31,5.24,3.330229,380,377,382,371,1.8543341,2024-01-01,30.26165714285714,Kordaha,"{""geodesic"":false,""type"":""Point"",""coordinates"":[86.94690328735176,24.545701570574426]}"
2483_0,0.78,0.06118108,3.12,0.51,45.66,0.08812973,128.13,28.68,225,0.24451081,0.59,8.26,0.09585405,9.87,0.26112163,0.18533513,2.5265350728734144,0.65,-0.0,238,252,"5/29/24, 12:00 AM",DUMKA,224,2024-12-31,4.38,3.330229,380,377,382,371,1.8543341,2024-01-01,30.26165714285714,Kordaha,"{""geodesic"":false,""type"":""Point"",""coordinates"":[86.94690328735176,24.545701570574426]}"
2484_0,1.13,0.083001316,1.64,0.58,26.1,0.11057632,145.34,12.36,232,0.28243026,0.26,8.72,0.11793224,21.47,0.26932895,0.1925296,3.506716956765672,0.46,132.2857,246,258,"5/29/24, 12:00 AM",DUMKA,198,2024-12-31,4.88,3.184141,381,376,372,366,1.3782305,2024-01-01,30.290222222222226,Kordaha,"{""geodesic"":false,""type"":""Point"",""coordinates"":[87.02155328746208,24.567261137393295]}"
2485_0,0.54,0.083001316,5.34,0.37,35.38,0.11057632,140.56,20.34,280,0.28243026,0.58,8.58,0.11793224,8.67,0.26932895,0.1925296,3.506716956765672,0.48,132.2857,246,258,"5/29/24, 12:00 AM",DUMKA,198,2024-12-31,5.53,3.184141,381,376,372,366,1.3782305,2024-01-01,30.290222222222226,Kordaha,"{""geodesic"":false,""type"":""Point"",""coordinates"":[87.02155328746208,24.567261137393295]}"
2486_0,0.36,0.067125715,4.21,0.41,57.53,0.09439143,128.12,19.63,225,0.2640543,0.63,9.39,0.10864,9.47,0.29862285,0.21050857,-1.6137138214557876,0.62,114.45348,232,248,"5/29/24, 12:00 AM",DUMKA,212,2024-12-31,5.13,3.3526697,395,387,373,365,2.2394223,2024-01-01,30.22874285714286,Mathakesho,"{""geodesic"":false,""type"":""Point"",""coordinates"":[86.98678848596666,24.56483568612617]}"
2487_0,0.99,0.07003889,1.64,0.58,26.1,0.09444167,145.34,12.36,232,0.24661389,0.26,8.72,0.10785556,16.67,0.29196945,0.20894444,-1.8303264931094474,0.48,180.0,242,262,"5/29/24, 12:00 AM",DUMKA,214,2024-12-31,4.88,3.3526697,388,378,370,360,2.7802885,2024-01-01,30.22874285714286,Mathakesho,"{""geodesic"":false,""type"":""Point"",""coordinates"":[86.98651899138143,24.56483568612617]}"
2488_0,0.14,0.06139722,5.47,0.52,54.26,0.08964722,134.07,6.36,212,0.24296944,0.59,11.36,0.10555278,8.89,0.27491668,0.19579166,-1.1280404757762497,0.81,227.71506,234,251,"5/29/24, 12:00 AM",DUMKA,211,2024-12-31,5.83,3.3526697,395,384,371,365,1.3782505,2024-01-01,30.24216666666667,Cheharbhenk,"{""geodesic"":false,""type"":""Point"",""coordinates"":[86.95983902744308,24.570495072416126]}"
2489_0,0.56,0.06542778,5.21,0.49,80.81,0.09585278,140.56,17.54,218,0.24711667,0.69,25.23,0.114469446,9.47,0.276025,0.19699444,0.8626348252384433,0.81,121.228485,234,251,"5/29/24, 12:00 AM",DUMKA,211,2024-12-31,5.52,3.3526697,395,384,371,365,3.5732825,2024-01-01,30.24216666666667,Cheharbhenk,"{""geodesic"":false,""type"":""Point"",""coordinates"":[86.95983902744308,24.57022557783089]}"
2491_0,0.13,0.08510743,5.09,0.59,50.56,0.1127777,165.01,16.97,368,0.2699243,0.42,17.23,0.11935338,16.67,0.27878514,0.20205203,-1.1280208006214292,0.65,312.2852,242,254,"5/29/24, 12:00 AM",DUMKA,197,2024-12-31,5.81,3.184141,373,366,385,380,1.3782438,2024-01-01,30.290222222222226,Kordiha,"{""geodesic"":false,""type"":""Point"",""coordinates"":[87.0261346954111,24.56941709407518]}"
2492_0,0.81,0.08510743,5.35,0.49,93.26,0.1127777,145.34,10.15,384,0.2699243,0.63,16.96,0.11935338,8.46,0.27878514,0.20205203,-1.1280208006214292,0.49,312.2852,242,254,"5/29/24, 12:00 AM",DUMKA,197,2024-12-31,5.46,3.184141,373,366,385,380,1.3782438,2024-01-01,30.290222222222226,Kordiha,"{""geodesic"":false,""type"":""Point"",""coordinates"":[87.0261346954111,24.56941709407518]}"
2493_0,0.45,0.08510743,5.34,0.58,35.38,0.1127777,140.56,20.34,280,0.2699243,0.73,8.58,0.11935338,15.47,0.27878514,0.20205203,-1.1280208006214292,0.46,312.2852,242,254,"5/29/24, 12:00 AM",DUMKA,197,2024-12-31,5.48,3.184141,373,366,385,380,1.3782438,2024-01-01,30.290222222222226,Kordiha,"{""geodesic"":false,""type"":""Point"",""coordinates"":[87.0261346954111,24.56941709407518]}"
2494_0,0.14,0.08510743,4.07,0.42,61.33,0.1127777,76.12,20.66,230,0.2699243,0.61,16.15,0.11935338,19.58,0.27878514,0.20205203,-1.1280208006214292,0.75,312.2852,242,254,"5/29/24, 12:00 AM",DUMKA,197,2024-12-31,5.58,3.184141,373,366,385,380,1.3782438,2024-01-01,30.290222222222226,Kordiha,"{""geodesic"":false,""type"":""Point"",""coordinates"":[87.0261346954111,24.56941709407518]}"
2495_0,1.13,0.08510743,3.25,0.39,37.16,0.1127777,113.29,14.2,245,0.2699243,0.53,11.28,0.11935338,17.48,0.27878514,0.20205203,-1.1280208006214292,0.8,312.2852,242,254,"5/29/24, 12:00 AM",DUMKA,197,2024-12-31,5.17,3.184141,373,366,385,380,1.3782438,2024-01-01,30.290222222222226,Kordiha,"{""geodesic"":false,""type"":""Point"",""coordinates"":[87.0261346954111,24.56941709407518]}"
2496_0,0.26,0.08510743,6.59,0.37,47.85,0.1127777,128.12,15.66,274,0.2699243,0.68,10.59,0.11935338,15.67,0.27878514,0.20205203,-1.1280208006214292,0.35,312.2852,242,254,"5/29/24, 12:00 AM",DUMKA,197,2024-12-31,5.46,3.184141,373,366,385,380,1.3782438,2024-01-01,30.290222222222226,Kordiha,"{""geodesic"":false,""type"":""Point"",""coordinates"":[87.0261346954111,24.56941709407518]}"
2497_0,0.19,0.077829055,5.23,0.31,42.22,0.108195946,113.29,31.4,265,0.273175,0.63,6.34,0.11688649,13.87,0.2630662,0.19191013,3.7729914844610852,0.42,159.87134,242,254,"5/29/24, 12:00 AM",DUMKA,195,2024-12-31,4.95,3.184141,373,366,385,380,2.960837,2024-01-01,30.290222222222226,Kordiha,"{""geodesic"":false,""type"":""Point"",""coordinates"":[87.02559570624062,24.568339115734236]}"
2498_0,0.99,0.082973756,4.56,0.72,60.34,0.11487589,118.47,9.67,248,0.28743193,0.47,6.39,0.12416525,8.46,0.27201205,0.1993078,-2.3648456076667026,0.65,192.40308,247,262,"5/22/24, 12:00 AM",DUMKA,205,2024-12-31,5.72,3.184141,384,376,369,362,4.73745,2024-01-01,30.283111111111104,Pindra,"{""geodesic"":false,""type"":""Point"",""coordinates"":[87.01858884702449,24.574806985779897]}"
2499_0,0.54,0.082973756,3.48,0.48,93.26,0.11487589,99.68,8.05,225,0.28743193,0.57,8.26,0.12416525,15.47,0.27201205,0.1993078,-2.3648456076667026,0.57,192.40308,247,262,"5/22/24, 12:00 AM",DUMKA,205,2024-12-31,5.61,3.184141,384,376,369,362,4.73745,2024-01-01,30.283111111111104,Pindra,"{""geodesic"":false,""type"":""Point"",""coordinates"":[87.01858884702449,24.574806985779897]}"
2500_0,0.54,0.086542,2.35,0.49,45.62,0.11154867,101.26,7.24,248,0.292436,0.62,13.08,0.11441933,9.34,0.29347134,0.20031467,-2.724683286913013,0.52,342.55997,246,258,"5/29/24, 12:00 AM",DUMKA,194,2024-12-31,4.93,3.184141,382,376,372,366,6.7735333,2024-01-01,30.30483333333333,Bhaturia,"{""geodesic"":false,""type"":""Point"",""coordinates"":[87.02370924414397,24.565374675296642]}"
2501_0,0.46,0.086542,5.62,0.32,42.32,0.11154867,175.53,15.47,277,0.292436,0.51,11.06,0.11441933,14.65,0.29347134,0.20031467,-2.724683286913013,0.65,342.55997,246,258,"5/29/24, 12:00 AM",DUMKA,194,2024-12-31,4.73,3.184141,382,376,372,366,6.7735333,2024-01-01,30.30483333333333,Bhaturia,"{""geodesic"":false,""type"":""Point"",""coordinates"":[87.02370924414397,24.565374675296642]}"
2502_0,0.81,0.086542,4.58,0.59,64.7,0.11154867,128.12,20.34,348,0.292436,0.59,11.38,0.11441933,7.47,0.29347134,0.20031467,-2.724683286913013,0.56,342.55997,246,258,"5/29/24, 12:00 AM",DUMKA,194,2024-12-31,5.62,3.184141,382,376,372,366,6.7735333,2024-01-01,30.30483333333333,Bhaturia,"{""geodesic"":false,""type"":""Point"",""coordinates"":[87.02370924414397,24.565374675296642]}"
2503_0,0.14,0.075354055,4.12,0.98,82.16,0.10205946,126.33,19.27,389,0.2298027,0.85,14.51,0.120164864,13.87,0.28590542,0.20901081,-1.9688192788247307,0.65,106.86824,245,255,"5/22/24, 12:00 AM",DUMKA,225,2024-12-31,5.02,3.4973216,386,383,369,362,3.193042,2024-01-01,30.252742857142852,Jamunia,"{""geodesic"":false,""type"":""Point"",""coordinates"":[86.95417964115312,24.542467635551596]}"
2504_0,1.08,0.075354055,3.39,0.58,9.88,0.10205946,139.14,16.96,239,0.2298027,0.69,9.94,0.120164864,18.48,0.28590542,0.20901081,-1.9688192788247307,0.35,106.86824,245,255,"5/22/24, 12:00 AM",DUMKA,225,2024-12-31,5.73,3.4973216,386,383,369,362,3.193042,2024-01-01,30.252742857142852,Jamunia,"{""geodesic"":false,""type"":""Point"",""coordinates"":[86.95417964115312,24.542467635551596]}"
2505_0,0.54,0.082973756,4.03,0.43,90.91,0.11487589,140.56,22.66,243,0.28743193,0.38,8.32,0.12416525,13.46,0.27201205,0.1993078,-2.3648456076667026,0.52,192.40308,247,262,"5/28/24, 12:00 AM",DUMKA,205,2024-12-31,5.73,3.184141,384,376,369,362,4.73745,2024-01-01,30.283111111111104,Pinrra,"{""geodesic"":false,""type"":""Point"",""coordinates"":[87.01858884702449,24.574806985779897]}"
2506_0,1.13,0.082973756,5.69,0.87,38.26,0.11487589,101.26,13.2,354,0.28743193,0.61,12.39,0.12416525,9.47,0.27201205,0.1993078,-2.3648456076667026,0.43,192.40308,247,262,"5/28/24, 12:00 AM",DUMKA,205,2024-12-31,5.51,3.184141,384,376,369,362,4.73745,2024-01-01,30.283111111111104,Pinrra,"{""geodesic"":false,""type"":""Point"",""coordinates"":[87.01858884702449,24.574806985779897]}"
2507_0,0.14,0.081464864,3.65,0.53,46.55,0.10121892,96.87,21.01,238,0.21164595,0.39,26.01,0.11001081,21.47,0.20924865,0.15866487,-2.1542389223181013,0.45,15.367225,246,257,"5/29/24, 12:00 AM",DUMKA,238,2024-12-31,4.68,3.330229,389,382,364,361,3.8417559,2024-01-01,30.26165714285714,Dhawatanr,"{""geodesic"":false,""type"":""Point"",""coordinates"":[86.94609480359605,24.542737130136832]}"
2508_0,0.64,0.05257222,6.47,0.42,18.31,0.08184167,165.01,17.25,235,0.25606388,0.59,9.31,0.089780554,9.47,0.24332778,0.161425,-1.6136032751539218,0.078,245.54523,233,246,"5/29/24, 12:00 AM",DUMKA,223,2024-12-31,5.39,3.2510781,394,387,373,367,2.2393115,2024-01-01,30.249371428571436,Dhawatanr,"{""geodesic"":false,""type"":""Point"",""coordinates"":[86.94905924403365,24.557289837739567]}"
2509_0,0.34,0.08185834,5.23,0.31,42.22,0.11844166,113.29,31.4,265,0.26780277,0.63,6.34,0.14113055,9.47,0.29964444,0.22368889,-1.519561409031634,0.75,90.0,230,244,"5/29/24, 12:00 AM",DUMKA,227,2024-12-31,4.95,3.2510781,390,384,380,372,2.0385518,2024-01-01,30.25885714285715,Dhawatanr,"{""geodesic"":false,""type"":""Point"",""coordinates"":[86.94366935232893,24.554325397301973]}"
2510_0,0.34,0.075354055,2.48,0.46,33.21,0.10205946,107.88,14.55,269,0.2298027,0.98,13.36,0.120164864,7.47,0.28590542,0.20901081,-1.9688192788247307,0.68,106.86824,245,255,"5/22/24, 12:00 AM",DUMKA,225,2024-12-31,4.88,3.4973216,386,383,369,362,3.193042,2024-01-01,30.252742857142852,Parasdah,"{""geodesic"":false,""type"":""Point"",""coordinates"":[86.95417964115312,24.542467635551596]}"
2511_0,0.35,0.08296216,3,0.56,51.55,0.10386757,82.77,6.65,135,0.20239459,0.71,16.5,0.11601081,15,0.23023243,0.18258108,-0.7315369605483989,0.99,-0.0,236,248,"4/21/24, 12:00 AM",DUMKA,236,2024-12-31,5.07,3.330229,395,387,369,366,0.92740995,2024-01-01,30.252742857142852,Parasdah,"{""geodesic"":false,""type"":""Point"",""coordinates"":[86.94986772778935,24.54219814096636]}"
2512_0,0.35,0.08016554,3.4,0.27,61.25,0.109237835,79.12,0.85,143,0.2728804,0.72,12.36,0.1174777,10,0.26346418,0.18833108,2.482902168023561,0.65,132.28546,249,260,"4/21/24, 12:00 AM",DUMKA,195,2024-12-31,5.48,3.184141,379,372,373,368,4.12835,2024-01-01,30.290222222222226,Mardaura,"{""geodesic"":false,""type"":""Point"",""coordinates"":[87.02478722248492,24.568339115734236]}"
2513_0,0.38,0.082973756,5.3,0.87,58.2,0.11487589,47.62,11.31,162,0.28743193,0.71,16.49,0.12416525,12,0.27201205,0.1993078,-2.3648456076667026,0.68,192.40308,247,262,"4/21/24, 12:00 AM",DUMKA,205,2024-12-31,5.54,3.184141,384,376,369,362,4.73745,2024-01-01,30.283111111111104,Mardaura,"{""geodesic"":false,""type"":""Point"",""coordinates"":[87.01858884702449,24.574806985779897]}"
2514_0,0.68,0.098135136,1.5,0.31,62.8,0.12325405,80.15,11.16,170,0.2718973,0.55,15.63,0.13416757,9,0.28646755,0.20513242,0.6396991830526436,1.48,90.0,242,261,"4/22/24, 12:00 AM",DUMKA,208,2024-12-31,5.19,3.3526697,402,391,356,348,3.056575,2024-01-01,30.24216666666667,Dhanwe,"{""geodesic"":false,""type"":""Point"",""coordinates"":[86.9601085220283,24.569147599489945]}"
2515_0,0.65,0.08276757,2.4,0.53,70.21,0.11115878,46.87,4.16,134,0.3225662,0.26,18.02,0.11569865,14,0.31467026,0.21084595,2.861914688530592,2.06,28.800652,243,255,"4/21/24, 12:00 AM",DUMKA,193,2024-12-31,5.98,3.184141,381,374,375,370,4.2259827,2024-01-01,30.290222222222226,Dhanwe,"{""geodesic"":false,""type"":""Point"",""coordinates"":[87.02559570624062,24.56753063197853]}"
2516_0,0.49,0.08186757,2.8,0.37,75.12,0.11295946,93.24,6.52,147,0.29514188,0.61,14.56,0.12105203,12,0.28741217,0.20159933,4.285361306938201,1.01,270.0,242,254,"4/21/24, 12:00 AM",DUMKA,191,2024-12-31,5.42,3.184141,373,366,385,380,1.019707,2024-01-01,30.290222222222226,Dhanwe,"{""geodesic"":false,""type"":""Point"",""coordinates"":[87.02559570624062,24.567800126563764]}"
2517_0,0.54,0.082105406,6.11,0.45,58.62,0.113845274,107.89,26.3,368,0.25789258,0.68,17.41,0.12522094,8.67,0.27365404,0.20424594,4.538354794493909,0.41,132.28539,242,254,"5/29/24, 12:00 AM",DUMKA,193,2024-12-31,6.1,3.184141,373,366,385,380,1.3782388,2024-01-01,30.290222222222226,Dhanwe,"{""geodesic"":false,""type"":""Point"",""coordinates"":[87.0261346954111,24.568608610319473]}"
2518_0,0.23,0.066427775,3.12,0.61,10.15,0.0976,129.12,29.24,278,0.2629389,0.69,6.94,0.112569444,13.87,0.3027861,0.21579167,3.9983976542973063,0.65,-0.0,238,256,"5/29/24, 12:00 AM",DUMKA,205,2024-12-31,5.38,3.3526697,386,375,376,369,0.0,2024-01-01,30.24216666666667,Semariya,"{""geodesic"":false,""type"":""Point"",""coordinates"":[86.96064751119879,24.573190018268484]}"
2519_0,0.13,0.09926944,3.48,0.48,93.26,0.13945556,99.68,8.05,225,0.28600833,0.57,8.26,0.18016945,18.67,0.3477,0.28302777,-0.4346919395695119,0.48,312.28867,230,244,"5/29/24, 12:00 AM",DUMKA,227,2024-12-31,5.61,3.2510781,390,384,380,372,4.1280956,2024-01-01,30.25885714285715,Pathara,"{""geodesic"":false,""type"":""Point"",""coordinates"":[86.94447783608463,24.554055902716737]}"
2520_0,0.26,0.09926944,5.12,0.89,66.26,0.13945556,119.57,19.08,258,0.28600833,0.49,9.39,0.18016945,8.97,0.3477,0.28302777,-0.4346919395695119,0.45,312.28867,230,244,"5/29/24, 12:00 AM",DUMKA,227,2024-12-31,5.31,3.2510781,390,384,380,372,4.1280956,2024-01-01,30.25885714285715,Pathara,"{""geodesic"":false,""type"":""Point"",""coordinates"":[86.94447783608463,24.554055902716737]}"
2521_0,1.08,0.06723333,5.89,0.87,38.26,0.09511389,101.26,13.2,354,0.25650278,0.61,12.39,0.10281666,8.46,0.247425,0.17492223,0.8088019042279817,0.46,-0.0,232,247,"5/29/24, 12:00 AM",DUMKA,224,2024-12-31,5.51,3.2510781,386,379,382,374,2.7802885,2024-01-01,30.249371428571436,Pathara,"{""geodesic"":false,""type"":""Point"",""coordinates"":[86.94852025486317,24.555942364813387]}"
2522_0,0.49,0.06213611,5.45,0.92,38.34,0.0922,115.31,22.32,376,0.23765278,0.57,15.08,0.11025833,12.49,0.26103333,0.18814167,-2.5141909351501326,0.58,227.71246,229,240,"5/29/24, 12:00 AM",DUMKA,223,2024-12-31,5.47,3.3526697,400,394,371,366,5.4968643,2024-01-01,30.23182857142858,Pathara,"{""geodesic"":false,""type"":""Point"",""coordinates"":[86.95040671695982,24.559176299836217]}"
2523_0,1.18,0.077829055,5.89,0.87,38.2,0.108195946,101.26,13.2,354,0.273175,0.61,12.39,0.11688649,16.67,0.2630662,0.19191013,3.7729914844610852,0.75,159.87134,242,254,"5/29/24, 12:00 AM",DUMKA,195,2024-12-31,5.51,3.184141,373,366,385,380,2.960837,2024-01-01,30.290222222222226,Saraiyahat,"{""geodesic"":false,""type"":""Point"",""coordinates"":[87.02559570624062,24.568339115734236]}"
2524_0,1.08,0.094935134,4.03,0.58,90.91,0.15441081,140.5,22.66,243,0.29192162,0.26,8.32,0.17985676,21.47,0.27036488,0.20046757,-0.7316237708007921,0.65,180.0,230,244,"5/29/24, 12:00 AM",DUMKA,232,2024-12-31,4.88,3.2510781,390,384,380,372,0.92740995,2024-01-01,30.25885714285715,Matihara,"{""geodesic"":false,""type"":""Point"",""coordinates"":[86.94232187940274,24.552977924375792]}"
2525_0,1.35,0.094935134,2.56,0.43,35.3,0.15441081,129.12,37.42,246,0.29192162,0.38,9.62,0.17985676,16.67,0.27036488,0.20046757,-0.7316237708007921,0.72,180.0,230,244,"5/29/24, 12:00 AM",DUMKA,232,2024-12-31,5.73,3.2510781,390,384,380,372,0.92740995,2024-01-01,30.25885714285715,Matihara,"{""geodesic"":false,""type"":""Point"",""coordinates"":[86.94232187940274,24.552977924375792]}"
2526_0,0.26,0.05873243,4.03,0.58,90.91,0.08763784,140.56,22.66,243,0.28906217,0.26,8.32,0.09132432,9.47,0.25914323,0.17166486,-1.1278299515413845,0.41,47.711197,232,246,"5/29/24, 12:00 AM",DUMKA,236,2024-12-31,4.88,3.2510781,390,382,378,372,1.3781487,2024-01-01,30.25885714285715,Matihara,"{""geodesic"":false,""type"":""Point"",""coordinates"":[86.94016592272087,24.553516913546265]}"
2527_0,0.34,0.05873243,2.56,0.43,35.3,0.08763784,129.12,37.42,246,0.28906217,0.38,9.62,0.09132432,7.47,0.25914323,0.17166486,-1.1278299515413845,0.46,47.711197,232,246,"5/29/24, 12:00 AM",DUMKA,236,2024-12-31,5.73,3.2510781,390,382,378,372,1.3781487,2024-01-01,30.25885714285715,Matihara,"{""geodesic"":false,""type"":""Point"",""coordinates"":[86.94016592272087,24.553516913546265]}"
2528_0,0.45,0.06652162,4.56,0.69,60.34,0.0984,118.47,9.67,248,0.26883245,0.59,6.39,0.11896216,8.97,0.30444324,0.22097297,-2.341065317494027,0.85,-0.0,232,246,"5/29/24, 12:00 AM",DUMKA,233,2024-12-31,4.68,3.2510781,390,382,378,372,4.6273675,2024-01-01,30.25885714285715,Matihara,"{""geodesic"":false,""type"":""Point"",""coordinates"":[86.94016592272087,24.5537864081315]}"
2529_0,1.35,0.06772973,5.65,0.89,51.57,0.09949459,96.87,15.48,212,0.25407296,0.49,11.36,0.116535135,13.46,0.2958865,0.21924324,-1.968983153801083,0.57,73.1331,232,246,"5/29/24, 12:00 AM",DUMKA,229,2024-12-31,5.31,3.2510781,390,382,378,372,3.1932876,2024-01-01,30.25885714285715,Matihara,"{""geodesic"":false,""type"":""Point"",""coordinates"":[86.94043541730609,24.552977924375792]}"
2530_0,0.49,0.06772973,5.71,0.93,60.54,0.09949459,153.2,9.85,276,0.25407296,0.48,8.38,0.116535135,15.49,0.2958865,0.21924324,-1.968983153801083,0.48,73.1331,232,246,"5/29/24, 12:00 AM",DUMKA,229,2024-12-31,5.51,3.2510781,390,382,378,372,3.1932876,2024-01-01,30.25885714285715,Matihara,"{""geodesic"":false,""type"":""Point"",""coordinates"":[86.94043541730609,24.552977924375792]}"
2531_0,0.47,0.06772973,4.58,0.31,67.45,0.09949459,128.12,20.64,348,0.25407296,0.63,11.38,0.116535135,15.47,0.2958865,0.21924324,-1.968983153801083,0.62,73.1331,232,246,"5/29/24, 12:00 AM",DUMKA,229,2024-12-31,4.95,3.2510781,390,382,378,372,3.1932876,2024-01-01,30.25885714285715,Matihara,"{""geodesic"":false,""type"":""Point"",""coordinates"":[86.94043541730609,24.552977924375792]}"
2532_0,0.19,0.06772973,4.12,0.49,82.16,0.09949459,126.3,18.27,389,0.25407296,0.67,14.51,0.116535135,18.67,0.2958865,0.21924324,-1.968983153801083,0.41,73.1331,232,246,"5/29/24, 12:00 AM",DUMKA,229,2024-12-31,4.98,3.2510781,390,382,378,372,3.1932876,2024-01-01,30.25885714285715,Matihara,"{""geodesic"":false,""type"":""Point"",""coordinates"":[86.94043541730609,24.552977924375792]}"
2533_0,0.14,0.073674284,5.34,0.97,35.38,0.09207143,140.56,20.34,280,0.23681715,0.79,8.58,0.101534285,15.45,0.28981143,0.23925143,-1.611662379187354,0.65,245.5221,221,234,"5/28/24, 12:00 AM",DUMKA,264,2024-12-31,5.08,3.3341472,416,405,363,361,2.2373273,2024-01-01,30.249085714285716,Amgachhi,"{""geodesic"":false,""type"":""Point"",""coordinates"":[86.91968433424293,24.42254254512164]}"
2534_0,0.39,0.08296216,5.3,0.46,61.08,0.10386757,58.47,0.21,193,0.20239459,0.34,17.39,0.11601081,15,0.23023243,0.18258108,-0.7315369605483989,1.46,-0.0,236,248,"4/24/24, 12:00 AM",DUMKA,236,2024-12-31,5.39,3.330229,395,387,369,366,0.92740995,2024-01-01,30.252742857142852,Belodih,"{""geodesic"":false,""type"":""Point"",""coordinates"":[86.94986772778935,24.54219814096636]}"
2535_0,0.39,0.064172976,4.88,0.98,36.95,0.09462162,114.51,14.5,371,0.25866216,0.68,10.3,0.117254056,18.67,0.27846485,0.21100271,-0.7315664345343054,0.76,180.0,228,238,"5/29/24, 12:00 AM",DUMKA,232,2024-12-31,5.63,3.330229,383,379,389,383,0.92740995,2024-01-01,30.251199999999997,Raksa,"{""geodesic"":false,""type"":""Point"",""coordinates"":[86.94043541730609,24.546510054330135]}"
2536_0,1.18,0.064172976,3.65,0.95,64.89,0.09462162,128.12,25.61,385,0.25866216,0.59,19.15,0.117254056,8.97,0.27846485,0.21100271,-0.7315664345343054,0.41,180.0,228,238,"5/29/24, 12:00 AM",DUMKA,232,2024-12-31,5.52,3.330229,383,379,389,383,0.92740995,2024-01-01,30.251199999999997,Raksa,"{""geodesic"":false,""type"":""Point"",""coordinates"":[86.94043541730609,24.546510054330135]}"
2537_0,0.14,0.07626667,2.68,0.61,38.62,0.10467222,100.11,9.26,361,0.24995278,0.61,18.51,0.124025,12.49,0.27650556,0.208675,-2.4037488713738124,0.43,124.30113,230,244,"5/29/24, 12:00 AM",DUMKA,230,2024-12-31,5.59,3.2510781,390,384,380,372,4.925301,2024-01-01,30.25885714285715,Raksa,"{""geodesic"":false,""type"":""Point"",""coordinates"":[86.94447783608463,24.552977924375792]}"
2538_0,0.99,0.047937836,6.12,0.59,26.12,0.06948919,114.51,6.1,268,0.2227919,0.71,15.35,0.07409459,8.46,0.24021351,0.16108648,-3.2147251979906057,0.35,213.40846,241,258,"5/22/24, 12:00 AM",DUMKA,224,2024-12-31,5.58,3.4973216,388,380,371,362,10.974569,2024-01-01,30.255485714285715,Amghata,"{""geodesic"":false,""type"":""Point"",""coordinates"":[86.95768307076119,24.54219814096636]}"
2539_0,0.54,0.058151353,4.68,0.41,45.41,0.08075946,96.87,21.38,232,0.24225946,0.59,8.72,0.08462162,13.87,0.25584054,0.17458378,-0.2836958892250152,0.39,339.87543,239,252,"5/29/24, 12:00 AM",DUMKA,227,2024-12-31,5.09,3.4973216,399,389,362,358,2.9607594,2024-01-01,30.251371428571428,Matihani,"{""geodesic"":false,""type"":""Point"",""coordinates"":[86.9509457061303,24.540581173454942]}"
2540_0,0.26,0.08349257,5.12,0.89,64.26,0.112196624,119.57,19.08,258,0.2695493,0.49,9.39,0.119416215,8.97,0.27704662,0.20102027,-1.4248927101556312,0.45,180.0,242,254,"5/29/24, 12:00 AM",DUMKA,196,2024-12-31,5.31,3.184141,373,366,385,380,1.8543341,2024-01-01,30.290222222222226,Matihani,"{""geodesic"":false,""type"":""Point"",""coordinates"":[87.0261346954111,24.569147599489945]}"
2541_0,0.76,0.07517084,8.11,0.45,26.42,0.0971625,165.01,11.26,274,0.26152778,0.68,10.32,0.116479166,9.34,0.2966861,0.2134986,-2.0451169953674317,0.99,323.7627,215,238,"5/18/24, 12:00 AM",DUMKA,190,2024-12-31,6.1,3.4890735,395,379,390,383,6.86641,2024-01-01,30.288500000000006,Majhdiha,"{""geodesic"":false,""type"":""Point"",""coordinates"":[87.10967801683421,24.54408460306301]}"
2542_0,0.58,0.07676715,7.13,0.58,19.82,0.10097,169.6,12.77,236,0.2697614,0.69,11.65,0.11775286,18.48,0.31734428,0.22511142,-0.8701487449656392,0.13,253.1312,219,237,"5/18/24, 12:00 AM",DUMKA,188,2024-12-31,5.73,3.4890735,387,373,394,389,3.1929388,2024-01-01,30.29634285714286,Majhdiha,"{""geodesic"":false,""type"":""Point"",""coordinates"":[87.11614588687988,24.53815572218782]}"
2543_0,0.46,0.07676715,5.69,0.43,40.5,0.10097,92.78,20.76,267,0.2697614,0.47,8.58,0.11775286,14.48,0.31734428,0.22511142,-0.8701487449656392,0.26,253.1312,219,237,"5/18/24, 12:00 AM",DUMKA,188,2024-12-31,5.69,3.4890735,387,373,394,389,3.1929388,2024-01-01,30.29634285714286,Majhdiha,"{""geodesic"":false,""type"":""Point"",""coordinates"":[87.11614588687988,24.53815572218782]}"
2544_0,0.42,0.07676715,4.29,0.58,45.62,0.10097,76.34,7.35,236,0.2697614,0.69,11.65,0.11775286,8.46,0.31734428,0.22511142,-0.8701487449656392,3.14,253.1312,219,237,"5/17/24, 12:00 AM",DUMKA,188,2024-12-31,5.73,3.4890735,387,373,394,389,3.1929388,2024-01-01,30.29634285714286,Majhdiha,"{""geodesic"":false,""type"":""Point"",""coordinates"":[87.11614588687988,24.53815572218782]}"
2545_0,0.48,0.116297185,3.12,0.31,74.98,0.1342169,96.87,21.36,225,0.20206197,0.47,8.26,0.14727043,15.47,0.23329858,0.19986902,-1.6123912689361493,0.54,245.53076,231,248,"5/15/24, 12:00 AM",DUMKA,163,2024-12-31,5.5,3.5832176,371,369,397,383,2.2380702,2024-01-01,30.263470588235304,Majhdiha,"{""geodesic"":false,""type"":""Point"",""coordinates"":[87.13150707823831,24.472938032560744]}"
2546_0,0.58,0.053561863,2,0.92,38.34,0.07173051,115.31,37.6,376,0.23290677,0.57,15.08,0.06597712,12,0.20210339,0.1300678,4.225723615599451,0.49,47.678707,222,240,"6/6/24, 12:00 AM",DUMKA,231,2024-12-31,5.47,3.4005349,393,379,385,382,2.7529912,2024-01-01,30.234400000000004,Balathar,"{""geodesic"":false,""type"":""Point"",""coordinates"":[86.96927133792633,24.41014579420079]}"
2547_0,0.45,0.067126274,4.12,0.98,82.16,0.093964405,126.33,4.15,389,0.22437458,0.85,14.51,0.105459325,13.87,0.24194238,0.17644152,3.7403242230365787,2.17,65.52,226,243,"6/6/24, 12:00 AM",DUMKA,233,2024-12-31,5.02,3.4005349,395,381,379,376,4.4674954,2024-01-01,30.234400000000004,Balathar,"{""geodesic"":false,""type"":""Point"",""coordinates"":[86.96900184334109,24.410415288786027]}"
2548_0,0.46,0.08094173,5.35,0.35,93.26,0.112460434,145.34,10.15,384,0.2788885,0.35,16.96,0.13511151,16.36,0.32988706,0.24993525,-1.6114220212170158,1.13,65.51929,224,237,"5/27/24, 12:00 AM",DUMKA,233,2024-12-31,4.99,3.4005349,392,383,384,380,2.237087,2024-01-01,30.266333333333325,Balathar,"{""geodesic"":false,""type"":""Point"",""coordinates"":[86.98085960509147,24.40610337542225]}"
2549_0,0.75,0.054265626,4.01,0.92,29.67,0.07415938,150.06,32.8,388,0.20851563,0.57,16.68,0.09135,8.67,0.23555937,0.1846125,-1.6116826027276314,2.17,294.47766,221,236,"6/19/24, 12:00 AM",DUMKA,259,2024-12-31,5.47,3.3341472,406,394,372,370,2.2373478,2024-01-01,30.28741176470588,Tetaria,"{""geodesic"":false,""type"":""Point"",""coordinates"":[86.93666249311279,24.423890018047818]}"
2550_0,0.34,0.054265626,3.65,0.59,64.89,0.07415938,128.12,35.2,385,0.20851563,0.42,19.15,0.09135,12.49,0.23555937,0.1846125,-1.6116826027276314,0.34,294.47766,221,236,"6/19/24, 12:00 AM",DUMKA,259,2024-12-31,5.33,3.3341472,406,394,372,370,2.2373478,2024-01-01,30.28741176470588,Tetaria,"{""geodesic"":false,""type"":""Point"",""coordinates"":[86.93666249311279,24.423890018047818]}"
2551_0,0.42,0.054265626,2.78,0.48,63.27,0.07415938,106.77,0.482,358,0.20851563,0.39,13.37,0.09135,9.47,0.23555937,0.1846125,-1.6116826027276314,2.77,294.47766,221,236,"6/19/24, 12:00 AM",DUMKA,259,2024-12-31,4.69,3.3341472,406,394,372,370,2.2373478,2024-01-01,30.28741176470588,Tetaria,"{""geodesic"":false,""type"":""Point"",""coordinates"":[86.93666249311279,24.423890018047818]}"
2552_0,0.41,0.054265626,4.12,0.49,82.16,0.07415938,126.33,4.158,389,0.20851563,0.67,14.51,0.09135,18.67,0.23555937,0.1846125,-1.6116826027276314,0.19,294.47766,221,236,"6/19/24, 12:00 AM",DUMKA,259,2024-12-31,4.98,3.3341472,406,394,372,370,2.2373478,2024-01-01,30.28741176470588,Tetaria,"{""geodesic"":false,""type"":""Point"",""coordinates"":[86.93666249311279,24.423890018047818]}"
2553_0,0.41,0.0514875,5.09,0.59,50.56,0.075315624,165.01,2.74,368,0.21555,0.42,17.23,0.0827125,11.57,0.23292187,0.16281563,-2.224887586373556,0.47,227.68228,226,240,"6/19/24, 12:00 AM",DUMKA,252,2024-12-31,5.81,3.3341472,404,392,370,368,4.1258054,2024-01-01,30.222057142857135,Tetaria,"{""geodesic"":false,""type"":""Point"",""coordinates"":[86.93477603101614,24.426045974729703]}"
2554_0,0.85,0.0514875,5.35,0.49,93.26,0.075315624,145.34,10.15,384,0.21555,0.63,16.96,0.0827125,9.34,0.23292187,0.16281563,-2.224887586373556,1.69,227.68228,226,240,"6/19/24, 12:00 AM",DUMKA,252,2024-12-31,5.45,3.3341472,404,392,370,368,4.1258054,2024-01-01,30.222057142857135,Tetaria,"{""geodesic"":false,""type"":""Point"",""coordinates"":[86.93477603101614,24.426045974729703]}"
2555_0,0.72,0.06275,6.11,0.51,58.62,0.09143611,107.89,26.3,368,0.23995556,0.43,17.41,0.09453055,8.97,0.22920278,0.15624444,1.4782076876184962,0.78,90.0,218,228,"6/15/24, 12:00 AM",DUMKA,250,2024-12-31,5.77,3.3341472,413,405,369,367,4.067799,2024-01-01,30.22308571428571,Raja Semaria,"{""geodesic"":false,""type"":""Point"",""coordinates"":[86.92076231258388,24.425506985559235]}"
2556_0,0.42,0.091749996,3.25,0.39,96.34,0.13729444,113.29,14.2,245,0.292925,0.53,11.28,0.1824,7.48,0.35158056,0.26848888,-2.116905073289169,0.45,-0.0,217,229,"6/15/24, 12:00 AM",DUMKA,258,2024-12-31,5.17,3.3341472,415,406,367,365,3.7047918,2024-01-01,30.249085714285716,Raja Semaria,"{""geodesic"":false,""type"":""Point"",""coordinates"":[86.92076231258388,24.42442900721829]}"
2557_0,0.48,0.091749996,4.02,0.69,27,0.13729444,98.63,1.304,258,0.292925,0.59,10.34,0.1824,15.45,0.35158056,0.26848888,-2.116905073289169,0.45,-0.0,217,229,"6/15/24, 12:00 AM",DUMKA,258,2024-12-31,4.68,3.3341472,415,406,367,365,3.7047918,2024-01-01,30.249085714285716,Raja Semaria,"{""geodesic"":false,""type"":""Point"",""coordinates"":[86.92076231258388,24.42442900721829]}"
2558_0,0.78,0.091749996,5.65,0.93,51.57,0.13729444,96.87,15.48,212,0.292925,0.48,11.36,0.1824,18.48,0.35158056,0.26848888,-2.116905073289169,0.49,-0.0,217,229,"6/14/24, 12:00 AM",DUMKA,258,2024-12-31,5.51,3.3341472,415,406,367,365,3.7047918,2024-01-01,30.249085714285716,Raja Semaria,"{""geodesic"":false,""type"":""Point"",""coordinates"":[86.92076231258388,24.42442900721829]}"
2559_0,0.46,0.047680557,6.11,0.78,58.62,0.07073611,107.89,26.3,368,0.26352778,0.83,17.41,0.06834722,18.67,0.22098611,0.13631944,-2.428313170246346,1.69,203.71715,210,226,"6/14/24, 12:00 AM",DUMKA,262,2024-12-31,5.83,3.3341472,412,401,377,373,5.05212,2024-01-01,30.22308571428571,Raja Semaria,"{""geodesic"":false,""type"":""Point"",""coordinates"":[86.92103180716911,24.427393447655884]}"
2560_0,0.52,0.08349167,4.88,0.95,8.012,0.13384166,114.51,14.5,371,0.193525,0.59,10.32,0.16045833,16.67,0.23524445,0.17064722,-1.5555665943447334,0.34,151.22643,218,228,"6/14/24, 12:00 AM",DUMKA,252,2024-12-31,5.52,3.3341472,413,405,369,367,4.2248893,2024-01-01,30.22308571428571,Raja Semaria,"{""geodesic"":false,""type"":""Point"",""coordinates"":[86.92157079633958,24.426584963900176]}"
2561_0,0.39,0.062425002,5.09,0.59,50.56,0.09023889,165.01,2.74,368,0.23769444,0.42,17.23,0.097025,7.47,0.23660833,0.16160834,1.2387528924752642,0.47,100.320465,218,228,"6/14/24, 12:00 AM",DUMKA,247,2024-12-31,5.81,3.3341472,413,405,369,367,5.1630483,2024-01-01,30.22308571428571,Raja Semaria,"{""geodesic"":false,""type"":""Point"",""coordinates"":[86.92103180716911,24.425506985559235]}"
2562_0,0.34,0.060919445,4.01,0.88,29.67,0.08896389,150.06,32.8,388,0.26847777,0.59,16.68,0.09945,11.57,0.27435,0.18585,0.9673444957658203,0.45,90.0,210,226,"5/28/24, 12:00 AM",DUMKA,249,2024-12-31,5.62,3.3341472,412,401,377,373,1.0185703,2024-01-01,30.22308571428571,Raja Semaria,"{""geodesic"":false,""type"":""Point"",""coordinates"":[86.9223792800953,24.427393447655884]}"
2563_0,0.41,0.07026389,2.78,0.92,63.27,0.10253333,106.77,0.482,358,0.2904639,0.57,13.37,0.124075,9.34,0.33273888,0.23813055,-0.13126558694684873,2.14,90.0,210,226,"5/28/24, 12:00 AM",DUMKA,250,2024-12-31,5.47,3.3341472,412,401,377,373,3.053133,2024-01-01,30.22308571428571,Raja Semaria,"{""geodesic"":false,""type"":""Point"",""coordinates"":[86.92210978551006,24.427123953070648]}"
2564_0,0.46,0.066175,5.65,0.39,51.57,0.09527778,96.87,15.48,212,0.23970556,0.63,11.36,0.10006389,8.46,0.25833055,0.17796111,-1.1373098327578086,0.19,77.17652,218,228,"5/28/24, 12:00 AM",DUMKA,250,2024-12-31,4.96,3.3341472,413,405,369,367,4.171479,2024-01-01,30.22308571428571,Raja Semaria,"{""geodesic"":false,""type"":""Point"",""coordinates"":[86.92076231258388,24.425237490974]}"
2565_0,0.32,0.096319444,5.66,0.14,68.67,0.117477775,128.12,15.63,258,0.22374722,0.81,10.34,0.14491944,8.89,0.29648888,0.2544861,-2.8032862264350205,2.11,75.419945,210,227,"5/17/24, 12:00 AM",DUMKA,253,2024-12-31,5.51,3.3341472,410,397,380,376,7.32863,2024-01-01,30.228800000000007,Bhaluwa,"{""geodesic"":false,""type"":""Point"",""coordinates"":[86.93423704184568,24.44194615525862]}"
2566_0,0.81,0.08818571,4.99,1.12,15.16,0.112085715,98.63,19.65,222,0.28909713,0.35,9.06,0.119791426,8.46,0.27855715,0.20665714,-2.2362081146094748,0.47,257.17828,211,227,"5/16/24, 12:00 AM",DUMKA,257,2024-12-31,4.55,3.3341472,419,407,370,365,4.1720366,2024-01-01,30.236514285714286,Bhaluwa,"{""geodesic"":false,""type"":""Point"",""coordinates"":[86.93100310682284,24.443024133599565]}"
2567_0,0.78,0.08818571,7.01,0.89,43.42,0.112085715,96.81,22.32,208,0.28909713,0.47,14.6,0.119791426,19.58,0.27855715,0.20665714,-2.2362081146094748,0.78,257.17828,211,227,"5/16/24, 12:00 AM",DUMKA,257,2024-12-31,5.74,3.3341472,419,407,370,365,4.1720366,2024-01-01,30.236514285714286,Bhaluwa,"{""geodesic"":false,""type"":""Point"",""coordinates"":[86.93100310682284,24.443024133599565]}"
2568_0,0.45,0.09149143,4.12,0.87,82.16,0.11734286,208.6,4.158,198,0.27502573,0.59,20.21,0.13305715,15.45,0.29644856,0.22132857,-1.555724920219755,0.81,208.77672,211,227,"5/16/24, 12:00 AM",DUMKA,255,2024-12-31,5.96,3.3341472,419,407,370,365,2.1153836,2024-01-01,30.236514285714286,Bhaluwa,"{""geodesic"":false,""type"":""Point"",""coordinates"":[86.9307336122376,24.443024133599565]}"
2569_0,0.81,0.09149143,3.29,0.27,61.45,0.11734286,159.2,13.12,229,0.27502573,0.35,10.32,0.13305715,14.48,0.29644856,0.22132857,-1.555724920219755,1.08,208.77672,211,227,"5/16/24, 12:00 AM",DUMKA,255,2024-12-31,5.63,3.3341472,419,407,370,365,2.1153836,2024-01-01,30.236514285714286,Bhaluwa,"{""geodesic"":false,""type"":""Point"",""coordinates"":[86.9307336122376,24.443024133599565]}"
2570_0,0.53,0.09149143,4.53,0.98,10.15,0.11734286,90.02,1.512,268,0.27502573,0.18,6.31,0.13305715,12.49,0.29644856,0.22132857,-1.555724920219755,1.35,208.77672,211,227,"5/16/24, 12:00 AM",DUMKA,255,2024-12-31,5.99,3.3341472,419,407,370,365,2.1153836,2024-01-01,30.236514285714286,Bhaluwa,"{""geodesic"":false,""type"":""Point"",""coordinates"":[86.9307336122376,24.443024133599565]}"
2571_0,0.32,0.07247063,2.68,0.61,38.62,0.104325175,100.11,9.26,361,0.27092376,0.61,18.51,0.12396993,11.57,0.30784824,0.22658461,-0.13094739870900352,0.39,270.0,216,232,"6/15/24, 12:00 AM",DUMKA,234,2024-12-31,5.59,3.4005349,404,390,380,377,4.06721,2024-01-01,30.26283333333334,Tilauna,"{""geodesic"":false,""type"":""Point"",""coordinates"":[86.98678848596666,24.407181353763196]}"
2572_0,0.8,0.07247063,9.41,0.61,10.15,0.104325175,129.12,29.24,278,0.27092376,0.69,6.94,0.12396993,9.34,0.30784824,0.22658461,-0.13094739870900352,0.99,270.0,216,232,"6/15/24, 12:00 AM",DUMKA,234,2024-12-31,5.38,3.4005349,404,390,380,377,4.06721,2024-01-01,30.26283333333334,Tilauna,"{""geodesic"":false,""type"":""Point"",""coordinates"":[86.98678848596666,24.407181353763196]}"
2573_0,0.35,0.06998042,5.71,0.27,60.54,0.099318884,153.2,9.85,276,0.31017414,0.56,8.38,0.10588182,14.48,0.31198952,0.20956713,0.9295340671877946,2.22,151.23021,216,232,"6/14/24, 12:00 AM",DUMKA,234,2024-12-31,5.63,3.4005349,404,390,380,377,2.1152434,2024-01-01,30.26283333333334,Tilauna,"{""geodesic"":false,""type"":""Point"",""coordinates"":[86.98571050762573,24.40691185917796]}"
2574_0,0.46,0.06998042,5.23,0.31,103.18,0.099318884,113.29,31.4,265,0.31017414,0.63,6.34,0.10588182,12.49,0.31198952,0.20956713,0.9295340671877946,0.47,151.23021,216,232,"6/14/24, 12:00 AM",DUMKA,234,2024-12-31,4.95,3.4005349,404,390,380,377,2.1152434,2024-01-01,30.26283333333334,Tilauna,"{""geodesic"":false,""type"":""Point"",""coordinates"":[86.98571050762573,24.40691185917796]}"
2575_0,0.45,0.06998042,2.78,0.93,63.27,0.099318884,106.77,0.482,358,0.31017414,0.69,13.37,0.10588182,12.49,0.31198952,0.20956713,0.9295340671877946,0.47,151.23021,216,232,"6/13/24, 12:00 AM",DUMKA,234,2024-12-31,4.72,3.4005349,404,390,380,377,2.1152434,2024-01-01,30.26283333333334,Tilauna,"{""geodesic"":false,""type"":""Point"",""coordinates"":[86.98571050762573,24.40691185917796]}"
2576_0,0.85,0.06998042,5.09,0.44,50.56,0.099318884,165.01,2.74,368,0.31017414,0.71,17.23,0.10588182,15.47,0.31198952,0.20956713,0.9295340671877946,0.39,151.23021,216,232,"6/12/24, 12:00 AM",DUMKA,234,2024-12-31,5.83,3.4005349,404,390,380,377,2.1152434,2024-01-01,30.26283333333334,Tilauna,"{""geodesic"":false,""type"":""Point"",""coordinates"":[86.98571050762573,24.40691185917796]}"
2577_0,0.65,0.06998042,5.09,0.59,50.56,0.099318884,165.01,2.74,368,0.31017414,0.42,17.23,0.10588182,16.67,0.31198952,0.20956713,0.9295340671877946,0.13,151.23021,216,232,"6/12/24, 12:00 AM",DUMKA,234,2024-12-31,5.81,3.4005349,404,390,380,377,2.1152434,2024-01-01,30.26283333333334,Tilauna,"{""geodesic"":false,""type"":""Point"",""coordinates"":[86.98571050762573,24.40691185917796]}"
2578_0,0.49,0.07206383,6.89,0.59,38.45,0.10448369,126.33,13.36,254,0.2694404,0.47,8.21,0.12408936,13.87,0.29950213,0.22201985,0.1857969410441048,0.49,180.0,228,243,"6/10/24, 12:00 AM",DUMKA,233,2024-12-31,4.95,3.4005349,389,377,384,379,1.8543341,2024-01-01,30.26283333333334,Tilauna,"{""geodesic"":false,""type"":""Point"",""coordinates"":[86.98436303469954,24.407450848348432]}"
2579_0,0.52,0.07206383,3.48,0.48,93.26,0.10448369,99.68,8.05,225,0.2694404,0.57,8.26,0.12408936,8.89,0.29950213,0.22201985,0.1857969410441048,0.23,180.0,228,243,"6/10/24, 12:00 AM",DUMKA,233,2024-12-31,5.61,3.4005349,389,377,384,379,1.8543341,2024-01-01,30.26283333333334,Tilauna,"{""geodesic"":false,""type"":""Point"",""coordinates"":[86.98436303469954,24.407450848348432]}"
2580_0,0.57,0.07582932,7.01,0.42,43.42,0.10917744,76.34,22.32,244,0.2877466,0.59,4.36,0.13799098,14.65,0.30845714,0.23134586,-1.1260709931696538,0.26,132.32155,232,246,"6/20/24, 12:00 AM",DUMKA,245,2024-12-31,5.39,3.4005349,391,380,378,374,1.3772839,2024-01-01,30.236444444444444,Lusitanr,"{""geodesic"":false,""type"":""Point"",""coordinates"":[86.97924263758006,24.409067815859846]}"
2581_0,0.52,0.05616,4.56,0.72,60.34,0.08042857,118.47,0.862,248,0.2412,0.47,6.39,0.08844857,18.48,0.23726572,0.1698,-0.4349045558495314,2.22,36.221542,227,237,"6/20/24, 12:00 AM",DUMKA,239,2024-12-31,5.72,3.2468905,394,388,379,376,3.4448836,2024-01-01,30.288514285714285,Dumaria Bahiyar,"{""geodesic"":false,""type"":""Point"",""coordinates"":[86.93612350394233,24.471590559634564]}"
2582_0,0.78,0.08524658,5.56,0.25,49.68,0.10681096,119.57,4.646,262,0.28372192,0.72,6.31,0.11146165,8.89,0.27765343,0.19154246,-2.441635878444652,0.54,63.15867,237,243,"5/13/24, 12:00 AM",DUMKA,105,2024-12-31,5.35,3.5241098,411,417,352,341,10.162795,2024-01-01,30.305542857142864,Dumaria Bahiyar,"{""geodesic"":false,""type"":""Point"",""coordinates"":[87.54006086945587,24.373225036023477]}"
2583_0,0.57,0.08524658,7.18,0.49,43.31,0.10681096,76.12,7.62,243,0.28372192,0.65,8.32,0.11146165,16.65,0.27765343,0.19154246,-2.441635878444652,2.91,63.15867,237,243,"5/13/24, 12:00 AM",DUMKA,105,2024-12-31,5.53,3.5241098,411,417,352,341,10.162795,2024-01-01,30.305542857142864,Dumaria Bahiyar,"{""geodesic"":false,""type"":""Point"",""coordinates"":[87.54006086945587,24.373225036023477]}"
2584_0,0.35,0.09380822,7.01,0.89,43.42,0.1114452,96.81,22.32,381,0.24277261,0.47,14.6,0.11510548,7.97,0.24558356,0.16907534,-2.19479099882247,2.22,22.376602,237,243,"5/13/24, 12:00 AM",DUMKA,106,2024-12-31,5.74,3.5241098,411,417,352,341,7.972281,2024-01-01,30.305542857142864,Dumaria Bahiyar,"{""geodesic"":false,""type"":""Point"",""coordinates"":[87.53979137487065,24.373494530608713]}"
2585_0,0.81,0.062554285,9.41,0.63,10.15,0.09296,129.12,29.24,278,0.27013713,0.67,6.94,0.10296857,8.97,0.26884285,0.18862571,0.27391288110246637,2.34,270.0,214,230,"5/20/24, 12:00 AM",DUMKA,251,2024-12-31,4.95,3.3341472,410,399,375,371,1.0187206,2024-01-01,30.236514285714286,Karma,"{""geodesic"":false,""type"":""Point"",""coordinates"":[86.92749967721477,24.44598857403716]}"
2586_0,0.65,0.08261429,2.87,0.46,74.09,0.11195429,118.47,3.436,267,0.28398,0.98,11.54,0.12677714,14.48,0.2894457,0.21989714,-2.3637714101061045,1.35,192.39056,205,223,"5/20/24, 12:00 AM",DUMKA,259,2024-12-31,4.88,3.3341472,417,404,377,373,4.7372236,2024-01-01,30.236514285714286,Karma,"{""geodesic"":false,""type"":""Point"",""coordinates"":[86.92561321511812,24.443832617355273]}"
2587_0,0.45,0.090074286,3.39,0.58,9.88,0.122065715,139.14,2.202,239,0.29638,0.69,9.94,0.14956,12.49,0.31816286,0.24671143,-1.1264955881429854,0.49,312.31363,211,228,"5/20/24, 12:00 AM",DUMKA,260,2024-12-31,5.73,3.3341472,420,407,369,365,1.3774928,2024-01-01,30.236514285714286,Karma,"{""geodesic"":false,""type"":""Point"",""coordinates"":[86.92480473136241,24.444102111940506]}"
2588_0,0.41,0.072134286,4.99,0.45,15.16,0.097642854,114.51,19.65,244,0.23342857,0.56,9.27,0.11621428,21.47,0.26944286,0.21862286,0.17977910131876387,1.69,65.5259,211,228,"5/20/24, 12:00 AM",DUMKA,261,2024-12-31,5.02,3.3341472,420,407,369,365,2.2376535,2024-01-01,30.236514285714286,Karma,"{""geodesic"":false,""type"":""Point"",""coordinates"":[86.9261522042886,24.444641101110978]}"
2589_0,0.42,0.08489143,6.11,0.78,58.62,0.113602854,107.89,26.3,368,0.24404572,0.83,17.41,0.12854858,14.48,0.2638,0.19228572,-1.5174023497960634,2.11,90.0,217,232,"5/20/24, 12:00 AM",DUMKA,255,2024-12-31,5.83,3.3341472,421,410,362,358,2.0363314,2024-01-01,30.27477777777777,Karma,"{""geodesic"":false,""type"":""Point"",""coordinates"":[86.91483343170869,24.41715265341692]}"
2590_0,0.52,0.08580286,4.02,0.88,47.55,0.11462285,76.12,5.538,258,0.25594285,0.57,9.39,0.13091429,12.49,0.2848857,0.20983428,1.6606474555557462,0.46,90.0,217,232,"5/15/24, 12:00 AM",DUMKA,257,2024-12-31,4.77,3.3341472,421,410,362,358,1.0184873,2024-01-01,30.27477777777777,Karma,"{""geodesic"":false,""type"":""Point"",""coordinates"":[86.91429444253822,24.41715265341692]}"
2591_0,0.41,0.08580286,4.21,0.96,57.53,0.11462285,118.47,0.484,384,0.25594285,0.59,16.96,0.13091429,7.47,0.2848857,0.20983428,1.6606474555557462,0.26,90.0,217,232,"5/15/24, 12:00 AM",DUMKA,257,2024-12-31,4.95,3.3341472,421,410,362,358,1.0184873,2024-01-01,30.27477777777777,Karma,"{""geodesic"":false,""type"":""Point"",""coordinates"":[86.91429444253822,24.41715265341692]}"
2592_0,0.85,0.08580286,6.89,0.63,38.45,0.11462285,96.87,13.36,281,0.25594285,0.49,9.28,0.13091429,21.47,0.2848857,0.20983428,1.6606474555557462,0.45,90.0,217,232,"5/15/24, 12:00 AM",DUMKA,257,2024-12-31,5.73,3.3341472,421,410,362,358,1.0184873,2024-01-01,30.27477777777777,Karma,"{""geodesic"":false,""type"":""Point"",""coordinates"":[86.91429444253822,24.41715265341692]}"
2593_0,0.45,0.08580286,2.1,0.64,64.59,0.11462285,64.51,0.61,240,0.25594285,0.49,18.96,0.13091429,14,0.2848857,0.20983428,1.6606474555557462,0.87,90.0,217,232,"4/30/24, 12:00 AM",DUMKA,257,2024-12-31,5.22,3.3341472,421,410,362,358,1.0184873,2024-01-01,30.27477777777777,Karma,"{""geodesic"":false,""type"":""Point"",""coordinates"":[86.91429444253822,24.41715265341692]}"
2594_0,0.78,0.08580286,5.78,0.59,59.83,0.11462285,76.12,11.26,267,0.25594285,0.48,11.54,0.13091429,13.87,0.2848857,0.20983428,1.6606474555557462,2.34,90.0,217,232,"5/15/24, 12:00 AM",DUMKA,257,2024-12-31,5.69,3.3341472,421,410,362,358,1.0184873,2024-01-01,30.27477777777777,Karma,"{""geodesic"":false,""type"":""Point"",""coordinates"":[86.91429444253822,24.41715265341692]}"
2595_0,0.54,0.06843428,2.5,0.29,46.57,0.09983715,78.12,6.31,162,0.2688343,0.71,17.26,0.11143143,12,0.2818857,0.19722857,0.9674980520193587,2.75,90.0,217,232,"4/30/24, 12:00 AM",DUMKA,257,2024-12-31,4.7,3.3341472,421,410,362,358,2.036336,2024-01-01,30.27477777777777,Karma,"{""geodesic"":false,""type"":""Point"",""coordinates"":[86.91402494795298,24.417422148002156]}"
2596_0,0.54,0.06843428,5.4,0.29,63.23,0.09983715,64.51,6.39,164,0.2688343,0.31,14,0.11143143,14,0.2818857,0.19722857,0.9674980520193587,0.65,90.0,217,232,"4/30/24, 12:00 AM",DUMKA,257,2024-12-31,4.55,3.3341472,421,410,362,358,2.036336,2024-01-01,30.27477777777777,Karma,"{""geodesic"":false,""type"":""Point"",""coordinates"":[86.91402494795298,24.417422148002156]}"
2597_0,0.48,0.06830211,5.35,0.87,93.26,0.08606127,145.34,10.15,348,0.22577253,0.89,16.96,0.09619789,16.67,0.25624296,0.17928451,0.5596346533836047,0.26,238.73595,232,252,"5/18/24, 12:00 AM",DUMKA,167,2024-12-31,5.39,3.6050391,344,336,424,411,3.5696383,2024-01-01,30.198457142857148,Katariya,"{""geodesic"":false,""type"":""Point"",""coordinates"":[87.16734985807469,24.394245613671874]}"
2598_0,0.78,0.07148944,2.87,0.46,74.09,0.09180634,118.47,3.436,267,0.25772464,0.98,11.54,0.09325634,22.78,0.26501268,0.18038099,1.215519033412195,2.34,180.0,232,252,"5/18/24, 12:00 AM",DUMKA,166,2024-12-31,4.88,3.6050391,344,336,424,411,1.8543341,2024-01-01,30.198457142857148,Katariya,"{""geodesic"":false,""type"":""Point"",""coordinates"":[87.16734985807469,24.393976119086638]}"
2599_0,0.35,0.07148944,3.39,0.58,9.88,0.09180634,139.14,2.202,239,0.25772464,0.69,9.94,0.09325634,18.48,0.26501268,0.18038099,1.215519033412195,1.08,180.0,232,252,"5/18/24, 12:00 AM",DUMKA,166,2024-12-31,5.73,3.6050391,344,336,424,411,1.8543341,2024-01-01,30.198457142857148,Katariya,"{""geodesic"":false,""type"":""Point"",""coordinates"":[87.16734985807469,24.393976119086638]}"
2600_0,0.52,0.07148944,3.65,0.53,46.55,0.09180634,96.87,21.01,238,0.25772464,0.39,26.01,0.09325634,12.49,0.26501268,0.18038099,1.215519033412195,0.49,180.0,232,252,"5/18/24, 12:00 AM",DUMKA,166,2024-12-31,4.68,3.6050391,344,336,424,411,1.8543341,2024-01-01,30.198457142857148,Katariya,"{""geodesic"":false,""type"":""Point"",""coordinates"":[87.16734985807469,24.393976119086638]}"
2601_0,0.65,0.07148944,4.07,1.03,61.33,0.09180634,76.12,20.66,230,0.25772464,0.26,16.15,0.09325634,9.47,0.26501268,0.18038099,1.215519033412195,2.22,180.0,232,252,"5/18/24, 12:00 AM",DUMKA,166,2024-12-31,5.72,3.6050391,344,336,424,411,1.8543341,2024-01-01,30.198457142857148,Katariya,"{""geodesic"":false,""type"":""Point"",""coordinates"":[87.16734985807469,24.393976119086638]}"
2602_0,0.72,0.07148944,3.25,0.65,96.34,0.09180634,113.29,14.2,245,0.25772464,0.38,11.28,0.09325634,7.47,0.26501268,0.18038099,1.215519033412195,0.47,180.0,232,252,"5/18/24, 12:00 AM",DUMKA,166,2024-12-31,5.61,3.6050391,344,336,424,411,1.8543341,2024-01-01,30.198457142857148,Katariya,"{""geodesic"":false,""type"":""Point"",""coordinates"":[87.16734985807469,24.393976119086638]}"
2603_0,0.45,0.07967714,2.45,0.36,75.83,0.11578286,162,22.9,143,0.2677457,0.53,23.59,0.13885143,9,0.31835142,0.25153428,-1.6125823435472422,0.48,65.53304,226,240,"3/24/24, 12:00 AM",DUMKA,224,2024-12-31,4.5,3.2468905,379,373,394,387,2.2382665,2024-01-01,30.27661111111111,Logain,"{""geodesic"":false,""type"":""Point"",""coordinates"":[86.93639299852755,24.486412761822535]}"
2604_0,0.46,0.08524658,6.12,0.82,26.17,0.10681096,76.34,5.83,394,0.28372192,0.25,10.24,0.11146165,16.67,0.27765343,0.19154246,-2.441635878444652,0.13,63.15867,237,243,"5/13/24, 12:00 AM",DUMKA,105,2024-12-31,5.8,3.5241098,411,417,352,341,10.162795,2024-01-01,30.305542857142864,Jarmundi Chhit,"{""geodesic"":false,""type"":""Point"",""coordinates"":[87.54006086945587,24.373225036023477]}"
2605_0,0.69,0.088723525,3.23,0.76,78.13,0.11334412,156,8.34,173,0.27399558,0.37,11.396,0.14481029,14,0.35077646,0.27063236,-0.12961329787237852,2.45,270.0,210,226,"3/24/24, 12:00 AM",DUMKA,237,2024-12-31,4.84,3.531301,420,410,371,364,1.0177183,2024-01-01,30.276722222222215,Jartal,"{""geodesic"":false,""type"":""Point"",""coordinates"":[86.99406483976803,24.32175157024343]}"
2606_0,0.43,0.07215931,6.11,0.78,58.62,0.09566483,107.89,26.3,368,0.24375518,0.83,17.41,0.109848276,8.89,0.2781,0.21840759,-1.5547735045376232,0.39,28.757845,214,232,"6/24/24, 12:00 AM",DUMKA,227,2024-12-31,5.83,3.531301,402,388,384,380,2.1150017,2024-01-01,30.27361111111111,Bhorandih,"{""geodesic"":false,""type"":""Point"",""coordinates"":[86.99595130186468,24.344389115403242]}"
2607_0,0.82,0.07319058,2.12,0.63,45.23,0.10464348,119.57,3.178,263,0.27766377,0.67,18.46,0.11861739,9.47,0.29034057,0.20958406,-2.235634581965155,0.45,77.174644,224,237,"5/28/24, 12:00 AM",DUMKA,231,2024-12-31,4.95,3.4005349,392,383,384,380,4.1708794,2024-01-01,30.26283333333334,Jhanakpur,"{""geodesic"":false,""type"":""Point"",""coordinates"":[86.9811290996767,24.40610337542225]}"
2608_0,0.48,0.053561863,2.12,0.43,45.23,0.07173051,119.57,3.178,263,0.23290677,0.47,18.76,0.06597712,8.97,0.20210339,0.1300678,4.225723615599451,1.79,47.678707,222,240,"6/8/24, 12:00 AM",DUMKA,231,2024-12-31,5.69,3.4005349,393,379,385,382,2.7529912,2024-01-01,30.234400000000004,Banwara,"{""geodesic"":false,""type"":""Point"",""coordinates"":[86.96927133792633,24.41014579420079]}"
2609_0,0.45,0.07470853,6.11,0.51,58.62,0.10017372,107.89,26.3,368,0.2764983,0.43,17.41,0.10527406,12,0.265528,0.18217508,2.4850018137680703,1.35,132.32399,217,233,"6/22/24, 12:00 AM",DUMKA,205,2024-12-31,5.77,3.5921476,413,402,370,366,1.3772193,2024-01-01,30.2712,Kherwa,"{""geodesic"":false,""type"":""Point"",""coordinates"":[87.0547011214461,24.398288032450413]}"
2610_0,0.58,0.071923405,4.12,0.31,82.16,0.09579539,126.33,4.15,389,0.24545744,0.52,14.51,0.10098227,18.65,0.2360539,0.16213971,-2.1168018076429207,2.17,-0.0,212,228,"6/22/24, 12:00 AM",DUMKA,194,2024-12-31,5.73,3.502762,391,381,397,391,3.7047918,2024-01-01,30.25016666666667,Kherwa,"{""geodesic"":false,""type"":""Point"",""coordinates"":[87.06952332363407,24.41122377254173]}"
2619_0,0.85,0.09284,4.12,0.98,82.16,0.12092,126.33,4.158,389,0.29007715,0.85,14.51,0.1387,8.46,0.3189257,0.24108571,-0.45711032844447147,0.81,208.77666,211,227,"5/21/24, 12:00 AM",DUMKA,254,2024-12-31,5.02,3.3341472,419,407,370,365,2.1153827,2024-01-01,30.236514285714286,Bhalua,"{""geodesic"":false,""type"":""Point"",""coordinates"":[86.9307336122376,24.44275463901433]}"
2620_0,0.62,0.09149143,2.87,0.46,74.09,0.11734286,118.47,3.436,267,0.27502573,0.98,11.54,0.13305715,8.46,0.29644856,0.22132857,-1.555724920219755,2.22,208.77672,211,227,"5/21/24, 12:00 AM",DUMKA,255,2024-12-31,4.88,3.3341472,419,407,370,365,2.1153836,2024-01-01,30.236514285714286,Bhalua,"{""geodesic"":false,""type"":""Point"",""coordinates"":[86.9307336122376,24.443024133599565]}"
2621_0,0.81,0.09149143,4.03,0.43,90.91,0.11734286,140.56,22.66,243,0.27502573,0.38,8.32,0.13305715,13.87,0.29644856,0.22132857,-1.555724920219755,0.39,208.77672,211,227,"5/20/24, 12:00 AM",DUMKA,255,2024-12-31,5.73,3.3341472,419,407,370,365,2.1153836,2024-01-01,30.236514285714286,Bhalua,"{""geodesic"":false,""type"":""Point"",""coordinates"":[86.9307336122376,24.443024133599565]}"
2622_0,0.46,0.09149143,4.88,0.95,8.012,0.11734286,114.51,14.5,371,0.27502573,0.59,10.32,0.13305715,15.45,0.29644856,0.22132857,-1.555724920219755,2.2,208.77672,211,227,"5/20/24, 12:00 AM",DUMKA,255,2024-12-31,5.52,3.3341472,419,407,370,365,2.1153836,2024-01-01,30.236514285714286,Bhalua,"{""geodesic"":false,""type"":""Point"",""coordinates"":[86.9307336122376,24.443024133599565]}"
2623_0,0.52,0.09149143,5.09,0.97,50.56,0.11734286,165.01,2.74,369,0.27502573,0.79,17.23,0.13305715,14.48,0.29644856,0.22132857,-1.555724920219755,0.13,208.77672,211,227,"5/20/24, 12:00 AM",DUMKA,255,2024-12-31,5.08,3.3341472,419,407,370,365,2.1153836,2024-01-01,30.236514285714286,Bhalua,"{""geodesic"":false,""type"":""Point"",""coordinates"":[86.9307336122376,24.443024133599565]}"
2624_0,0.49,0.06400376,2.45,0.95,38.34,0.09503158,160.5,37.6,203,0.3136421,0.31,8.26,0.10694511,15.49,0.26747894,0.19619624,-1.6114386298071728,0.99,294.48056,226,242,"6/25/24, 12:00 AM",DUMKA,242,2024-12-31,5.68,3.4005349,391,379,383,379,2.2370992,2024-01-01,30.266333333333325,Baghmari,"{""geodesic"":false,""type"":""Point"",""coordinates"":[86.9765476917277,24.40691185917796]}"
2625_0,0.5,0.08094173,2.87,0.52,74.09,0.112460434,118.47,3.436,267,0.2788885,0.56,11.54,0.13511151,8.67,0.32988706,0.24993525,-1.6114220212170158,0.19,65.51929,224,237,"6/8/24, 12:00 AM",DUMKA,233,2024-12-31,5.73,3.4005349,392,383,384,380,2.237087,2024-01-01,30.266333333333325,Dumriakalan,"{""geodesic"":false,""type"":""Point"",""coordinates"":[86.98085960509147,24.40610337542225]}"
2626_0,0.78,0.07746389,4.88,0.56,8.012,0.103758335,114.51,14.5,371,0.24793056,0.37,10.32,0.10854722,15.45,0.24709722,0.17486112,-1.126333590500412,0.81,47.683353,214,231,"6/24/24, 12:00 AM",DUMKA,245,2024-12-31,5.79,3.3341472,403,391,382,378,2.753236,2024-01-01,30.259999999999998,Tilwamarni,"{""geodesic"":false,""type"":""Point"",""coordinates"":[86.92561321511812,24.43089687726395]}"
2627_0,0.35,0.056942858,5.21,1.04,80.81,0.07962572,140.56,17.54,218,0.2192057,0.39,25.23,0.10172571,7.47,0.26299715,0.21124572,-1.9238521359525778,2.34,270.0,223,239,"6/25/24, 12:00 AM",DUMKA,228,2024-12-31,5.04,3.2468905,386,376,390,385,3.0544028,2024-01-01,30.278500000000008,Gadi Kamardiha,"{""geodesic"":false,""type"":""Point"",""coordinates"":[86.94151339564704,24.47967539719164]}"
2628_0,0.32,0.06696667,7.01,0.89,43.42,0.09712778,96.81,22.32,208,0.2856778,0.47,14.6,0.100819446,13.47,0.26273334,0.194075,-2.846862104297525,1.08,15.359944,223,239,"6/25/24, 12:00 AM",DUMKA,224,2024-12-31,5.74,3.2468905,386,376,390,385,7.649011,2024-01-01,30.278500000000008,Gadi Kamardiha,"{""geodesic"":false,""type"":""Point"",""coordinates"":[86.94205238481752,24.480214386362114]}"
2629_0,0.8,0.06580833,3.29,0.27,61.45,0.0951,159.2,13.21,229,0.27016944,0.35,10.32,0.09965833,8.89,0.2529861,0.18849444,-0.34206899154077997,2.78,349.62244,223,239,"6/25/24, 12:00 AM",DUMKA,220,2024-12-31,5.63,3.2468905,386,376,390,385,5.6392107,2024-01-01,30.278500000000008,Gadi Kamardiha,"{""geodesic"":false,""type"":""Point"",""coordinates"":[86.94232187940274,24.480483880947347]}"
2630_0,0.35,0.06728333,4.62,0.37,2.42,0.09633889,154.6,10.64,304,0.2815361,0.41,8.39,0.09865833,8.67,0.25433332,0.18685555,-0.8629360352656057,3.14,28.783962,223,239,"6/25/24, 12:00 AM",DUMKA,218,2024-12-31,5.55,3.2468905,386,376,390,385,2.1155307,2024-01-01,30.278500000000008,Gadi Kamardiha,"{""geodesic"":false,""type"":""Point"",""coordinates"":[86.94205238481752,24.480753375532583]}"
2631_0,0.41,0.065177776,3.25,0.39,96.34,0.09572778,113.29,14.2,245,0.27736667,0.53,11.28,0.09776945,12.49,0.2573611,0.18799445,-1.8461561814521468,1.79,10.377567,223,239,"6/25/24, 12:00 AM",DUMKA,220,2024-12-31,5.17,3.2468905,386,376,390,385,5.6392107,2024-01-01,30.278500000000008,Gadi Kamardiha,"{""geodesic"":false,""type"":""Point"",""coordinates"":[86.94205238481752,24.480483880947347]}"
2633_0,0.65,0.07716434,5.34,0.42,35.38,0.10726993,140.56,3.354,280,0.2990175,0.85,8.58,0.1278944,11.57,0.31426993,0.22738251,-0.8616347419499386,0.45,28.758057,214,232,"6/24/24, 12:00 AM",DUMKA,222,2024-12-31,4.87,3.531301,402,388,384,380,2.115006,2024-01-01,30.27361111111111,Bhorandih,"{""geodesic"":false,""type"":""Point"",""coordinates"":[86.99622079644992,24.345467093744183]}"
2634_0,0.45,0.07215931,2.87,0.46,74.09,0.09566483,118.47,3.436,267,0.24375518,0.98,11.54,0.109848276,9.34,0.2781,0.21840759,-1.5547735045376232,2.14,28.757845,214,232,"6/24/24, 12:00 AM",DUMKA,227,2024-12-31,4.88,3.531301,402,388,384,380,2.1150017,2024-01-01,30.27361111111111,Bhorandih,"{""geodesic"":false,""type"":""Point"",""coordinates"":[86.99595130186468,24.344389115403242]}"
2635_0,0.82,0.073995836,2.12,0.43,45.23,0.09361319,119.57,3.178,263,0.2525403,0.47,18.76,0.09775764,13.87,0.26641318,0.18270764,2.931193154152439,3.14,221.29317,205,217,"6/24/24, 12:00 AM",DUMKA,206,2024-12-31,5.73,3.4028583,395,388,400,395,6.1485114,2024-01-01,30.242514285714286,Bhorandih,"{""geodesic"":false,""type"":""Point"",""coordinates"":[87.01535491200167,24.378345433142957]}"
2636_0,0.57,0.07319058,9.41,0.98,10.15,0.10464348,129.12,29.24,278,0.27766377,0.85,6.94,0.11861739,16.46,0.29034057,0.20958406,-2.235634581965155,0.13,77.174644,224,237,"5/28/24, 12:00 AM",DUMKA,231,2024-12-31,5.02,3.4005349,392,383,384,380,4.1708794,2024-01-01,30.26283333333334,Jhanakpur,"{""geodesic"":false,""type"":""Point"",""coordinates"":[86.9811290996767,24.40610337542225]}"
2637_0,0.82,0.07470853,4.01,0.72,29.67,0.10017372,150.06,32.8,388,0.2764983,0.55,16.68,0.10527406,7.47,0.265528,0.18217508,2.4850018137680703,2.22,132.32399,217,233,"6/22/24, 12:00 AM",DUMKA,205,2024-12-31,5.52,3.5921476,413,402,370,366,1.3772193,2024-01-01,30.2712,Kherwa,"{""geodesic"":false,""type"":""Point"",""coordinates"":[87.0547011214461,24.398288032450413]}"
2638_0,0.78,0.07470853,4,0.56,8.01,0.10017372,114.51,14.5,371,0.2764983,0.37,10.32,0.10527406,18.67,0.265528,0.18217508,2.4850018137680703,0,132.32399,217,233,"6/22/24, 12:00 AM",DUMKA,205,2024-12-31,5.79,3.5921476,413,402,370,366,1.3772193,2024-01-01,30.2712,Kherwa,"{""geodesic"":false,""type"":""Point"",""coordinates"":[87.0547011214461,24.398288032450413]}"
2639_0,0.35,0.071923405,3.65,0.52,64,0.09579539,128.12,35.2,385,0.24545744,0.59,19.15,0.10098227,8.97,0.2360539,0.16213971,-2.1168018076429207,0.56,-0.0,212,228,"6/22/24, 12:00 AM",DUMKA,194,2024-12-31,5.83,3.502762,391,381,397,391,3.7047918,2024-01-01,30.25016666666667,Kherwa,"{""geodesic"":false,""type"":""Point"",""coordinates"":[87.06952332363407,24.41122377254173]}"
2640_0,0.46,0.071923405,2,0.71,63.27,0.09579539,106.77,0.48,358,0.24545744,0.53,13.37,0.10098227,21,0.2360539,0.16213971,-2.1168018076429207,0.78,-0.0,212,228,"6/22/24, 12:00 AM",DUMKA,194,2024-12-31,5.63,3.502762,391,381,397,391,3.7047918,2024-01-01,30.25016666666667,Kherwa,"{""geodesic"":false,""type"":""Point"",""coordinates"":[87.06952332363407,24.41122377254173]}"
2641_0,0.46,0.06466165,2,0.61,38.62,0.08545592,100.11,9.26,361,0.23865126,0.61,18.51,0.0857785,16.67,0.21919534,0.14924732,-0.43003436363698305,0.23,278.62994,215,227,"6/22/24, 12:00 AM",DUMKA,196,2024-12-31,5.59,3.502762,389,381,396,392,6.1573195,2024-01-01,30.25016666666667,Kherwa,"{""geodesic"":false,""type"":""Point"",""coordinates"":[87.0652114102703,24.408528826689373]}"
2643_0,0.58,0.053561863,5.09,0.44,50.56,0.07173051,165.01,2.74,368,0.23290677,0.71,17.23,0.06597712,9.47,0.20210339,0.1300678,4.225723615599451,2.42,47.678707,222,240,"6/4/24, 12:00 AM",DUMKA,231,2024-12-31,5.83,3.4005349,393,379,385,382,2.7529912,2024-01-01,30.234400000000004,Chadna,"{""geodesic"":false,""type"":""Point"",""coordinates"":[86.96927133792633,24.41014579420079]}"
2644_0,0.45,0.09284,5.23,0.31,103.18,0.12092,113.29,31.4,265,0.29007715,0.63,6.34,0.1387,9.34,0.3189257,0.24108571,-0.45711032844447147,0.39,208.77666,211,227,"5/21/24, 12:00 AM",DUMKA,254,2024-12-31,4.95,3.3341472,419,407,370,365,2.1153827,2024-01-01,30.236514285714286,Bhalua,"{""geodesic"":false,""type"":""Point"",""coordinates"":[86.9307336122376,24.44275463901433]}"
2645_0,0.81,0.08160857,6.11,0.78,58.62,0.104745716,107.89,26.3,368,0.25359428,0.83,17.41,0.11659143,7.47,0.27818,0.20513715,-1.6119615249029287,3.14,114.47434,211,227,"5/21/24, 12:00 AM",DUMKA,256,2024-12-31,5.83,3.3341472,419,407,370,365,2.2376332,2024-01-01,30.236514285714286,Bhalua,"{""geodesic"":false,""type"":""Point"",""coordinates"":[86.93046411765236,24.4432936281848]}"
2646_0,0.53,0.09443143,2.45,0.92,38.34,0.12030857,115.31,37.6,376,0.2857343,0.57,15.08,0.14662,18.67,0.2958743,0.21993428,-1.4660360638451362,2.2,241.35553,211,227,"5/21/24, 12:00 AM",DUMKA,256,2024-12-31,5.47,3.3341472,419,407,370,365,5.784663,2024-01-01,30.236514285714286,Bhalua,"{""geodesic"":false,""type"":""Point"",""coordinates"":[86.93100310682284,24.44275463901433]}"
2647_0,0.41,0.08992286,3.65,0.89,64.89,0.11965143,128.12,35.2,358,0.27875715,0.51,19.15,0.14204857,16.67,0.32231143,0.24780571,-1.5557259355047814,0.13,208.77681,211,227,"5/21/24, 12:00 AM",DUMKA,257,2024-12-31,5.02,3.3341472,419,407,370,365,2.1153858,2024-01-01,30.236514285714286,Bhalua,"{""geodesic"":false,""type"":""Point"",""coordinates"":[86.9307336122376,24.443563122770037]}"
2648_0,0.46,0.09149143,1.64,0.58,26.1,0.11734286,145.34,12.36,232,0.27502573,0.26,8.72,0.13305715,14.65,0.29644856,0.22132857,-1.555724920219755,0.19,208.77672,211,227,"5/20/24, 12:00 AM",DUMKA,255,2024-12-31,4.88,3.3341472,419,407,370,365,2.1153836,2024-01-01,30.236514285714286,Bhalua,"{""geodesic"":false,""type"":""Point"",""coordinates"":[86.9307336122376,24.443024133599565]}"
2649_0,0.52,0.07582932,5.23,0.71,103.18,0.10917744,140.17,31.4,242,0.2877466,0.29,13.34,0.13799098,8.97,0.30845714,0.23134586,-1.1260709931696538,0.19,132.32155,232,246,"6/25/24, 12:00 AM",DUMKA,245,2024-12-31,5.5,3.4005349,391,380,378,374,1.3772839,2024-01-01,30.236444444444444,Baghmari,"{""geodesic"":false,""type"":""Point"",""coordinates"":[86.97924263758006,24.409067815859846]}"
2650_0,0.46,0.06400376,4.01,0.56,29.67,0.09503158,141.95,32.8,205,0.3136421,0.39,6.35,0.10694511,8.46,0.26747894,0.19619624,-1.6114386298071728,0.54,294.48056,226,242,"6/25/24, 12:00 AM",DUMKA,242,2024-12-31,5.58,3.4005349,391,379,383,379,2.2370992,2024-01-01,30.266333333333325,Baghmari,"{""geodesic"":false,""type"":""Point"",""coordinates"":[86.9765476917277,24.40691185917796]}"
2651_0,0.41,0.047289208,2.68,0.96,38.62,0.06628201,100.11,9.26,361,0.27057123,0.67,18.51,0.05954676,8.97,0.20455612,0.1222259,-0.918252939032335,0.45,114.481094,225,238,"6/10/24, 12:00 AM",DUMKA,239,2024-12-31,5.13,3.4005349,393,384,382,378,2.2370543,2024-01-01,30.266333333333325,Dumriakalan,"{""geodesic"":false,""type"":""Point"",""coordinates"":[86.97924263758006,24.403947418740366]}"
2652_0,0.62,0.047289208,4.21,1.03,57.53,0.06628201,128.12,0.484,225,0.27057123,0.26,9.39,0.05954676,14.48,0.20455612,0.1222259,-0.918252939032335,0.13,114.481094,225,238,"6/8/24, 12:00 AM",DUMKA,239,2024-12-31,5.72,3.4005349,393,384,382,378,2.2370543,2024-01-01,30.266333333333325,Dumriakalan,"{""geodesic"":false,""type"":""Point"",""coordinates"":[86.97924263758006,24.403947418740366]}"
2653_0,0.72,0.07319058,5.71,0.93,60.54,0.10464348,153.2,9.85,276,0.27766377,0.48,8.38,0.11861739,11.57,0.29034057,0.20958406,-2.235634581965155,1.69,77.174644,224,237,"6/8/24, 12:00 AM",DUMKA,231,2024-12-31,5.51,3.4005349,392,383,384,380,4.1708794,2024-01-01,30.26283333333334,Dumriakalan,"{""geodesic"":false,""type"":""Point"",""coordinates"":[86.9811290996767,24.40610337542225]}"
2654_0,0.39,0.08094173,3.39,0.46,9.88,0.112460434,139.14,2.202,239,0.2788885,0.98,9.94,0.13511151,15.49,0.32988706,0.24993525,-1.6114220212170158,0.14,65.51929,224,237,"6/8/24, 12:00 AM",DUMKA,233,2024-12-31,4.88,3.4005349,392,383,384,380,2.237087,2024-01-01,30.266333333333325,Dumriakalan,"{""geodesic"":false,""type"":""Point"",""coordinates"":[86.98085960509147,24.40610337542225]}"
2655_0,0.65,0.07319058,5.34,0.37,35.38,0.10464348,140.56,3.354,280,0.27766377,0.58,8.58,0.11861739,15.67,0.29034057,0.20958406,-2.235634581965155,0.45,77.174644,224,237,"6/8/24, 12:00 AM",DUMKA,231,2024-12-31,5.53,3.4005349,392,383,384,380,4.1708794,2024-01-01,30.26283333333334,Dumriakalan,"{""geodesic"":false,""type"":""Point"",""coordinates"":[86.9811290996767,24.40610337542225]}"
2656_0,0.58,0.07319058,2.68,0.61,38.62,0.10464348,100.11,9.26,361,0.27766377,0.61,18.51,0.11861739,8.46,0.29034057,0.20958406,-2.235634581965155,2.17,77.174644,224,237,"6/8/24, 12:00 AM",DUMKA,231,2024-12-31,5.59,3.4005349,392,383,384,380,4.1708794,2024-01-01,30.26283333333334,Dumriakalan,"{""geodesic"":false,""type"":""Point"",""coordinates"":[86.9811290996767,24.40610337542225]}"
2657_0,0.81,0.08094173,4.07,0.42,61.33,0.112460434,76.12,20.66,230,0.2788885,0.61,16.15,0.13511151,18.65,0.32988706,0.24993525,-1.6114220212170158,0.99,65.51929,224,237,"6/8/24, 12:00 AM",DUMKA,233,2024-12-31,5.58,3.4005349,392,383,384,380,2.237087,2024-01-01,30.266333333333325,Dumriakalan,"{""geodesic"":false,""type"":""Point"",""coordinates"":[86.98085960509147,24.40610337542225]}"
2658_0,0.82,0.07181667,5.23,0.27,103.18,0.101623915,113.29,31.4,265,0.28998116,0.56,6.34,0.12486159,8.46,0.33613986,0.24241957,-1.819177853287869,0.99,132.3223,224,237,"5/29/24, 12:00 AM",DUMKA,233,2024-12-31,5.63,3.4005349,392,383,384,380,2.7529383,2024-01-01,30.26283333333334,Amri,"{""geodesic"":false,""type"":""Point"",""coordinates"":[86.98085960509147,24.405833880837015]}"
2659_0,0.78,0.07181667,4.58,0.31,67.45,0.101623915,128.12,3.32,348,0.28998116,0.63,11.38,0.12486159,15.47,0.33613986,0.24241957,-1.819177853287869,0.54,132.3223,224,237,"5/29/24, 12:00 AM",DUMKA,233,2024-12-31,4.95,3.4005349,392,383,384,380,2.7529383,2024-01-01,30.26283333333334,Amri,"{""geodesic"":false,""type"":""Point"",""coordinates"":[86.98085960509147,24.405833880837015]}"
2660_0,0.53,0.06843056,5.47,0.37,47.12,0.10126667,98.63,4.892,243,0.2599778,0.71,4.36,0.135875,21.47,0.3234639,0.2484111,-1.612343449642385,2.54,294.46976,231,243,"6/25/24, 12:00 AM",DUMKA,230,2024-12-31,5.07,3.3529615,391,380,379,377,2.2380252,2024-01-01,30.283777777777775,Dhandih,"{""geodesic"":false,""type"":""Point"",""coordinates"":[86.95202368447124,24.46997359212315]}"
2661_0,0.78,0.09009167,4.53,0.39,10.15,0.11925278,115.31,1.512,258,0.26043054,0.89,8.15,0.14517222,16.67,0.31705278,0.2473639,-1.0644446841464377,3.14,100.31733,228,240,"6/25/24, 12:00 AM",DUMKA,229,2024-12-31,5.64,3.3529615,388,378,384,381,5.1645927,2024-01-01,30.29877777777778,Dhandih,"{""geodesic"":false,""type"":""Point"",""coordinates"":[86.9509457061303,24.46485319500367]}"
2662_0,0.46,0.070465714,6.47,0.65,18.31,0.09783429,149.36,5.39,216,0.28499427,0.59,23.01,0.104977146,18.65,0.27534857,0.20158571,-0.7310441228860881,1.35,-0.0,228,243,"6/25/24, 12:00 AM",DUMKA,227,2024-12-31,6.05,3.2468905,382,371,390,385,1.8543341,2024-01-01,30.278500000000008,Gadi Kamardiha,"{""geodesic"":false,""type"":""Point"",""coordinates"":[86.94259137398798,24.47967539719164]}"
2663_0,0.65,0.077748574,3.65,0.89,64.89,0.11404857,128.12,35.2,385,0.30632284,0.51,19.15,0.13773143,13.87,0.32207143,0.25287142,-0.028296151650796325,0.54,47.694107,228,240,"6/24/24, 12:00 AM",DUMKA,234,2024-12-31,5.02,3.2468905,390,382,381,378,1.3776971,2024-01-01,30.278500000000008,Gadi Kamardiha,"{""geodesic"":false,""type"":""Point"",""coordinates"":[86.94259137398798,24.47832792426546]}"
2664_0,0.45,0.05052857,2.87,0.52,74.09,0.07566571,118.47,3.436,267,0.24566571,0.56,11.54,0.08385429,18.48,0.23771429,0.17096858,-2.4968414127459058,0.39,290.00427,231,245,"6/21/24, 12:00 AM",DUMKA,243,2024-12-31,5.73,3.2468905,389,379,380,376,5.4063935,2024-01-01,30.278500000000008,Gadi Kamardiha,"{""geodesic"":false,""type"":""Point"",""coordinates"":[86.94420834149939,24.47590247299834]}"
2665_0,0.42,0.05052857,2.12,0.53,45.23,0.07566571,119.57,3.178,263,0.24566571,0.52,18.76,0.08385429,12.49,0.23771429,0.17096858,-2.4968414127459058,2.42,290.00427,231,245,"6/20/24, 12:00 AM",DUMKA,243,2024-12-31,5.63,3.2468905,389,379,380,376,5.4063935,2024-01-01,30.278500000000008,Gadi Kamardiha,"{""geodesic"":false,""type"":""Point"",""coordinates"":[86.94420834149939,24.47590247299834]}"
2666_0,0.65,0.083775185,2.78,0.27,12.77,0.1298087,119.57,30.5,261,0.2865145,0.55,8.2,0.13820942,16.67,0.30562463,0.21574855,1.6850305064741813,1.08,114.488075,216,231,"5/17/24, 12:00 AM",DUMKA,170,2024-12-31,5.28,3.58974,390,381,394,388,2.2364566,2024-01-01,30.226555555555553,Uparbahiar,"{""geodesic"":false,""type"":""Point"",""coordinates"":[87.11398993019799,24.362984241784513]}"
2667_0,0.39,0.073674284,3.65,0.95,64.89,0.09207143,128.12,35.2,385,0.23681715,0.59,19.15,0.101534285,12.49,0.28981143,0.23925143,-1.611662379187354,1.79,245.5221,221,234,"5/29/24, 12:00 AM",DUMKA,264,2024-12-31,5.52,3.3341472,416,405,363,361,2.2373273,2024-01-01,30.249085714285716,Paharpur,"{""geodesic"":false,""type"":""Point"",""coordinates"":[86.91968433424293,24.42254254512164]}"
2668_0,0.75,0.073674284,2.15,0.63,35.81,0.09207143,98.63,17.12,281,0.23681715,0.67,9.28,0.101534285,15.49,0.28981143,0.23925143,-1.611662379187354,1.08,245.5221,221,234,"5/28/24, 12:00 AM",DUMKA,264,2024-12-31,4.95,3.3341472,416,405,363,361,2.2373273,2024-01-01,30.249085714285716,Paharpur,"{""geodesic"":false,""type"":""Point"",""coordinates"":[86.91968433424293,24.42254254512164]}"
2669_0,0.45,0.0914,4.02,0.77,26.53,0.11336,152.56,1.304,225,0.22119142,0.8,19.46,0.13827714,18.48,0.2875457,0.23809429,-1.8925688502171856,1.69,159.88484,232,242,"6/25/24, 12:00 AM",DUMKA,237,2024-12-31,5.61,3.2468905,390,383,378,374,2.9605818,2024-01-01,30.28788888888889,Kairbank,"{""geodesic"":false,""type"":""Point"",""coordinates"":[86.93693198769803,24.476710956754047]}"
2670_0,0.32,0.077005714,4.12,0.87,82.16,0.106142856,208.6,4.158,198,0.25112286,0.59,20.21,0.12582572,15.47,0.2922343,0.22345714,-2.2254822387266886,2.04,132.30672,228,242,"6/25/24, 12:00 AM",DUMKA,240,2024-12-31,5.96,3.2468905,390,382,381,376,4.1266727,2024-01-01,30.283333333333328,Kairbank,"{""geodesic"":false,""type"":""Point"",""coordinates"":[86.93612350394233,24.474824494657394]}"
2671_0,0.85,0.053561863,3.65,0.49,46.55,0.07173051,96.87,21.01,238,0.23290677,0.69,26.01,0.06597712,15.49,0.20210339,0.1300678,4.225723615599451,1.35,47.678707,222,240,"6/4/24, 12:00 AM",DUMKA,231,2024-12-31,5.52,3.4005349,393,379,385,382,2.7529912,2024-01-01,30.234400000000004,Daldali,"{""geodesic"":false,""type"":""Point"",""coordinates"":[86.96927133792633,24.41014579420079]}"
2672_0,0.57,0.05040254,6.59,0.37,47.85,0.07012288,128.12,15.66,274,0.24121949,0.68,10.59,0.059537288,12.49,0.1971034,0.122564405,5.22081278856965,0.47,270.0,222,240,"6/4/24, 12:00 AM",DUMKA,231,2024-12-31,5.46,3.4005349,393,379,385,382,1.0184313,2024-01-01,30.234400000000004,Daldali,"{""geodesic"":false,""type"":""Point"",""coordinates"":[86.96954083251157,24.41014579420079]}"
2673_0,0.45,0.07438813,5.62,0.32,42.32,0.10647203,175.53,15.47,277,0.25776103,0.51,11.06,0.12069661,8.89,0.25984237,0.18938136,4.225723615599451,0.78,47.678707,226,243,"6/4/24, 12:00 AM",DUMKA,231,2024-12-31,4.73,3.4005349,395,381,379,376,2.7529912,2024-01-01,30.234400000000004,Daldali,"{""geodesic"":false,""type"":""Point"",""coordinates"":[86.96927133792633,24.410415288786027]}"
2674_0,0.82,0.053561863,4.21,0.41,57.53,0.07173051,128.12,0.484,225,0.23290677,0.63,9.39,0.06597712,9.34,0.20210339,0.1300678,4.225723615599451,2.17,47.678707,222,240,"6/4/24, 12:00 AM",DUMKA,231,2024-12-31,5.13,3.4005349,393,379,385,382,2.7529912,2024-01-01,30.234400000000004,Daldali,"{""geodesic"":false,""type"":""Point"",""coordinates"":[86.96927133792633,24.41014579420079]}"
2675_0,0.53,0.053561863,6.11,0.78,58.62,0.07173051,107.89,26.3,368,0.23290677,0.83,17.41,0.06597712,8.46,0.20210339,0.1300678,4.225723615599451,2.11,47.678707,222,240,"5/29/24, 12:00 AM",DUMKA,231,2024-12-31,5.83,3.4005349,393,379,385,382,2.7529912,2024-01-01,30.234400000000004,Daldali,"{""geodesic"":false,""type"":""Point"",""coordinates"":[86.96927133792633,24.41014579420079]}"
2676_0,0.85,0.07438813,4.21,1.03,57.53,0.10647203,128.12,0.484,225,0.25776103,0.26,9.39,0.12069661,7.47,0.25984237,0.18938136,4.225723615599451,2.22,47.678707,226,243,"5/29/24, 12:00 AM",DUMKA,231,2024-12-31,5.72,3.4005349,395,381,379,376,2.7529912,2024-01-01,30.234400000000004,Daldali,"{""geodesic"":false,""type"":""Point"",""coordinates"":[86.96927133792633,24.410415288786027]}"
2677_0,0.45,0.07040267,9.14,0.25,45.66,0.093912,128.12,27.68,225,0.28050932,0.59,8.26,0.099430665,21.47,0.25512,0.17002666,5.269773452951253,1.69,47.669304,234,242,"5/13/24, 12:00 AM",DUMKA,97,2024-12-31,5.79,3.5241098,418,422,348,335,2.752496,2024-01-01,30.299166666666665,Daldali,"{""geodesic"":false,""type"":""Point"",""coordinates"":[87.54518126657536,24.36864362807447]}"
2678_0,0.42,0.08107361,3.86,0.49,49.45,0.1008875,107.89,10.95,243,0.2748736,0.65,8.32,0.103618056,9.47,0.28944582,0.19620417,-0.31111805017968513,2.22,90.0,184,194,"5/14/24, 12:00 AM",DUMKA,157,2024-12-31,5.53,3.5459766,420,423,395,383,3.0493577,2024-01-01,30.222833333333337,Dhobarna,"{""geodesic"":false,""type"":""Point"",""coordinates"":[87.3597689919331,24.27027810446338]}"
2679_0,0.35,0.06853283,9.21,0.49,78.62,0.096537314,76.34,10.2,279,0.26252836,0.57,11.48,0.1286582,16.67,0.31781492,0.24056567,-1.5562233178799636,1.35,151.21326,225,243,"5/14/24, 12:00 AM",DUMKA,197,2024-12-31,4.86,3.6808677,378,371,397,385,2.115587,2024-01-01,30.278399999999998,Kusmaha,"{""geodesic"":false,""type"":""Point"",""coordinates"":[87.30101917235167,24.495306083135322]}"
2680_0,0.8,0.04412969,5.14,0.63,55.06,0.06295,150.06,17.65,232,0.25725624,0.67,22.21,0.057345312,15.49,0.19670469,0.12005938,-0.22639436794655018,2.42,114.465614,219,236,"5/14/24, 12:00 AM",DUMKA,198,2024-12-31,4.95,3.6432247,372,367,409,396,4.46995,2024-01-01,30.277828571428568,Kusmaha,"{""geodesic"":false,""type"":""Point"",""coordinates"":[87.29643776440267,24.494228104794377]}"
2681_0,0.35,0.07115672,6.12,0.59,26.12,0.098167166,114.51,6.1,268,0.25563136,0.71,15.35,0.12970747,8.46,0.32254627,0.24167164,-2.4029753434849064,0.99,235.6866,223,242,"5/14/24, 12:00 AM",DUMKA,196,2024-12-31,5.58,3.6808677,381,375,396,384,4.923763,2024-01-01,30.278399999999998,Kusmaha,"{""geodesic"":false,""type"":""Point"",""coordinates"":[87.3004801831812,24.495306083135322]}"
2682_0,0.42,0.06999701,2.87,0.72,74.09,0.09657164,145.34,3.436,275,0.25047612,0.65,11.54,0.13030747,8.46,0.3096821,0.22981343,-1.4243187084243223,2.2,-0.0,225,243,"5/14/24, 12:00 AM",DUMKA,197,2024-12-31,5.71,3.6808677,378,371,397,385,1.8543341,2024-01-01,30.278399999999998,Kusmaha,"{""geodesic"":false,""type"":""Point"",""coordinates"":[87.30101917235167,24.495575577720555]}"
2683_0,0.42,0.06553881,2.87,0.72,74.09,0.0894597,145.34,3.436,275,0.25271195,0.65,11.54,0.11117313,8.46,0.30285522,0.2189597,-2.4029753434849064,2.2,124.3134,225,243,"5/8/24, 12:00 AM",DUMKA,193,2024-12-31,5.71,3.6808677,378,371,397,385,4.923763,2024-01-01,30.278399999999998,Kusmaha,"{""geodesic"":false,""type"":""Point"",""coordinates"":[87.30155816152214,24.495306083135322]}"
2684_0,0.72,0.08094173,6.89,1.03,38.45,0.112460434,126.33,13.36,254,0.2788885,0.26,8.21,0.13511151,12.49,0.32988706,0.24993525,-1.6114220212170158,0.47,65.51929,224,237,"5/28/24, 12:00 AM",DUMKA,233,2024-12-31,5.72,3.4005349,392,383,384,380,2.237087,2024-01-01,30.266333333333325,Baghmara,"{""geodesic"":false,""type"":""Point"",""coordinates"":[86.98085960509147,24.40610337542225]}"
2685_0,0.46,0.08094173,4.03,0.71,90.91,0.112460434,140.56,22.66,243,0.2788885,0.59,8.32,0.13511151,18.57,0.32988706,0.24993525,-1.6114220212170158,1.69,65.51929,224,237,"5/28/24, 12:00 AM",DUMKA,233,2024-12-31,5.51,3.4005349,392,383,384,380,2.237087,2024-01-01,30.266333333333325,Baghmara,"{""geodesic"":false,""type"":""Point"",""coordinates"":[86.98085960509147,24.40610337542225]}"
2686_0,0.72,0.08094173,4.56,0.47,60.34,0.112460434,118.47,0.862,248,0.2788885,0.49,6.39,0.13511151,16.67,0.32988706,0.24993525,-1.6114220212170158,0.34,65.51929,224,237,"5/28/24, 12:00 AM",DUMKA,233,2024-12-31,5.58,3.4005349,392,383,384,380,2.237087,2024-01-01,30.266333333333325,Baghmara,"{""geodesic"":false,""type"":""Point"",""coordinates"":[86.98085960509147,24.40610337542225]}"
2687_0,0.32,0.08094173,5.12,0.29,64.26,0.112460434,119.57,19.08,258,0.2788885,0.56,9.39,0.13511151,15.49,0.32988706,0.24993525,-1.6114220212170158,0,65.51929,224,237,"5/28/24, 12:00 AM",DUMKA,233,2024-12-31,5.27,3.4005349,392,383,384,380,2.237087,2024-01-01,30.266333333333325,Baghmara,"{""geodesic"":false,""type"":""Point"",""coordinates"":[86.98085960509147,24.40610337542225]}"
2688_0,0.41,0.08094173,6.11,0.45,58.62,0.112460434,107.49,26.3,368,0.2788885,0.68,17.41,0.13511151,8.67,0.32988706,0.24993525,-1.6114220212170158,0.54,65.51929,224,237,"5/28/24, 12:00 AM",DUMKA,233,2024-12-31,6.1,3.4005349,392,383,384,380,2.237087,2024-01-01,30.266333333333325,Baghmara,"{""geodesic"":false,""type"":""Point"",""coordinates"":[86.98085960509147,24.40610337542225]}"
2691_0,0.46,0.063757144,3.48,0.82,93.26,0.09395143,130.36,8.05,215,0.2585914,0.25,10.24,0.10279143,13.87,0.26656285,0.18360285,1.3587291758604396,1.18,47.68034,217,232,"5/16/24, 12:00 AM",DUMKA,256,2024-12-31,5.8,3.3341472,421,410,362,358,1.3773336,2024-01-01,30.27477777777777,Kendkhapra,"{""geodesic"":false,""type"":""Point"",""coordinates"":[86.91429444253822,24.417422148002156]}"
2692_0,0.46,0.08580286,5.71,0.62,60.54,0.11462285,135.02,9.85,215,0.25594285,0.39,10.54,0.13091429,8.46,0.2848857,0.20983428,1.6606474555557462,0.54,90.0,217,232,"5/16/24, 12:00 AM",DUMKA,257,2024-12-31,5.8,3.3341472,421,410,362,358,1.0184873,2024-01-01,30.27477777777777,Kendkhapra,"{""geodesic"":false,""type"":""Point"",""coordinates"":[86.91429444253822,24.41715265341692]}"
2693_0,0.45,0.06408857,4.02,0.53,26.53,0.094642855,175.53,1.304,230,0.25149715,0.61,16.15,0.10331429,16.46,0.26130572,0.18155143,1.6606452312264792,2.22,90.0,217,232,"5/15/24, 12:00 AM",DUMKA,256,2024-12-31,5.31,3.3341472,421,410,362,358,1.0184896,2024-01-01,30.27477777777777,Kendkhapra,"{""geodesic"":false,""type"":""Point"",""coordinates"":[86.91456393712345,24.417422148002156]}"
2694_0,0.62,0.06843428,5.47,1.03,47.12,0.09983715,101.22,4.892,245,0.2688343,0.83,11.28,0.11143143,7.48,0.2818857,0.19722857,0.9674980520193587,0.47,90.0,217,232,"5/15/24, 12:00 AM",DUMKA,257,2024-12-31,5.51,3.3341472,421,410,362,358,2.036336,2024-01-01,30.27477777777777,Kendkhapra,"{""geodesic"":false,""type"":""Point"",""coordinates"":[86.91402494795298,24.417422148002156]}"
2695_0,0.45,0.08580286,2.7,0.71,75.26,0.11462285,68.47,22.23,159,0.25594285,0.41,20.6,0.13091429,10,0.2848857,0.20983428,1.6606474555557462,1.02,90.0,217,232,"4/11/24, 12:00 AM",DUMKA,257,2024-12-31,4.8,3.3341472,421,410,362,358,1.0184873,2024-01-01,30.27477777777777,Kendkhapra,"{""geodesic"":false,""type"":""Point"",""coordinates"":[86.91429444253822,24.41715265341692]}"
2696_0,0.42,0.078768656,4.03,0.43,90.91,0.100368656,140.56,22.66,243,0.26101193,0.38,8.32,0.1081403,7.47,0.27489105,0.20111492,-0.9193937565493857,2.34,245.53256,219,242,"5/15/24, 12:00 AM",DUMKA,178,2024-12-31,5.73,3.5832176,364,355,417,403,2.2382255,2024-01-01,30.28965714285715,Kendkhapra,"{""geodesic"":false,""type"":""Point"",""coordinates"":[87.13258505657926,24.483717815970177]}"
2697_0,0.65,0.078768656,2.78,0.93,63.27,0.100368656,106.77,0.482,358,0.26101193,0.69,13.37,0.1081403,18.67,0.27489105,0.20111492,-0.9193937565493857,1.18,245.53256,219,242,"5/14/24, 12:00 AM",DUMKA,178,2024-12-31,4.72,3.5832176,364,355,417,403,2.2382255,2024-01-01,30.28965714285715,Kendkhapra,"{""geodesic"":false,""type"":""Point"",""coordinates"":[87.13258505657926,24.483717815970177]}"
2698_0,0.81,0.05710625,2.12,0.72,45.23,0.08645,129.12,3.178,272,0.27334687,0.26,18.76,0.09755625,14.65,0.27966562,0.19420938,-2.0797845689313985,1.79,301.25845,215,231,"5/25/24, 12:00 AM",DUMKA,250,2024-12-31,4.7,3.3341472,414,402,371,368,3.5702107,2024-01-01,30.28741176470588,Tetaria,"{""geodesic"":false,""type"":""Point"",""coordinates"":[86.93477603101614,24.422003555951168]}"
2699_0,0.43,0.05710625,6.19,0.25,31.41,0.08645,96.87,10.98,243,0.27334687,0.41,4.36,0.09755625,16.46,0.27966562,0.19420938,-2.0797845689313985,0.81,301.25845,215,231,"5/25/24, 12:00 AM",DUMKA,250,2024-12-31,5.9,3.3341472,414,402,371,368,3.5702107,2024-01-01,30.28741176470588,Tetaria,"{""geodesic"":false,""type"":""Point"",""coordinates"":[86.93477603101614,24.422003555951168]}"
2700_0,0.52,0.062384374,4.03,0.43,90.91,0.095075,140.56,22.66,243,0.30892187,0.38,8.32,0.10021875,13.46,0.2918594,0.1926875,2.003318599552026,0.54,286.88348,215,231,"5/21/24, 12:00 AM",DUMKA,248,2024-12-31,5.73,3.3341472,414,402,371,368,3.1902475,2024-01-01,30.28741176470588,Tetaria,"{""geodesic"":false,""type"":""Point"",""coordinates"":[86.9345065364309,24.422003555951168]}"
2701_0,0.78,0.06345555,5.09,0.59,50.56,0.092422225,165.01,2.74,368,0.23527777,0.42,17.23,0.094219446,18.65,0.22447778,0.14978611,1.7658897281594417,0.13,90.0,218,228,"6/18/24, 12:00 AM",DUMKA,251,2024-12-31,5.81,3.3341472,413,405,369,367,3.0530927,2024-01-01,30.22308571428571,Barmasa,"{""geodesic"":false,""type"":""Point"",""coordinates"":[86.92049281799864,24.425506985559235]}"
2702_0,0.56,0.053561863,5.78,0.46,59.83,0.07173051,100.11,11.26,262,0.23290677,0.39,6.31,0.06597712,18.65,0.20210339,0.1300678,4.225723615599451,2.22,47.678707,222,240,"6/10/24, 12:00 AM",DUMKA,231,2024-12-31,5.58,3.4005349,393,379,385,382,2.7529912,2024-01-01,30.234400000000004,Barmasa,"{""geodesic"":false,""type"":""Point"",""coordinates"":[86.96927133792633,24.41014579420079]}"
2703_0,0.81,0.05040254,4.58,0.88,67.45,0.07012288,128.12,3.32,348,0.24121949,0.59,11.38,0.059537288,18.65,0.1971034,0.122564405,5.22081278856965,0.39,270.0,222,240,"6/10/24, 12:00 AM",DUMKA,231,2024-12-31,5.62,3.4005349,393,379,385,382,1.0184313,2024-01-01,30.234400000000004,Barmasa,"{""geodesic"":false,""type"":""Point"",""coordinates"":[86.96954083251157,24.41014579420079]}"
2704_0,1.23,0.061944067,4.01,0.98,29.67,0.08709746,150.06,32.8,388,0.26563814,0.68,16.68,0.08749576,7.48,0.2520373,0.1678805,5.22081278856965,0.54,270.0,226,243,"6/10/24, 12:00 AM",DUMKA,231,2024-12-31,5.63,3.4005349,395,381,379,376,1.0184313,2024-01-01,30.234400000000004,Barmasa,"{""geodesic"":false,""type"":""Point"",""coordinates"":[86.96954083251157,24.410415288786027]}"
2705_0,0.65,0.073674284,4.56,0.69,60.34,0.09207143,118.47,0.862,248,0.23681715,0.59,6.39,0.101534285,8.97,0.28981143,0.23925143,-1.611662379187354,0.36,245.5221,221,234,"5/29/24, 12:00 AM",DUMKA,264,2024-12-31,4.68,3.3341472,416,405,363,361,2.2373273,2024-01-01,30.249085714285716,Jhagrahi,"{""geodesic"":false,""type"":""Point"",""coordinates"":[86.91968433424293,24.42254254512164]}"
2706_0,0.62,0.073674284,5.71,0.93,60.54,0.09207143,153.2,9.85,276,0.23681715,0.48,8.38,0.101534285,15.49,0.28981143,0.23925143,-1.611662379187354,2.42,245.5221,221,234,"5/29/24, 12:00 AM",DUMKA,264,2024-12-31,5.51,3.3341472,416,405,363,361,2.2373273,2024-01-01,30.249085714285716,Jhagrahi,"{""geodesic"":false,""type"":""Point"",""coordinates"":[86.91968433424293,24.42254254512164]}"
2707_0,0.57,0.08985151,5.65,0.89,51.57,0.1218,96.87,15.48,212,0.27633637,0.49,11.36,0.15564546,13.46,0.3259788,0.2441303,-2.15326049054304,1.35,15.353654,226,241,"6/19/24, 12:00 AM",DUMKA,253,2024-12-31,5.31,3.3341472,403,390,371,369,3.8415067,2024-01-01,30.214166666666667,Amba,"{""geodesic"":false,""type"":""Point"",""coordinates"":[86.94205238481752,24.426045974729703]}"
2708_0,0.65,0.0898,9.41,0.61,10.15,0.12155882,129.12,29.24,278,0.29072353,0.69,6.94,0.15534706,13.87,0.31733236,0.24423236,-1.2298884699456478,0.23,90.0,227,237,"6/19/24, 12:00 AM",DUMKA,243,2024-12-31,5.38,3.3341472,401,391,372,371,3.0531597,2024-01-01,30.214166666666667,Amba,"{""geodesic"":false,""type"":""Point"",""coordinates"":[86.94555581442557,24.428201931411593]}"
2709_0,0.57,0.08668236,2.15,0.46,35.81,0.1168647,98.63,17.12,281,0.2870706,0.75,9.28,0.13869706,18.65,0.31357646,0.23890883,-0.037492046834195776,0.34,-0.0,227,237,"6/19/24, 12:00 AM",DUMKA,241,2024-12-31,5.46,3.3341472,401,391,372,371,0.92740995,2024-01-01,30.214166666666667,Amba,"{""geodesic"":false,""type"":""Point"",""coordinates"":[86.94582530901081,24.427932436826357]}"
2710_0,0.62,0.08772121,2.12,0.53,45.23,0.11888182,119.57,3.178,263,0.26181817,0.52,18.76,0.15895152,15.47,0.32639393,0.25104243,-1.517535052630669,0.19,270.0,226,241,"6/19/24, 12:00 AM",DUMKA,253,2024-12-31,5.63,3.3341472,403,390,371,369,2.0364702,2024-01-01,30.214166666666667,Amba,"{""geodesic"":false,""type"":""Point"",""coordinates"":[86.94178289023228,24.42577648014447]}"
2711_0,0.72,0.090324245,1.64,0.58,26.1,0.12304545,145.34,12.36,232,0.28678486,0.26,8.72,0.16014545,14.48,0.35256666,0.2710394,-0.8243857038294244,0.39,270.0,226,241,"6/19/24, 12:00 AM",DUMKA,251,2024-12-31,4.88,3.3341472,403,390,371,369,1.0185546,2024-01-01,30.214166666666667,Amba,"{""geodesic"":false,""type"":""Point"",""coordinates"":[86.94151339564704,24.425506985559235]}"
2712_0,0.76,0.08985151,5.65,0.93,51.57,0.1218,96.87,15.48,212,0.27633637,0.48,11.36,0.15564546,14.48,0.3259788,0.2441303,-2.15326049054304,0.13,15.353654,226,241,"6/18/24, 12:00 AM",DUMKA,253,2024-12-31,5.51,3.3341472,403,390,371,369,3.8415067,2024-01-01,30.214166666666667,Amba,"{""geodesic"":false,""type"":""Point"",""coordinates"":[86.94205238481752,24.426045974729703]}"
2713_0,0.41,0.089912124,5.71,0.27,60.54,0.12731819,153.2,9.85,276,0.28275758,0.56,8.38,0.1788394,12.49,0.3772697,0.29709393,-1.054648348805868,0.26,344.6463,226,241,"6/18/24, 12:00 AM",DUMKA,249,2024-12-31,5.63,3.3341472,403,390,371,369,3.8415074,2024-01-01,30.214166666666667,Amba,"{""geodesic"":false,""type"":""Point"",""coordinates"":[86.94178289023228,24.42631546931494]}"
2714_0,0.75,0.08985151,5.23,0.31,103.18,0.1218,113.29,31.4,265,0.27633637,0.63,6.34,0.15564546,9.47,0.3259788,0.2441303,-2.15326049054304,0.34,15.353654,226,241,"6/18/24, 12:00 AM",DUMKA,253,2024-12-31,4.95,3.3341472,403,390,371,369,3.8415067,2024-01-01,30.214166666666667,Amba,"{""geodesic"":false,""type"":""Point"",""coordinates"":[86.94205238481752,24.426045974729703]}"
2715_0,0.49,0.09306364,2.45,0.92,38.34,0.12743637,115.31,37.6,376,0.26871818,0.57,15.08,0.1782697,21.47,0.34317878,0.27039394,-2.2487026013718676,1.08,331.22653,226,241,"6/18/24, 12:00 AM",DUMKA,252,2024-12-31,5.47,3.3341472,403,390,371,369,4.224885,2024-01-01,30.214166666666667,Amba,"{""geodesic"":false,""type"":""Point"",""coordinates"":[86.94178289023228,24.426045974729703]}"
2716_0,0.46,0.09306364,2.78,0.93,63.27,0.12743637,106.77,0.482,358,0.26871818,0.69,13.37,0.1782697,8.46,0.34317878,0.27039394,-2.2487026013718676,0.47,331.22653,226,241,"6/18/24, 12:00 AM",DUMKA,252,2024-12-31,4.72,3.3341472,403,390,371,369,4.224885,2024-01-01,30.214166666666667,Amba,"{""geodesic"":false,""type"":""Point"",""coordinates"":[86.94178289023228,24.426045974729703]}"
2717_0,0.48,0.09306364,4.12,0.98,82.16,0.12743637,126.33,4.158,389,0.26871818,0.85,14.51,0.1782697,12.49,0.34317878,0.27039394,-2.2487026013718676,0.78,331.22653,226,241,"6/18/24, 12:00 AM",DUMKA,252,2024-12-31,5.02,3.3341472,403,390,371,369,4.224885,2024-01-01,30.214166666666667,Amba,"{""geodesic"":false,""type"":""Point"",""coordinates"":[86.94178289023228,24.426045974729703]}"
2718_0,0.45,0.08985151,4.12,0.49,82.16,0.1218,126.33,4.158,389,0.27633637,0.67,14.51,0.15564546,15.45,0.3259788,0.2441303,-2.15326049054304,1.18,15.353654,226,241,"6/18/24, 12:00 AM",DUMKA,253,2024-12-31,4.98,3.3341472,403,390,371,369,3.8415067,2024-01-01,30.214166666666667,Amba,"{""geodesic"":false,""type"":""Point"",""coordinates"":[86.94205238481752,24.426045974729703]}"
2719_0,1.23,0.08985151,2.68,0.47,38.62,0.1218,100.11,9.26,361,0.27633637,0.63,18.51,0.15564546,16.46,0.3259788,0.2441303,-2.15326049054304,2.42,15.353654,226,241,"6/18/24, 12:00 AM",DUMKA,253,2024-12-31,5.42,3.3341472,403,390,371,369,3.8415067,2024-01-01,30.214166666666667,Amba,"{""geodesic"":false,""type"":""Point"",""coordinates"":[86.94205238481752,24.426045974729703]}"
2720_0,0.45,0.07266,3.65,0.52,64.89,0.10613429,128.12,32.5,385,0.29896,0.59,19.15,0.12128857,16.67,0.32443428,0.23547429,0.9674980520193587,0.26,90.0,217,232,"6/14/24, 12:00 AM",DUMKA,257,2024-12-31,5.83,3.3341472,421,410,362,358,2.036336,2024-01-01,30.27477777777777,Amba,"{""geodesic"":false,""type"":""Point"",""coordinates"":[86.91375545336774,24.417422148002156]}"
2721_0,0.78,0.07266,6.11,0.51,58.62,0.10613429,107.89,26.3,368,0.29896,0.43,17.41,0.12128857,7.48,0.32443428,0.23547429,0.9674980520193587,0.45,90.0,217,232,"6/14/24, 12:00 AM",DUMKA,257,2024-12-31,5.77,3.3341472,421,410,362,358,2.036336,2024-01-01,30.27477777777777,Amba,"{""geodesic"":false,""type"":""Point"",""coordinates"":[86.91375545336774,24.417422148002156]}"
2722_0,0.62,0.08273572,6.98,0.63,33.21,0.11480284,107.88,14.55,269,0.23823687,0.47,13.36,0.11500567,15.47,0.2597766,0.19465674,-0.12982773564914016,2.42,90.0,233,247,"5/25/24, 12:00 AM",DUMKA,150,2024-12-31,5.63,3.4132357,387,386,379,366,1.0178343,2024-01-01,30.279257142857148,Amba,"{""geodesic"":false,""type"":""Point"",""coordinates"":[87.34548577891559,24.336034783260928]}"
2723_0,0.48,0.062384374,5.44,0.41,49.52,0.095075,165.01,21.08,212,0.30892187,0.57,11.36,0.10021875,16.67,0.2918594,0.1926875,2.003318599552026,2.17,286.88348,215,231,"5/25/24, 12:00 AM",DUMKA,248,2024-12-31,5.61,3.3341472,414,402,371,368,3.1902475,2024-01-01,30.28741176470588,Amba,"{""geodesic"":false,""type"":""Point"",""coordinates"":[86.9345065364309,24.422003555951168]}"
2724_0,0.39,0.05855,4.68,0.41,45.41,0.086640626,96.87,1.006,232,0.24530312,0.59,8.72,0.09463438,13.87,0.24995938,0.17093125,3.3965615525680883,0.54,-0.0,215,231,"5/25/24, 12:00 AM",DUMKA,248,2024-12-31,5.09,3.3341472,414,402,371,368,0.92740995,2024-01-01,30.28741176470588,Amba,"{""geodesic"":false,""type"":""Point"",""coordinates"":[86.9345065364309,24.422273050536404]}"
2725_0,0.5,0.05855,5.66,0.57,68.67,0.086640626,128.12,15.63,258,0.24530312,0.43,10.34,0.09463438,8.46,0.24995938,0.17093125,3.3965615525680883,2.78,-0.0,215,231,"5/25/24, 12:00 AM",DUMKA,248,2024-12-31,5.77,3.3341472,414,402,371,368,0.92740995,2024-01-01,30.28741176470588,Amba,"{""geodesic"":false,""type"":""Point"",""coordinates"":[86.9345065364309,24.422273050536404]}"
2726_0,0.45,0.06699063,6.28,0.63,41.9,0.0973875,101.26,14.15,248,0.2572531,0.48,6.39,0.117434375,15.47,0.30670312,0.22265625,-0.5840804069589095,3.14,320.52164,215,231,"5/25/24, 12:00 AM",DUMKA,249,2024-12-31,5.71,3.3341472,414,402,371,368,4.7952666,2024-01-01,30.28741176470588,Amba,"{""geodesic"":false,""type"":""Point"",""coordinates"":[86.93531502018661,24.422273050536404]}"
2727_0,0.75,0.0688,5.24,0.71,57.82,0.10123438,105.48,6.36,276,0.25945938,0.53,8.38,0.11675,8.67,0.285625,0.209475,6.1808176230818415,0.13,-0.0,215,231,"5/25/24, 12:00 AM",DUMKA,248,2024-12-31,5.63,3.3341472,414,402,371,368,0.0,2024-01-01,30.28741176470588,Amba,"{""geodesic"":false,""type"":""Point"",""coordinates"":[86.93423704184568,24.422273050536404]}"
2728_0,0.45,0.062384374,4.53,0.31,10.15,0.095075,115.31,1.512,258,0.30892187,0.52,8.15,0.10021875,14.65,0.2918594,0.1926875,2.003318599552026,0.34,286.88348,215,231,"5/25/24, 12:00 AM",DUMKA,248,2024-12-31,5.73,3.3341472,414,402,371,368,3.1902475,2024-01-01,30.28741176470588,Amba,"{""geodesic"":false,""type"":""Point"",""coordinates"":[86.9345065364309,24.422003555951168]}"
2729_0,0.41,0.068853125,5.12,0.46,96.93,0.101040624,165.01,18.94,218,0.27486876,0.75,28.26,0.11993125,16.46,0.3104,0.221825,1.890532853533322,1.35,301.2585,215,231,"5/25/24, 12:00 AM",DUMKA,249,2024-12-31,5.46,3.3341472,414,402,371,368,3.570205,2024-01-01,30.28741176470588,Amba,"{""geodesic"":false,""type"":""Point"",""coordinates"":[86.9345065364309,24.42173406136593]}"
2730_0,0.39,0.097232394,4.21,0.41,57.53,0.12479155,129.12,0.484,225,0.2678352,0.63,9.39,0.1475183,7.48,0.2927324,0.23692676,-1.5564632179950109,0.14,331.20847,206,223,"5/15/24, 12:00 AM",DUMKA,208,2024-12-31,5.13,3.6155806,414,410,380,367,2.1156845,2024-01-01,30.304882352941178,Kusmaha,"{""geodesic"":false,""type"":""Point"",""coordinates"":[87.15603108549477,24.520369079562254]}"
2731_0,0.48,0.1013331,4.3,1.01,85.71,0.1177813,56.77,19.09,192,0.2686338,0.41,22.94,0.1340518,12,0.27524388,0.20932302,-2.2241542091300572,0.45,132.33145,215,231,"4/12/24, 12:00 AM",DUMKA,178,2024-12-31,5.02,3.58974,376,372,409,397,4.124723,2024-01-01,30.226555555555553,Semra,"{""geodesic"":false,""type"":""Point"",""coordinates"":[87.11345094102751,24.365140198466403]}"
2732_0,0.65,0.1013331,2.4,0.56,48.3,0.1177813,115.6,22.3,190,0.2686338,0.39,22.65,0.1340518,15,0.27524388,0.20932302,-2.2241542091300572,1.06,132.33145,215,231,"4/12/24, 12:00 AM",DUMKA,178,2024-12-31,5.1,3.58974,376,372,409,397,4.124723,2024-01-01,30.226555555555553,Semra,"{""geodesic"":false,""type"":""Point"",""coordinates"":[87.11345094102751,24.365140198466403]}"
2733_0,0.46,0.07319058,1.64,0.42,26.1,0.10464348,145.34,12.36,232,0.27766377,0.59,8.72,0.11861739,17.48,0.29034057,0.20958406,-2.235634581965155,0.34,77.174644,224,237,"5/28/24, 12:00 AM",DUMKA,231,2024-12-31,5.39,3.4005349,392,383,384,380,4.1708794,2024-01-01,30.26283333333334,Patsar,"{""geodesic"":false,""type"":""Point"",""coordinates"":[86.9811290996767,24.40610337542225]}"
2734_0,0.78,0.06823286,4.02,0.46,26.53,0.10087286,98.63,1.304,258,0.28716856,0.39,10.34,0.118472144,11.57,0.28873357,0.20719714,-2.2103671312294937,0.19,90.0,224,237,"5/28/24, 12:00 AM",DUMKA,231,2024-12-31,5.58,3.4005349,392,383,384,380,4.067166,2024-01-01,30.26283333333334,Patsar,"{""geodesic"":false,""type"":""Point"",""coordinates"":[86.9811290996767,24.405833880837015]}"
2735_0,0.65,0.07319058,3.65,0.78,64.89,0.10464348,128.12,35.2,385,0.27766377,0.83,19.15,0.11861739,8.67,0.29034057,0.20958406,-2.235634581965155,0.39,77.174644,224,237,"5/28/24, 12:00 AM",DUMKA,231,2024-12-31,5.83,3.4005349,392,383,384,380,4.1708794,2024-01-01,30.26283333333334,Patsar,"{""geodesic"":false,""type"":""Point"",""coordinates"":[86.9811290996767,24.40610337542225]}"
2736_0,0.82,0.07438813,7.01,0.41,43.42,0.10647203,76.34,22.32,243,0.25776103,0.63,4.36,0.12069661,12.49,0.25984237,0.18938136,4.225723615599451,0.26,47.678707,226,243,"6/8/24, 12:00 AM",DUMKA,231,2024-12-31,5.13,3.4005349,395,381,379,376,2.7529912,2024-01-01,30.234400000000004,Bhalki,"{""geodesic"":false,""type"":""Point"",""coordinates"":[86.96927133792633,24.410415288786027]}"
2737_0,0.78,0.053561863,6.47,0.42,18.31,0.07173051,165.01,5.39,235,0.23290677,0.59,9.31,0.06597712,9.47,0.20210339,0.1300678,4.225723615599451,0.34,47.678707,222,240,"6/8/24, 12:00 AM",DUMKA,231,2024-12-31,5.39,3.4005349,393,379,385,382,2.7529912,2024-01-01,30.234400000000004,Bhalki,"{""geodesic"":false,""type"":""Point"",""coordinates"":[86.96927133792633,24.41014579420079]}"
2738_0,0.76,0.053561863,5.23,0.27,103.18,0.07173051,113.29,31.4,265,0.23290677,0.56,6.34,0.06597712,8.89,0.20210339,0.1300678,4.225723615599451,2.17,47.678707,222,240,"6/8/24, 12:00 AM",DUMKA,231,2024-12-31,5.63,3.4005349,393,379,385,382,2.7529912,2024-01-01,30.234400000000004,Bhalki,"{""geodesic"":false,""type"":""Point"",""coordinates"":[86.96927133792633,24.41014579420079]}"
2739_0,0.35,0.053561863,2.12,0.53,45.23,0.07173051,119.57,3.178,263,0.23290677,0.52,18.76,0.06597712,14.65,0.20210339,0.1300678,4.225723615599451,1.18,47.678707,222,240,"6/8/24, 12:00 AM",DUMKA,231,2024-12-31,5.63,3.4005349,393,379,385,382,2.7529912,2024-01-01,30.234400000000004,Bhalki,"{""geodesic"":false,""type"":""Point"",""coordinates"":[86.96927133792633,24.41014579420079]}"
2740_0,0.45,0.053561863,5.12,0.89,64.26,0.07173051,119.57,19.08,258,0.23290677,0.49,9.39,0.06597712,8.97,0.20210339,0.1300678,4.225723615599451,0.26,47.678707,222,240,"6/8/24, 12:00 AM",DUMKA,231,2024-12-31,5.31,3.4005349,393,379,385,382,2.7529912,2024-01-01,30.234400000000004,Bhalki,"{""geodesic"":false,""type"":""Point"",""coordinates"":[86.96927133792633,24.41014579420079]}"
2741_0,0.57,0.066351786,6.11,0.78,58.62,0.09308928,107.49,26.3,368,0.22591875,0.83,17.41,0.1056,7.47,0.24046607,0.17731607,-0.730500065166057,2.34,-0.0,230,246,"6/13/24, 12:00 AM",DUMKA,235,2024-12-31,5.83,3.4005349,393,380,377,375,0.92740995,2024-01-01,30.234400000000004,Bara,"{""geodesic"":false,""type"":""Point"",""coordinates"":[86.96792386500016,24.410415288786027]}"
2742_0,0.62,0.066351786,4.88,0.95,8.012,0.09308928,114.51,14.5,371,0.22591875,0.59,10.32,0.1056,21.47,0.24046607,0.17731607,-0.730500065166057,0.49,-0.0,230,246,"6/13/24, 12:00 AM",DUMKA,235,2024-12-31,5.52,3.4005349,393,380,377,375,0.92740995,2024-01-01,30.234400000000004,Bara,"{""geodesic"":false,""type"":""Point"",""coordinates"":[86.96792386500016,24.410415288786027]}"
2743_0,0.82,0.055372808,3.65,0.89,64.89,0.07985351,128.12,35.2,385,0.23324035,0.51,19.15,0.08466667,14.48,0.22912982,0.16312632,-0.730500065166057,2.22,-0.0,226,243,"6/13/24, 12:00 AM",DUMKA,235,2024-12-31,5.02,3.4005349,395,381,379,376,0.92740995,2024-01-01,30.234400000000004,Bara,"{""geodesic"":false,""type"":""Point"",""coordinates"":[86.96819335958538,24.410415288786027]}"
2744_0,0.49,0.053561863,5.35,0.49,93.26,0.07173051,145.34,10.15,384,0.23290677,0.63,16.96,0.06597712,8.46,0.20210339,0.1300678,4.225723615599451,0.81,47.678707,222,240,"6/12/24, 12:00 AM",DUMKA,231,2024-12-31,5.45,3.4005349,393,379,385,382,2.7529912,2024-01-01,30.234400000000004,Bara,"{""geodesic"":false,""type"":""Point"",""coordinates"":[86.96927133792633,24.41014579420079]}"
2745_0,0.45,0.08821752,2.87,0.72,74.09,0.1342768,145.34,3.436,275,0.2865797,0.65,11.54,0.14536667,8.89,0.30788842,0.22382608,2.2211221471479043,0.13,90.0,216,231,"5/17/24, 12:00 AM",DUMKA,171,2024-12-31,5.71,3.58974,390,381,394,388,1.0180509,2024-01-01,30.226555555555553,Thanpur,"{""geodesic"":false,""type"":""Point"",""coordinates"":[87.11372043561275,24.362984241784513]}"
2748_0,0.75,0.05052857,4.07,0.42,61.33,0.07566571,76.12,20.66,230,0.24566571,0.61,16.15,0.08385429,7.47,0.23771429,0.17096858,-2.4968414127459058,0.54,290.00427,231,245,"6/20/24, 12:00 AM",DUMKA,243,2024-12-31,5.58,3.2468905,389,379,380,376,5.4063935,2024-01-01,30.278500000000008,Majhiladih,"{""geodesic"":false,""type"":""Point"",""coordinates"":[86.94420834149939,24.47590247299834]}"
2749_0,0.54,0.067944445,3.21,0.55,86.42,0.09419722,122,11.2,175,0.2653139,0.41,27.84,0.10916667,10,0.26053056,0.19354166,-2.080644396940587,0.94,121.24568,227,240,"3/24/24, 12:00 AM",DUMKA,227,2024-12-31,4.08,3.2468905,375,367,398,393,3.5715191,2024-01-01,30.264222222222216,Baspuriya,"{""geodesic"":false,""type"":""Point"",""coordinates"":[86.94501682525511,24.485334783481594]}"
2750_0,0.27,0.06825833,1.03,0.2,86.32,0.09345555,120,6.19,135,0.26189166,0.45,20.15,0.10245556,10,0.2619,0.19182777,-1.4242392875619259,0.65,180.0,234,246,"3/24/24, 12:00 AM",DUMKA,231,2024-12-31,4.4,3.2468905,372,363,394,391,1.8543341,2024-01-01,30.27661111111111,Baspuriya,"{""geodesic"":false,""type"":""Point"",""coordinates"":[86.94366935232893,24.48560427806683]}"
2751_0,0.48,0.074197225,6.47,0.63,18.31,0.09737222,165.01,5.39,235,0.20044166,0.69,9.31,0.12862778,13.46,0.28253335,0.24214445,-1.9678208281019454,2.34,73.12339,221,238,"6/25/24, 12:00 AM",DUMKA,240,2024-12-31,4.87,3.2468905,385,375,394,388,3.1915073,2024-01-01,30.28872222222223,Jangalpur,"{""geodesic"":false,""type"":""Point"",""coordinates"":[86.9223792800953,24.47644146216881]}"
2752_0,0.58,0.074197225,6.89,0.59,38.45,0.09737222,126.33,13.36,254,0.20044166,0.47,8.21,0.12862778,15.49,0.28253335,0.24214445,-1.9678208281019454,1.08,73.12339,221,238,"6/25/24, 12:00 AM",DUMKA,240,2024-12-31,4.95,3.2468905,385,375,394,388,3.1915073,2024-01-01,30.28872222222223,Jangalpur,"{""geodesic"":false,""type"":""Point"",""coordinates"":[86.9223792800953,24.47644146216881]}"
2753_0,0.42,0.06092778,5.12,0.89,64.26,0.09267778,119.57,19.08,258,0.28775555,0.49,9.39,0.10428333,22.78,0.25069165,0.1844,-1.61236733952901,2.17,294.46948,234,244,"6/24/24, 12:00 AM",DUMKA,238,2024-12-31,5.31,3.2468905,380,374,385,382,2.2380497,2024-01-01,30.28961111111111,Jangalpur,"{""geodesic"":false,""type"":""Point"",""coordinates"":[86.91833686131676,24.471590559634564]}"
2754_0,0.53,0.07001286,2.06,0.56,23.9,0.09870572,183.904,25.66,279.63,0.27446714,0.43,11.96,0.112192854,10.42,0.24889,0.17472428,-2.1540786423896914,1.27,344.63504,208,233,"5/8/24, 12:00 AM",DUMKA,212,2024-12-31,4.84,3.6155806,406,395,386,372,3.8417144,2024-01-01,30.23738888888889,Bauria,"{""geodesic"":false,""type"":""Point"",""coordinates"":[87.1689668255861,24.52333351999985]}"
2755_0,0.55,0.07001286,0.78,0.44,32.5,0.09870572,178.432,25.41,275.41,0.27446714,0.55,14.01375,0.112192854,9.42,0.24889,0.17472428,-2.1540786423896914,1.52,344.63504,208,233,"5/8/24, 12:00 AM",DUMKA,212,2024-12-31,5.02,3.6155806,406,395,386,372,3.8417144,2024-01-01,30.23738888888889,Bauria,"{""geodesic"":false,""type"":""Point"",""coordinates"":[87.1689668255861,24.52333351999985]}"
2756_0,0.27,0.07001286,2.41,0.54,32.3,0.09870572,172.59199999999998,26.14,275.44,0.27446714,0.49,10.98375,0.112192854,10.74,0.24889,0.17472428,-2.1540786423896914,1.65,344.63504,208,233,"5/8/24, 12:00 AM",DUMKA,212,2024-12-31,5.19,3.6155806,406,395,386,372,3.8417144,2024-01-01,30.23738888888889,Bauria,"{""geodesic"":false,""type"":""Point"",""coordinates"":[87.1689668255861,24.52333351999985]}"
2757_0,0.24,0.07001286,2.51,0.52,24.6,0.09870572,215.376,26.53,191.26,0.27446714,0.47,12.8775,0.112192854,11.05,0.24889,0.17472428,-2.1540786423896914,1.29,344.63504,208,233,"5/8/24, 12:00 AM",DUMKA,212,2024-12-31,5.46,3.6155806,406,395,386,372,3.8417144,2024-01-01,30.23738888888889,Bauria,"{""geodesic"":false,""type"":""Point"",""coordinates"":[87.1689668255861,24.52333351999985]}"
2758_0,0.44,0.07001286,1.06,0.52,25.3,0.09870572,207.872,24.98,297.41,0.27446714,0.49,14.77125,0.112192854,13.32,0.24889,0.17472428,-2.1540786423896914,0.99,344.63504,208,233,"5/8/24, 12:00 AM",DUMKA,212,2024-12-31,5.14,3.6155806,406,395,386,372,3.8417144,2024-01-01,30.23738888888889,Bauria,"{""geodesic"":false,""type"":""Point"",""coordinates"":[87.1689668255861,24.52333351999985]}"
2759_0,0.53,0.08385211,1.45,0.56,23.56,0.10866901,183.12,26.58,272.83,0.27769014,0.43,16.77312,0.12321972,10.42,0.3141493,0.22589436,-2.154067940835261,1.52,344.63513,210,236,"5/8/24, 12:00 AM",DUMKA,205,2024-12-31,5.26,3.6155806,417,405,373,360,7.6491895,2024-01-01,30.23738888888889,Bauria,"{""geodesic"":false,""type"":""Point"",""coordinates"":[87.16357693388139,24.52252503624414]}"
2760_0,0.43,0.101878874,2.34,0.42,25.6,0.14194225,181.552,28.14,279.6,0.28252113,0.53,17.0352,0.18709718,12.42,0.346631,0.2539873,-2.65510176411984,0.78,28.791977,210,236,"5/8/24, 12:00 AM",DUMKA,205,2024-12-31,5.16,3.6155806,417,405,373,360,6.324157,2024-01-01,30.23738888888889,Bauria,"{""geodesic"":false,""type"":""Point"",""coordinates"":[87.16384642846663,24.52252503624414]}"
2761_0,0.39,0.10040278,1.26,0.53,32.5,0.1393236,205.408,25.16,291.33,0.3008264,0.55,13.08,0.18275417,10.48,0.36740416,0.28567085,-1.275379164135082,1.25,73.12933,200,216,"5/8/24, 12:00 AM",DUMKA,217,2024-12-31,5.16,3.6155806,415,408,385,377,3.1925967,2024-01-01,30.220166666666657,Bauria,"{""geodesic"":false,""type"":""Point"",""coordinates"":[87.17462621187606,24.52333351999985]}"
2762_0,0.32,0.10040278,2.16,0.47,26.3,0.1393236,219.744,29.36,272.15,0.3008264,0.43,16.3,0.18275417,12.74,0.36740416,0.28567085,-1.275379164135082,1.48,73.12933,200,216,"5/8/24, 12:00 AM",DUMKA,217,2024-12-31,5.13,3.6155806,415,408,385,377,3.1925967,2024-01-01,30.220166666666657,Bauria,"{""geodesic"":false,""type"":""Point"",""coordinates"":[87.17462621187606,24.52333351999985]}"
2763_0,0.51,0.06812222,2.18,0.52,26.85,0.09210555,216.72,22.36,269.33,0.28405833,0.47,16.38,0.09957917,10.42,0.24639028,0.17962083,-0.43434798564146815,1.27,47.70501,218,237,"5/8/24, 12:00 AM",DUMKA,207,2024-12-31,5.12,3.6155806,423,416,359,347,1.3779851,2024-01-01,30.23233333333334,Bauria,"{""geodesic"":false,""type"":""Point"",""coordinates"":[87.1651939013928,24.526297960437443]}"
2764_0,0.42,0.06812222,1.46,0.52,25.63,0.09210555,183.456,28.56,272.15,0.28405833,0.47,10.89,0.09957917,14.24,0.24639028,0.17962083,-0.43434798564146815,0.85,47.70501,218,237,"5/8/24, 12:00 AM",DUMKA,207,2024-12-31,5.91,3.6155806,423,416,359,347,1.3779851,2024-01-01,30.23233333333334,Bauria,"{""geodesic"":false,""type"":""Point"",""coordinates"":[87.1651939013928,24.526297960437443]}"
2765_0,0.48,0.06812222,2.05,0.52,25.41,0.09210555,197.456,23.45,291.42,0.28405833,0.45,10.98,0.09957917,12.42,0.24639028,0.17962083,-0.43434798564146815,1.65,47.70501,218,237,"5/8/24, 12:00 AM",DUMKA,207,2024-12-31,5.41,3.6155806,423,416,359,347,1.3779851,2024-01-01,30.23233333333334,Bauria,"{""geodesic"":false,""type"":""Point"",""coordinates"":[87.1651939013928,24.526297960437443]}"
2766_0,0.23,0.06812222,1.27,0.41,25.33,0.09210555,253.68,26.25,265.23,0.28405833,0.42,12.25,0.09957917,8.42,0.24639028,0.17962083,-0.43434798564146815,1.27,47.70501,218,237,"5/8/24, 12:00 AM",DUMKA,207,2024-12-31,5.33,3.6155806,423,416,359,347,1.3779851,2024-01-01,30.23233333333334,Bauria,"{""geodesic"":false,""type"":""Point"",""coordinates"":[87.1651939013928,24.526297960437443]}"
2767_0,0.46,0.10040278,1.76,0.41,23.6,0.1393236,192.976,26.33,297.12,0.3008264,0.42,15.47,0.18275417,15.528750000000002,0.36740416,0.28567085,-1.275379164135082,0.94,73.12933,200,216,"5/8/24, 12:00 AM",DUMKA,217,2024-12-31,5.18,3.6155806,415,408,385,377,3.1925967,2024-01-01,30.220166666666657,Bauria,"{""geodesic"":false,""type"":""Point"",""coordinates"":[87.17462621187606,24.52333351999985]}"
2768_0,0.52,0.07673472,1.53,0.48,26.3,0.09956945,208.768,20.58,294.15,0.28665835,0.41,12.94,0.10342917,12.12,0.27011806,0.17787638,-2.3062939411518544,1.49,245.53983,218,237,"5/8/24, 12:00 AM",DUMKA,206,2024-12-31,4.98,3.6155806,423,416,359,347,4.4708796,2024-01-01,30.236055555555552,Bauria,"{""geodesic"":false,""type"":""Point"",""coordinates"":[87.16411592305185,24.52575897126697]}"
2769_0,0.42,0.097232394,1.32,0.42,25.3,0.12479155,259.28,24.15,297.41,0.2678352,0.47,19.85,0.1475183,12.4,0.2927324,0.23692676,-1.5564632179950109,1.14,331.20847,206,223,"5/8/24, 12:00 AM",DUMKA,208,2024-12-31,5.19,3.6155806,414,410,380,367,2.1156845,2024-01-01,30.304882352941178,Bauria,"{""geodesic"":false,""type"":""Point"",""coordinates"":[87.15603108549477,24.520369079562254]}"
2770_0,0.13,0.097232394,2.02,0.45,25.3,0.12479155,214.48,26.48,290.47,0.2678352,0.47,12.47,0.1475183,12.05,0.2927324,0.23692676,-1.5564632179950109,0.76,331.20847,206,223,"5/8/24, 12:00 AM",DUMKA,208,2024-12-31,5.22,3.6155806,414,410,380,367,2.1156845,2024-01-01,30.304882352941178,Bauria,"{""geodesic"":false,""type"":""Point"",""coordinates"":[87.15603108549477,24.520369079562254]}"
2771_0,0.42,0.09136197,1.22,0.46,25.3,0.12623943,226.128,26.58,262.33,0.3061648,0.41,15.42,0.17257747,13.32,0.3364831,0.28199297,-2.249609901235635,1.27,151.20851,206,223,"5/8/24, 12:00 AM",DUMKA,208,2024-12-31,4.85,3.6155806,414,410,380,367,4.225613,2024-01-01,30.304882352941178,Bauria,"{""geodesic"":false,""type"":""Point"",""coordinates"":[87.15603108549477,24.520099584977018]}"
2772_0,0.54,0.0653029,0.99,0.41,20.4,0.08048261,220.45,28.56,307.33,0.2292913,0.45,18.74,0.07960725,13.26,0.22100724,0.15313913,-2.3770329967644552,1.56,140.49744,222,237,"5/7/24, 12:00 AM",DUMKA,207,2024-12-31,4.84,3.6915154,371,363,408,399,4.7969284,2024-01-01,30.29627027027027,Bauria,"{""geodesic"":false,""type"":""Point"",""coordinates"":[87.30021068859597,24.530609873801218]}"
2773_0,0.29,0.058011595,0.97,0.46,30.1,0.07388985,165.52,25.53,310.26,0.24121015,0.42,15.84,0.064666666,10.44,0.21638551,0.1309884,-2.080970650380858,0.48,58.75914,213,228,"5/7/24, 12:00 AM",DUMKA,173,2024-12-31,4.8,3.6915154,372,371,415,401,7.116475,2024-01-01,30.28572222222222,Bauria,"{""geodesic"":false,""type"":""Point"",""coordinates"":[87.30991249366446,24.50905030698235]}"
2774_0,0.46,0.0653029,0.85,0.49,32.05,0.08048261,182.44,23.14,304.12,0.2292913,0.43,15.47,0.07960725,14.22,0.22100724,0.15313913,-2.3770329967644552,0.78,140.49744,222,237,"5/7/24, 12:00 AM",DUMKA,207,2024-12-31,4.82,3.6915154,371,363,408,399,4.7969284,2024-01-01,30.29627027027027,Bauria,"{""geodesic"":false,""type"":""Point"",""coordinates"":[87.30021068859597,24.530609873801218]}"
2775_0,0.45,0.08438551,2.05,0.46,28.6,0.108276814,183.46,24.26,316.42,0.26737392,0.47,11.45,0.12367826,14.39,0.3109652,0.22508405,-0.8257153484262033,0.65,270.0,213,228,"5/7/24, 12:00 AM",DUMKA,169,2024-12-31,4.86,3.6915154,372,371,415,401,1.01924,2024-01-01,30.28572222222222,Bauria,"{""geodesic"":false,""type"":""Point"",""coordinates"":[87.31233794493157,24.51039777990853]}"
2776_0,0.42,0.0537,1.55,0.42,36.6,0.07431385,147.52,28.14,301.26,0.24217385,0.42,14.07,0.07577846,14.22,0.22070462,0.15457231,-1.1270263357743937,0.85,132.30376,214,230,"5/7/24, 12:00 AM",DUMKA,213,2024-12-31,4.8,3.6432247,382,377,404,394,1.3777536,2024-01-01,30.25205714285714,Bauria,"{""geodesic"":false,""type"":""Point"",""coordinates"":[87.29131736728318,24.487760234748716]}"
2777_0,0.17,0.072386764,1.33,0.44,25.44,0.09985,206.44,26.24,263.45,0.26599705,0.45,13.26,0.11116029,15.42,0.29840294,0.20911324,-1.4243371153634998,0.65,-0.0,217,234,"5/7/24, 12:00 AM",DUMKA,200,2024-12-31,4.84,3.6432247,367,361,416,405,1.8543341,2024-01-01,30.288171428571427,Bauria,"{""geodesic"":false,""type"":""Point"",""coordinates"":[87.28754444308989,24.498270523572916]}"
2778_0,0.72,0.068625756,0.88,0.58,24.8,0.092024244,138.46,25.48,238.16,0.24652879,0.49,16.85,0.10527121,12.5,0.26315,0.19303334,-1.82033358445709,1.06,132.3008,223,238,"5/7/24, 12:00 AM",DUMKA,194,2024-12-31,5.14,3.6915154,366,362,411,400,2.754072,2024-01-01,30.26022222222222,Bauria,"{""geodesic"":false,""type"":""Point"",""coordinates"":[87.30290563444832,24.50069597484004]}"
2779_0,0.56,0.08964571,1.22,0.52,29.6,0.11526857,183.904,25.17,272.83,0.27352285,0.45,10.42,0.14278285,11.42,0.30031714,0.23864286,0.36739709405137233,0.38,180.0,224,243,"5/8/24, 12:00 AM",DUMKA,176,2024-12-31,5.36,3.4890735,368,362,408,395,0.92740995,2024-01-01,30.223351351351347,Kamarbandha,"{""geodesic"":false,""type"":""Point"",""coordinates"":[87.13231556199402,24.50069597484004]}"
2780_0,0.42,0.08964571,1.33,0.49,27.5,0.11526857,225.568,25.36,279.2,0.27352285,0.47,16.85,0.14278285,12.05,0.30031714,0.23864286,0.36739709405137233,1.08,180.0,224,243,"5/8/24, 12:00 AM",DUMKA,176,2024-12-31,5.21,3.4890735,368,362,408,395,0.92740995,2024-01-01,30.223351351351347,Kamarbandha,"{""geodesic"":false,""type"":""Point"",""coordinates"":[87.13231556199402,24.50069597484004]}"
2781_0,0.42,0.08124493,1.32,0.43,26.3,0.11067681,172.59199999999998,25.36,272.15,0.27959564,0.53,13.26,0.12926377,12.45,0.30003333,0.22684927,-1.5186892451718936,1.55,90.0,220,242,"5/8/24, 12:00 AM",DUMKA,168,2024-12-31,5.41,3.5832176,374,366,406,392,2.0376554,2024-01-01,30.279771428571426,Kamarbandha,"{""geodesic"":false,""type"":""Point"",""coordinates"":[87.12746465945978,24.49907900732862]}"
2782_0,0.56,0.06999143,1.22,0.45,35.2,0.091825716,217.392,26.33,197.45,0.24365,0.42,18.74,0.100842856,12.42,0.24474715,0.18053,-2.0446587901455078,1.29,36.227814,224,243,"5/8/24, 12:00 AM",DUMKA,178,2024-12-31,5.38,3.4890735,368,362,408,395,3.4451592,2024-01-01,30.223351351351347,Kamarbandha,"{""geodesic"":false,""type"":""Point"",""coordinates"":[87.1320460674088,24.500426480254802]}"
2783_0,0.25,0.05432836,1.22,0.52,28.5,0.07275224,219.744,23.26,263.52,0.2866776,0.42,16.38,0.06300597,10.47,0.20329402,0.11888806,-2.0182229260048214,1.28,65.535194,220,235,"5/8/24, 12:00 AM",DUMKA,201,2024-12-31,5.36,3.6432247,363,359,417,405,6.6882253,2024-01-01,30.277828571428568,Kamarbandha,"{""geodesic"":false,""type"":""Point"",""coordinates"":[87.29239534562413,24.498809512743385]}"
2784_0,0.76,0.09468493,2.11,0.56,23.5,0.11169041,183.42,23.56,316.52,0.2552411,0.43,10.98,0.11541781,15.53,0.25942466,0.17648493,-2.079125106931059,0.92,58.731815,237,243,"5/7/24, 12:00 AM",DUMKA,102,2024-12-31,5.31,3.5241098,411,417,352,341,7.110942,2024-01-01,30.305542857142864,Bhagabandh,"{""geodesic"":false,""type"":""Point"",""coordinates"":[87.54006086945587,24.373494530608713]}"
2785_0,0.27,0.07842254,2.15,0.42,32.6,0.10337042,217.392,24.15,282.55,0.2415493,0.41,16.33,0.12013803,13.489999999999991,0.25949296,0.1895,2.4323222367941373,0.63,90.0,204,218,"5/10/24, 12:00 AM",DUMKA,191,2024-12-31,5.21,3.4890735,394,388,402,394,1.0192648,2024-01-01,30.298857142857145,Tharikhasia,"{""geodesic"":false,""type"":""Point"",""coordinates"":[87.14875473169342,24.513362220346124]}"
2786_0,0.63,0.06684179,1.43,0.46,31.5,0.090773135,175.616,25.39,282.56,0.24897164,0.49,18.74,0.11987463,11.24,0.30774626,0.22205223,-0.8254894677243728,0.84,90.0,225,243,"5/10/24, 12:00 AM",DUMKA,197,2024-12-31,5.09,3.6808677,378,371,397,385,1.0191207,2024-01-01,30.278399999999998,Tharikhasia,"{""geodesic"":false,""type"":""Point"",""coordinates"":[87.30128866693691,24.495575577720555]}"
2787_0,0.52,0.06891791,1.64,0.42,24.78,0.09803881,216.72,25.63,244.12,0.2629209,0.47,13.62,0.12989104,9.25,0.3247194,0.24802239,-1.5562233178799636,0.96,208.78674,225,243,"5/10/24, 12:00 AM",DUMKA,197,2024-12-31,5.43,3.6808677,378,371,397,385,2.115587,2024-01-01,30.278399999999998,Tharikhasia,"{""geodesic"":false,""type"":""Point"",""coordinates"":[87.30074967776643,24.495306083135322]}"
2788_0,0.17,0.06999143,1.36,0.45,23.5,0.091825716,202.272,28.55,277.12,0.24365,0.54,10.42,0.100842856,12.44,0.24474715,0.18053,-2.0446587901455078,0.79,36.227814,224,243,"5/9/24, 12:00 AM",DUMKA,178,2024-12-31,5.08,3.4890735,368,362,408,395,3.4451592,2024-01-01,30.223351351351347,Bindasarai,"{""geodesic"":false,""type"":""Point"",""coordinates"":[87.1320460674088,24.500426480254802]}"
2789_0,0.58,0.06999143,1.68,0.56,27.2,0.091825716,193.312,21.08,263.23,0.24365,0.47,12.55,0.100842856,12.42,0.24474715,0.18053,-2.0446587901455078,0.61,36.227814,224,243,"5/9/24, 12:00 AM",DUMKA,178,2024-12-31,5.36,3.4890735,368,362,408,395,3.4451592,2024-01-01,30.223351351351347,Bindasarai,"{""geodesic"":false,""type"":""Point"",""coordinates"":[87.1320460674088,24.500426480254802]}"
2790_0,0.25,0.06722,0.99,0.44,32.5,0.08918285,219.744,28.12,185.42,0.28729144,0.41,12.22,0.09362572,14.22,0.26160857,0.17838572,-1.9241823960962054,0.92,90.0,224,243,"5/9/24, 12:00 AM",DUMKA,177,2024-12-31,5.31,3.4890735,368,362,408,395,3.0549147,2024-01-01,30.223351351351347,Bindasarai,"{""geodesic"":false,""type"":""Point"",""coordinates"":[87.1320460674088,24.50069597484004]}"
2791_0,0.25,0.06722,1.36,0.45,26.5,0.08918285,205.408,36.22,269.53,0.28729144,0.49,12.02,0.09362572,15.42,0.26160857,0.17838572,-1.9241823960962054,0.65,90.0,224,243,"5/9/24, 12:00 AM",DUMKA,177,2024-12-31,5.44,3.4890735,368,362,408,395,3.0549147,2024-01-01,30.223351351351347,Bindasarai,"{""geodesic"":false,""type"":""Point"",""coordinates"":[87.1320460674088,24.50069597484004]}"
2792_0,0.31,0.06722,0.91,0.52,25.6,0.08918285,225.792,25.17,297.92,0.28729144,0.41,15.55,0.09362572,9.56,0.26160857,0.17838572,-1.9241823960962054,0.58,90.0,224,243,"5/9/24, 12:00 AM",DUMKA,177,2024-12-31,5.22,3.4890735,368,362,408,395,3.0549147,2024-01-01,30.223351351351347,Bindasarai,"{""geodesic"":false,""type"":""Point"",""coordinates"":[87.1320460674088,24.50069597484004]}"
2793_0,0.42,0.06999143,2.11,0.47,20.47,0.091825716,192.976,25.14,204.27,0.24365,0.42,14.22,0.100842856,13.939999999999998,0.24474715,0.18053,-2.0446587901455078,0.26,36.227814,224,243,"5/9/24, 12:00 AM",DUMKA,178,2024-12-31,4.76,3.4890735,368,362,408,395,3.4451592,2024-01-01,30.223351351351347,Bindasarai,"{""geodesic"":false,""type"":""Point"",""coordinates"":[87.1320460674088,24.500426480254802]}"
2794_0,0.79,0.06479286,1.44,0.43,28.6,0.08463143,171.808,21.36,275.41,0.24519,0.42,18.74,0.08154286,12.02,0.19127572,0.13311857,-1.8298925974725335,1.65,180.0,230,246,"5/8/24, 12:00 AM",DUMKA,177,2024-12-31,5.1,3.4890735,371,363,399,391,2.7802885,2024-01-01,30.228216216216207,Khasia,"{""geodesic"":false,""type"":""Point"",""coordinates"":[87.12773415404502,24.509858790738058]}"
2795_0,0.58,0.07133572,1.89,0.42,27.5,0.08945572,111.48,22.36,269.44,0.26976427,0.55,15.46,0.08684714,12.42,0.23418428,0.15873,-0.9822513769584504,1.65,58.7574,224,243,"5/8/24, 12:00 AM",DUMKA,177,2024-12-31,5.41,3.4890735,368,362,408,395,3.5718355,2024-01-01,30.223351351351347,Khasia,"{""geodesic"":false,""type"":""Point"",""coordinates"":[87.13231556199402,24.500426480254802]}"
2796_0,0.27,0.07483857,0.62,0.53,26.5,0.09686428,197.48,2.65,225.48,0.27258286,0.41,10.89,0.105132855,13.02,0.25459856,0.18906143,-1.4243519367815487,1.38,-0.0,224,243,"5/8/24, 12:00 AM",DUMKA,180,2024-12-31,5.21,3.4890735,368,362,408,395,1.8543341,2024-01-01,30.223351351351347,Khasia,"{""geodesic"":false,""type"":""Point"",""coordinates"":[87.13177657282355,24.500156985669566]}"
2797_0,0.65,0.07133572,1.25,0.47,33.2,0.08945572,183.22,23.39,257.41,0.26976427,0.42,10.78,0.08684714,10.42,0.23418428,0.15873,-0.9822513769584504,1.29,58.7574,224,243,"5/8/24, 12:00 AM",DUMKA,177,2024-12-31,5.89,3.4890735,368,362,408,395,3.5718355,2024-01-01,30.223351351351347,Khasia,"{""geodesic"":false,""type"":""Point"",""coordinates"":[87.13231556199402,24.500426480254802]}"
2798_0,0.74,0.08071818,4.22,0.56,15,0.10643182,195,13.69,175,0.22410151,0.65,7.27,0.13771667,16,0.2959606,0.2467303,-1.1272677771757456,0.3,132.29935,219,232,"3/19/24, 12:00 AM",DUMKA,207,2024-12-31,4.8,3.6524582,396,391,384,377,1.3778701,2024-01-01,30.2335,Phitkoria,"{""geodesic"":false,""type"":""Point"",""coordinates"":[87.25008469574209,24.5071638448857]}"
2799_0,0.95,0.06861846,3.25,0.98,13,0.10031846,123,8.51,173,0.26867694,0.6,8.47,0.1370277,13,0.30106,0.24095538,-1.5563370258714748,2.35,28.788984,219,232,"3/19/24, 12:00 AM",DUMKA,209,2024-12-31,5.1,3.7413993,396,391,384,377,2.1156323,2024-01-01,30.2335,Phitkoria,"{""geodesic"":false,""type"":""Point"",""coordinates"":[87.24981520115686,24.506894350300463]}"
2800_0,0.74,0.056587692,3.56,0.65,12,0.083012305,150,12.5,181,0.28054616,0.33,9.68,0.09410615,15,0.2525631,0.18356,-1.1272579425863802,1.44,132.29947,215,225,"3/19/24, 12:00 AM",DUMKA,210,2024-12-31,5.25,3.7413993,386,377,400,397,1.3778667,2024-01-01,30.2335,Phitkoria,"{""geodesic"":false,""type"":""Point"",""coordinates"":[87.24981520115686,24.506624855715227]}"
2801_0,0.35,0.07748508,9.65,0.53,80,0.10205821,234,0.45,189,0.26609254,0.69,18.3,0.11523283,9,0.27754328,0.20222835,-2.2257272197580615,1.42,132.30211,211,227,"3/30/24, 12:00 AM",DUMKA,198,2024-12-31,5.41,3.6432247,368,359,421,414,4.127035,2024-01-01,30.2688,Harwa Dangal,"{""geodesic"":false,""type"":""Point"",""coordinates"":[87.265984876271,24.495036588550086]}"
2802_0,0.65,0.07748508,4.63,0.69,47,0.10205821,148,17.21,184,0.26609254,0.27,16.3,0.11523283,11,0.27754328,0.20222835,-2.2257272197580615,2.16,132.30211,211,227,"3/22/24, 12:00 AM",DUMKA,198,2024-12-31,4.61,3.6432247,368,359,421,414,4.127035,2024-01-01,30.2688,Harwa Dangal,"{""geodesic"":false,""type"":""Point"",""coordinates"":[87.265984876271,24.495036588550086]}"
2803_0,0.45,0.08631945,1.26,0.41,20.45,0.11143611,217.84,18.36,272.45,0.25539723,0.41,10.42,0.122,10.42,0.26935974,0.19499305,-1.27536449181803,0.58,286.87082,246,270,"5/9/24, 12:00 AM",DUMKA,171,2024-12-31,5.39,3.4890735,377,367,377,363,3.1925707,2024-01-01,30.256388888888882,Majhdiha,"{""geodesic"":false,""type"":""Point"",""coordinates"":[87.11857133814699,24.522255541658907]}"
2804_0,0.3,0.08631945,0.78,0.43,18.46,0.11143611,172.59199999999998,25.14,279.3,0.25539723,0.45,16.33,0.122,9.56,0.26935974,0.19499305,-1.27536449181803,0.35,286.87082,246,270,"5/9/24, 12:00 AM",DUMKA,171,2024-12-31,5.41,3.4890735,377,367,377,363,3.1925707,2024-01-01,30.256388888888882,Majhdiha,"{""geodesic"":false,""type"":""Point"",""coordinates"":[87.11857133814699,24.522255541658907]}"
2805_0,0.32,0.090111114,1.28,0.45,25.3,0.11671389,240.24,24.98,275.48,0.2763764,0.45,16.33,0.12640278,9.25,0.28935,0.2103486,-0.8258944253188581,0.42,270.0,246,270,"5/9/24, 12:00 AM",DUMKA,171,2024-12-31,5.41,3.4890735,377,367,377,363,3.055427,2024-01-01,30.256388888888882,Majhdiha,"{""geodesic"":false,""type"":""Point"",""coordinates"":[87.11857133814699,24.52198604707367]}"
2806_0,0.38,0.090111114,2.04,0.42,23.8,0.11671389,225.568,28.36,279.1,0.2763764,0.45,12.42,0.12640278,9.52,0.28935,0.2103486,-0.8258944253188581,0.36,270.0,246,270,"5/9/24, 12:00 AM",DUMKA,171,2024-12-31,5.26,3.4890735,377,367,377,363,3.055427,2024-01-01,30.256388888888882,Majhdiha,"{""geodesic"":false,""type"":""Point"",""coordinates"":[87.11857133814699,24.52198604707367]}"
2807_0,0.42,0.090111114,1.93,0.49,25.6,0.11671389,207.536,27.36,269.3,0.2763764,0.45,12.12,0.12640278,12.02,0.28935,0.2103486,-0.8258944253188581,0.28,270.0,246,270,"5/9/24, 12:00 AM",DUMKA,171,2024-12-31,5.19,3.4890735,377,367,377,363,3.055427,2024-01-01,30.256388888888882,Majhdiha,"{""geodesic"":false,""type"":""Point"",""coordinates"":[87.11857133814699,24.52198604707367]}"
2808_0,0.4,0.090111114,1.43,0.46,25.3,0.11671389,183.12,30.45,269.35,0.2763764,0.49,12.22,0.12640278,12.45,0.28935,0.2103486,-0.8258944253188581,0.65,270.0,246,270,"5/9/24, 12:00 AM",DUMKA,171,2024-12-31,5.27,3.4890735,377,367,377,363,3.055427,2024-01-01,30.256388888888882,Majhdiha,"{""geodesic"":false,""type"":""Point"",""coordinates"":[87.11857133814699,24.52198604707367]}"
2809_0,0.15,0.05285303,2.15,0.52,16.35,0.07320303,151.64799999999997,20.66,272.83,0.29100454,0.47,15.53,0.07528333,12.42,0.24043182,0.15652879,-2.1538177910164653,0.58,15.361399,228,245,"5/9/24, 12:00 AM",DUMKA,198,2024-12-31,5.24,3.6432247,374,370,397,386,3.8416488,2024-01-01,30.278399999999998,Majhdiha,"{""geodesic"":false,""type"":""Point"",""coordinates"":[87.29778523732884,24.492880631868196]}"
2810_0,0.57,0.058019698,0.85,0.42,28.3,0.08211212,232.16,20.69,292.12,0.25340456,0.47,10.77,0.096395455,10.42,0.24977273,0.1784,-2.0807348391253235,0.45,58.75566,226,243,"5/9/24, 12:00 AM",DUMKA,202,2024-12-31,5.19,3.6432247,372,368,402,390,3.5716572,2024-01-01,30.278399999999998,Majhdiha,"{""geodesic"":false,""type"":""Point"",""coordinates"":[87.29805473191408,24.49207214811249]}"
2811_0,0.38,0.099228166,2.03,0.52,25.4,0.12990704,205.48,32.65,266.51,0.27122676,0.42,14.22,0.16738732,15.42,0.31672394,0.2591507,-1.8203731045454465,0.82,312.30005,227,246,"5/8/24, 12:00 AM",DUMKA,190,2024-12-31,4.96,3.4890735,384,373,389,381,5.495555,2024-01-01,30.223351351351347,Gamharia,"{""geodesic"":false,""type"":""Point"",""coordinates"":[87.14013090496586,24.504199404448105]}"
2812_0,0.29,0.09822361,2.05,0.42,32.5,0.11964167,259.392,28.5,266.41,0.22475278,0.47,18.74,0.13916528,12.02,0.26785555,0.21922778,-0.7314040095923401,2.73,180.0,218,237,"5/8/24, 12:00 AM",DUMKA,207,2024-12-31,5.1,3.6155806,423,416,359,347,0.92740995,2024-01-01,30.23233333333334,Gamharia,"{""geodesic"":false,""type"":""Point"",""coordinates"":[87.16546339597804,24.526028465852207]}"
2813_0,0.28,0.06812222,1.88,0.41,26.3,0.09210555,197.008,32.15,191.22,0.28405833,0.43,10.74,0.09957917,12.45,0.24639028,0.17962083,-0.43434798564146815,1.41,47.70501,218,237,"5/8/24, 12:00 AM",DUMKA,207,2024-12-31,5.23,3.6155806,423,416,359,347,1.3779851,2024-01-01,30.23233333333334,Gamharia,"{""geodesic"":false,""type"":""Point"",""coordinates"":[87.1651939013928,24.526297960437443]}"
2814_0,0.65,0.06812222,0.88,0.48,26.33,0.09210555,208.88,36.25,279.33,0.28405833,0.47,18.45,0.09957917,10.24,0.24639028,0.17962083,-0.43434798564146815,1.47,47.70501,218,237,"5/8/24, 12:00 AM",DUMKA,207,2024-12-31,5.18,3.6155806,423,416,359,347,1.3779851,2024-01-01,30.23233333333334,Gamharia,"{""geodesic"":false,""type"":""Point"",""coordinates"":[87.1651939013928,24.526297960437443]}"
2815_0,0.42,0.06812222,1.25,0.58,26.3,0.09210555,182.784,30.25,207.42,0.28405833,0.41,11.45,0.09957917,13.02,0.24639028,0.17962083,-0.43434798564146815,0.59,47.70501,218,237,"5/8/24, 12:00 AM",DUMKA,207,2024-12-31,5.91,3.6155806,423,416,359,347,1.3779851,2024-01-01,30.23233333333334,Gamharia,"{""geodesic"":false,""type"":""Point"",""coordinates"":[87.1651939013928,24.526297960437443]}"
2816_0,0.58,0.08689394,0.84,0.56,28.4,0.109039396,164.304,22.58,279.66,0.2709197,0.42,16.248959999999997,0.111881815,14.02,0.2957803,0.21641667,-2.2116631956350075,1.3,90.0,225,246,"5/7/24, 12:00 AM",DUMKA,176,2024-12-31,4.96,3.5832176,365,357,410,396,4.069811,2024-01-01,30.27000000000001,Susania,"{""geodesic"":false,""type"":""Point"",""coordinates"":[87.12881213238596,24.488029729333952]}"
2817_0,0.6,0.08689394,0.81,0.41,28.6,0.109039396,182,21.25,282.12,0.2709197,0.47,13.08,0.111881815,10.47,0.2957803,0.21641667,-2.2116631956350075,1.52,90.0,225,246,"5/7/24, 12:00 AM",DUMKA,176,2024-12-31,5.32,3.5832176,365,357,410,396,4.069811,2024-01-01,30.27000000000001,Susania,"{""geodesic"":false,""type"":""Point"",""coordinates"":[87.12881213238596,24.488029729333952]}"
2818_0,0.29,0.08689394,0.69,0.52,30.15,0.109039396,153.888,25.14,282.24,0.2709197,0.49,18.74,0.111881815,10.56,0.2957803,0.21641667,-2.2116631956350075,1.45,90.0,225,246,"5/7/24, 12:00 AM",DUMKA,176,2024-12-31,4.82,3.5832176,365,357,410,396,4.069811,2024-01-01,30.27000000000001,Susania,"{""geodesic"":false,""type"":""Point"",""coordinates"":[87.12881213238596,24.488029729333952]}"
2819_0,0.44,0.08689394,1.27,0.53,28.4,0.109039396,215.6,22.35,312.05,0.2709197,0.45,14.22,0.111881815,11.42,0.2957803,0.21641667,-2.2116631956350075,1.35,90.0,225,246,"5/7/24, 12:00 AM",DUMKA,176,2024-12-31,5.32,3.5832176,365,357,410,396,4.069811,2024-01-01,30.27000000000001,Susania,"{""geodesic"":false,""type"":""Point"",""coordinates"":[87.12881213238596,24.488029729333952]}"
2820_0,0.58,0.08689394,1.53,0.43,23.8,0.109039396,228.592,23.6,297.42,0.2709197,0.53,10.48,0.111881815,13.02,0.2957803,0.21641667,-2.2116631956350075,1.29,90.0,225,246,"5/7/24, 12:00 AM",DUMKA,176,2024-12-31,4.85,3.5832176,365,357,410,396,4.069811,2024-01-01,30.27000000000001,Susania,"{""geodesic"":false,""type"":""Point"",""coordinates"":[87.12881213238596,24.488029729333952]}"
2821_0,0.26,0.07403383,1.54,0.48,30.5,0.103539705,239.12,25.41,307.33,0.28343087,0.51,12.01,0.13524118,12.42,0.35496765,0.26609707,0.2358255231511872,1.23,208.78087,228,247,"5/7/24, 12:00 AM",DUMKA,184,2024-12-31,4.87,3.5832176,371,362,401,391,2.115468,2024-01-01,30.25344444444444,Susania,"{""geodesic"":false,""type"":""Point"",""coordinates"":[87.1034796413738,24.46485319500367]}"
2822_0,0.49,0.0683,0.86,0.52,25.6,0.097355224,194.32,22.58,288.51,0.26556417,0.42,11.74,0.121556714,14.22,0.32090747,0.23620896,-1.6126944785138844,1.48,65.534386,223,242,"5/7/24, 12:00 AM",DUMKA,193,2024-12-31,4.86,3.6432247,381,375,396,384,2.238381,2024-01-01,30.278399999999998,Susania,"{""geodesic"":false,""type"":""Point"",""coordinates"":[87.29967169942549,24.494228104794377]}"
2823_0,0.39,0.06863433,0.85,0.54,20.45,0.096202984,159.6,25.66,279.51,0.26467016,0.44,16.85,0.124108955,15.42,0.3209806,0.23729552,-1.1271088771423174,1.48,47.697758,223,242,"5/7/24, 12:00 AM",DUMKA,191,2024-12-31,4.84,3.6808677,381,375,396,384,1.3777936,2024-01-01,30.278399999999998,Susania,"{""geodesic"":false,""type"":""Point"",""coordinates"":[87.30021068859597,24.494497599379613]}"
2824_0,0.6,0.07314776,1.08,0.54,23.56,0.10279403,183.12,21.25,269.53,0.27261493,0.45,18.74,0.13466418,8.42,0.34435374,0.25342387,-2.4289231895923367,1.52,23.728357,223,242,"5/7/24, 12:00 AM",DUMKA,191,2024-12-31,5.35,3.6432247,381,375,396,384,5.0525527,2024-01-01,30.278399999999998,Susania,"{""geodesic"":false,""type"":""Point"",""coordinates"":[87.29994119401073,24.494497599379613]}"
2825_0,0.49,0.07078955,1.24,0.41,26.59,0.09907015,172.81599999999997,20.29,316.74,0.2703791,0.49,10.74,0.11436418,10.24,0.31408957,0.22682537,-1.820254815672393,1.31,47.697697,223,242,"5/7/24, 12:00 AM",DUMKA,193,2024-12-31,5.19,3.6432247,381,375,396,384,2.753992,2024-01-01,30.278399999999998,Susania,"{""geodesic"":false,""type"":""Point"",""coordinates"":[87.29994119401073,24.494228104794377]}"
2826_0,0.76,0.07078955,1.21,0.46,23.8,0.09907015,205.18,26.84,307.12,0.2703791,0.49,15.47,0.11436418,13.489999999999991,0.31408957,0.22682537,-1.820254815672393,1.27,47.697697,223,242,"5/7/24, 12:00 AM",DUMKA,193,2024-12-31,5.48,3.6432247,381,375,396,384,2.753992,2024-01-01,30.278399999999998,Susania,"{""geodesic"":false,""type"":""Point"",""coordinates"":[87.29994119401073,24.494228104794377]}"
2827_0,0.68,0.07299403,1.93,0.49,25.6,0.10557612,178.44,31.22,297.41,0.26580894,0.41,11.45,0.14636567,14.77125,0.33129254,0.25606865,-0.8254651909814862,1.53,90.0,228,245,"5/7/24, 12:00 AM",DUMKA,194,2024-12-31,5.34,3.6432247,374,370,397,386,1.0191072,2024-01-01,30.278399999999998,Susania,"{""geodesic"":false,""type"":""Point"",""coordinates"":[87.29967169942549,24.49395861020914]}"
2828_0,0.37,0.07078955,1.23,0.53,18.88,0.09907015,175.616,26.23,250.88,0.2703791,0.43,11.42,0.11436418,9.03,0.31408957,0.22682537,-1.820254815672393,1.07,47.697697,223,242,"5/7/24, 12:00 AM",DUMKA,193,2024-12-31,5.05,3.6432247,381,375,396,384,2.753992,2024-01-01,30.278399999999998,Susania,"{""geodesic"":false,""type"":""Point"",""coordinates"":[87.29994119401073,24.494228104794377]}"
2829_0,0.19,0.066557355,1.56,0.52,32.5,0.08442647,164.304,31.45,310.26,0.18377647,0.48,14.77125,0.107738234,12.68,0.27551618,0.24230883,-0.8255420368500138,0.69,270.0,230,245,"5/7/24, 12:00 AM",DUMKA,192,2024-12-31,5.21,3.6808677,364,360,406,395,1.0191499,2024-01-01,30.278399999999998,Susania,"{""geodesic"":false,""type"":""Point"",""coordinates"":[87.30748704239733,24.49907900732862]}"
2830_0,0.48,0.05875147,0.88,0.42,20.8,0.075969115,153.888,29.32,238.16,0.25246617,0.53,16.869999999999983,0.07442353,11.42,0.21017058,0.14194559,-2.2118545966327883,0.95,90.0,230,245,"5/7/24, 12:00 AM",DUMKA,194,2024-12-31,5.24,3.6915154,364,360,406,395,4.070205,2024-01-01,30.26022222222222,Susania,"{""geodesic"":false,""type"":""Point"",""coordinates"":[87.3072175478121,24.500156985669566]}"
2831_0,0.54,0.057960294,0.68,0.53,33.4,0.08132353,185.024,25.69,307.18,0.24601029,0.44,13.08,0.09432941,10.56,0.27373677,0.19867206,-0.919595119361736,1.24,294.4651,231,247,"5/7/24, 12:00 AM",DUMKA,182,2024-12-31,5.41,3.6808677,366,360,404,393,2.238426,2024-01-01,30.278399999999998,Susania,"{""geodesic"":false,""type"":""Point"",""coordinates"":[87.30506159113021,24.49719254523197]}"
2832_0,0.58,0.06477794,0.86,0.48,21.6,0.08252794,151.872,28.44,258.42,0.1916897,0.25,13.62,0.106611766,12.74,0.27625737,0.23755294,-1.1271643516598813,1.93,132.30116,230,245,"5/7/24, 12:00 AM",DUMKA,192,2024-12-31,5.12,3.6808677,364,360,406,395,1.3778218,2024-01-01,30.278399999999998,Susania,"{""geodesic"":false,""type"":""Point"",""coordinates"":[87.3072175478121,24.49907900732862]}"
2833_0,0.25,0.05669851,0.58,0.41,20.4,0.077598505,183.12,26.35,323.25,0.2684597,0.42,16.38,0.08067612,13.02,0.23632537,0.1595806,-2.0808358457241614,1.86,121.24288,230,245,"5/7/24, 12:00 AM",DUMKA,193,2024-12-31,5.14,3.6808677,364,360,406,395,3.5718067,2024-01-01,30.278399999999998,Susania,"{""geodesic"":false,""type"":""Point"",""coordinates"":[87.30694805322686,24.49907900732862]}"
2834_0,0.22,0.071242645,0.84,0.48,25.4,0.089182355,219.072,24.26,291.42,0.20075442,0.42,10.78,0.10710147,10.47,0.26018822,0.223275,-1.1271631399105508,1.25,227.69876,231,246,"5/7/24, 12:00 AM",DUMKA,192,2024-12-31,4.82,3.6808677,367,363,403,391,1.3778201,2024-01-01,30.278399999999998,Susania,"{""geodesic"":false,""type"":""Point"",""coordinates"":[87.30748704239733,24.498809512743385]}"
2835_0,0.38,0.06853283,0.84,0.56,33.2,0.096537314,205.12,25.36,249.77,0.26252836,0.47,13.23,0.1286582,10.42,0.31781492,0.24056567,-1.5562233178799636,1.48,151.21326,225,243,"5/7/24, 12:00 AM",DUMKA,197,2024-12-31,5.38,3.6808677,378,371,397,385,2.115587,2024-01-01,30.278399999999998,Susania,"{""geodesic"":false,""type"":""Point"",""coordinates"":[87.30101917235167,24.495306083135322]}"
2836_0,0.44,0.062643476,1.43,0.56,20.8,0.08381014,159.86,20.45,244.16,0.20619565,0.42,15.47,0.08965797,13.05,0.19395652,0.12747101,-0.7311605112770371,1.52,-0.0,227,249,"5/7/24, 12:00 AM",DUMKA,179,2024-12-31,5.34,3.6808677,372,371,401,380,0.92740995,2024-01-01,30.278399999999998,Susania,"{""geodesic"":false,""type"":""Point"",""coordinates"":[87.30398361278927,24.494497599379613]}"
2837_0,0.45,0.06879105,2.02,0.49,26.5,0.09780149,183.22,23.15,301.42,0.26353434,0.47,10.74,0.13191344,12.04,0.32575223,0.24922238,-2.5394205027753602,1.48,169.62126,225,243,"5/7/24, 12:00 AM",DUMKA,195,2024-12-31,5.12,3.6808677,378,371,397,385,5.639231,2024-01-01,30.278399999999998,Susania,"{""geodesic"":false,""type"":""Point"",""coordinates"":[87.30101917235167,24.495036588550086]}"
2838_0,0.23,0.07115672,0.85,0.45,27.3,0.098167166,192.53,20.16,254.18,0.25563136,0.45,0.84,0.12970747,13.22,0.32254627,0.24167164,-2.4029753434849064,1.52,235.6866,223,242,"5/7/24, 12:00 AM",DUMKA,196,2024-12-31,4.92,3.6808677,381,375,396,384,4.923763,2024-01-01,30.278399999999998,Susania,"{""geodesic"":false,""type"":""Point"",""coordinates"":[87.3004801831812,24.495306083135322]}"
2839_0,0.22,0.067371644,1.68,0.58,28.3,0.092262685,208.45,24.11,275.41,0.25790447,0.41,19.85,0.114346266,10.44,0.30325374,0.22315672,-2.4029753434849064,1.56,124.3134,225,243,"5/7/24, 12:00 AM",DUMKA,196,2024-12-31,5.32,3.6808677,378,371,397,385,4.923763,2024-01-01,30.278399999999998,Susania,"{""geodesic"":false,""type"":""Point"",""coordinates"":[87.30128866693691,24.495306083135322]}"
2840_0,0.61,0.06853283,0.62,0.58,33.2,0.096537314,182.45,33.26,326.12,0.26252836,0.53,14.78,0.1286582,10.42,0.31781492,0.24056567,-1.5562233178799636,1.04,151.21326,225,243,"5/7/24, 12:00 AM",DUMKA,197,2024-12-31,4.91,3.6808677,378,371,397,385,2.115587,2024-01-01,30.278399999999998,Susania,"{""geodesic"":false,""type"":""Point"",""coordinates"":[87.30101917235167,24.495306083135322]}"
2841_0,0.72,0.07078955,2.15,0.42,20.45,0.09907015,207.41,26.35,291.42,0.2703791,0.44,12.88,0.11436418,11.24,0.31408957,0.22682537,-1.820254815672393,1.24,47.697697,223,242,"5/7/24, 12:00 AM",DUMKA,193,2024-12-31,5.26,3.6432247,381,375,396,384,2.753992,2024-01-01,30.278399999999998,Dudhua,"{""geodesic"":false,""type"":""Point"",""coordinates"":[87.29994119401073,24.494228104794377]}"
2842_0,0.25,0.06863433,1.52,0.52,25.6,0.096202984,192.48,24.16,266.58,0.26467016,0.47,14.57,0.124108955,12.14,0.3209806,0.23729552,-1.1271088771423174,1.34,47.697758,223,242,"5/7/24, 12:00 AM",DUMKA,191,2024-12-31,5.34,3.6808677,381,375,396,384,1.3777936,2024-01-01,30.278399999999998,Dudhua,"{""geodesic"":false,""type"":""Point"",""coordinates"":[87.30021068859597,24.494497599379613]}"
2843_0,0.42,0.07314776,0.78,0.49,21.89,0.10279403,207.41,30.59,266.15,0.27261493,0.44,18.18,0.13466418,14.21,0.34435374,0.25342387,-2.4289231895923367,1.69,23.728357,223,242,"5/7/24, 12:00 AM",DUMKA,191,2024-12-31,5.38,3.6432247,381,375,396,384,5.0525527,2024-01-01,30.278399999999998,Dudhua,"{""geodesic"":false,""type"":""Point"",""coordinates"":[87.29994119401073,24.494497599379613]}"
2844_0,0.35,0.07057612,1.46,0.41,23.9,0.09844776,178.66,32.05,268.49,0.2788403,0.42,15.55,0.11579552,14.62,0.32095075,0.22457612,-1.9680905012621304,1.26,73.12564,225,243,"5/7/24, 12:00 AM",DUMKA,191,2024-12-31,5.18,3.6808677,378,371,397,385,3.1919196,2024-01-01,30.278399999999998,Dudhua,"{""geodesic"":false,""type"":""Point"",""coordinates"":[87.30021068859597,24.494228104794377]}"
2845_0,0.52,0.0683,2.05,0.41,25.32,0.097355224,184.55,25.17,294.17,0.26556417,0.42,13.62,0.121556714,13.05,0.32090747,0.23620896,-1.6126944785138844,0.91,65.534386,223,242,"5/7/24, 12:00 AM",DUMKA,193,2024-12-31,4.91,3.6432247,381,375,396,384,2.238381,2024-01-01,30.278399999999998,Dudhua,"{""geodesic"":false,""type"":""Point"",""coordinates"":[87.29967169942549,24.494228104794377]}"
2846_0,0.28,0.07057612,0.78,0.48,25.6,0.09844776,206.31,21.25,250.48,0.2788403,0.44,18.74,0.11579552,10.58,0.32095075,0.22457612,-1.9680905012621304,1.02,73.12564,225,243,"5/7/24, 12:00 AM",DUMKA,191,2024-12-31,5.12,3.6808677,378,371,397,385,3.1919196,2024-01-01,30.278399999999998,Dudhua,"{""geodesic"":false,""type"":""Point"",""coordinates"":[87.30021068859597,24.494228104794377]}"
2847_0,0.37,0.0683,0.74,0.58,32.5,0.097355224,197.48,25.14,263.48,0.26556417,0.41,10.42,0.121556714,11.42,0.32090747,0.23620896,-1.6126944785138844,1.69,65.534386,223,242,"5/7/24, 12:00 AM",DUMKA,193,2024-12-31,5.08,3.6432247,381,375,396,384,2.238381,2024-01-01,30.278399999999998,Dudhua,"{""geodesic"":false,""type"":""Point"",""coordinates"":[87.29967169942549,24.494228104794377]}"
2848_0,0.8,0.07553143,4.58,0.31,67.45,0.10856572,128.12,3.32,348,0.25494573,0.63,11.38,0.13531429,18.67,0.29269713,0.22563143,-1.1268106458889562,0.46,47.69222,229,238,"6/24/24, 12:00 AM",DUMKA,240,2024-12-31,4.95,3.2468905,390,384,380,377,1.3776472,2024-01-01,30.288514285714285,Sankarpur,"{""geodesic"":false,""type"":""Point"",""coordinates"":[86.93989642813563,24.46997359212315]}"
2849_0,0.46,0.062205713,5.12,0.89,64.26,0.08761143,119.57,19.08,258,0.22625428,0.49,9.39,0.09776,12.49,0.25397715,0.19187714,-0.7309685755068089,0.56,180.0,229,238,"6/20/24, 12:00 AM",DUMKA,240,2024-12-31,5.31,3.2468905,390,384,380,377,0.92740995,2024-01-01,30.288514285714285,Sankarpur,"{""geodesic"":false,""type"":""Point"",""coordinates"":[86.93962693355039,24.469704097537914]}"
2850_0,0.35,0.09284,6.11,0.78,58.62,0.12588857,107.89,26.3,368,0.2511514,0.83,17.41,0.15606,8.46,0.30833715,0.25216,2.053287495006944,2.77,-0.0,229,238,"6/20/24, 12:00 AM",DUMKA,240,2024-12-31,5.83,3.2468905,390,384,380,377,0.0,2024-01-01,30.288514285714285,Sankarpur,"{""geodesic"":false,""type"":""Point"",""coordinates"":[86.93989642813563,24.469704097537914]}"
2851_0,0.47,0.0867725,4.15,0.98,82,0.109235,183,11.25,152,0.30326417,0.65,9.68,0.1105675,16,0.25031585,0.17780417,-1.1983201362388607,0.7,159.9034,227,238,"3/19/24, 12:00 AM",DUMKA,166,2024-12-31,4.15,3.5455499,378,381,395,381,2.9602313,2024-01-01,30.253526315789475,Khairbani,"{""geodesic"":false,""type"":""Point"",""coordinates"":[87.39615076093993,24.350048501693195]}"
2852_0,0.85,0.09419365,3.98,1.09,87,0.1107373,125,12.54,149,0.28230634,0.31,10.3,0.12479921,15,0.26757777,0.20988333,-1.3024657390284078,0.56,55.656166,227,238,"3/19/24, 12:00 AM",DUMKA,169,2024-12-31,5.1,3.5455499,378,381,395,381,4.9199533,2024-01-01,30.253526315789475,Khairbani,"{""geodesic"":false,""type"":""Point"",""coordinates"":[87.39480328801375,24.351395974619372]}"
2853_0,0.65,0.07979836,7.65,0.87,74,0.09506475,174,11.98,175,0.24186476,0.37,10.2,0.09436967,15,0.24492541,0.18895902,-1.4231881083617124,0.36,-0.0,227,238,"3/19/24, 12:00 AM",DUMKA,168,2024-12-31,5.38,3.5455499,378,381,395,381,1.8543341,2024-01-01,30.253526315789475,Khairbani,"{""geodesic"":false,""type"":""Point"",""coordinates"":[87.39588126635469,24.3508569854489]}"
2854_0,0.69,0.084650785,5.62,1.13,75,0.09555235,194,14.94,198,0.26014298,0.29,8.96,0.10177656,14,0.2442625,0.18287265,-2.209518270722958,0.16,90.0,228,239,"3/19/24, 12:00 AM",DUMKA,170,2024-12-31,5.14,3.5455499,379,383,393,379,4.065429,2024-01-01,30.253526315789475,Khairbani,"{""geodesic"":false,""type"":""Point"",""coordinates"":[87.39453379342851,24.351665469204608]}"
2855_0,0.75,0.06696667,6.59,0.37,47.85,0.09712778,128.12,15.66,274,0.2856778,0.68,10.59,0.100819446,9.47,0.26273334,0.194075,-2.846862104297525,0.14,15.359944,223,239,"6/25/24, 12:00 AM",DUMKA,224,2024-12-31,5.46,3.2468905,386,376,390,385,7.649011,2024-01-01,30.278500000000008,Gadi Kamardiha,"{""geodesic"":false,""type"":""Point"",""coordinates"":[86.94205238481752,24.480214386362114]}"
2856_0,0.81,0.07753714,2.45,0.92,38.34,0.11401428,115.31,37.6,376,0.30816573,0.57,15.08,0.13488,8.67,0.31286287,0.24802,-0.7939679337719495,1.18,20.115402,228,240,"6/24/24, 12:00 AM",DUMKA,233,2024-12-31,5.47,3.2468905,390,382,381,378,2.9605863,2024-01-01,30.278500000000008,Gadi Kamardiha,"{""geodesic"":false,""type"":""Point"",""coordinates"":[86.94286086857322,24.47832792426546]}"
2857_0,0.39,0.06279143,5.35,0.87,93.26,0.08567714,145.34,10.15,384,0.22828285,0.89,16.96,0.093242854,18.65,0.24950571,0.17988858,-2.6267003571088328,2.91,318.68457,229,244,"6/20/24, 12:00 AM",DUMKA,240,2024-12-31,5.39,3.2468905,393,384,378,372,6.1505957,2024-01-01,30.278500000000008,Gadi Kamardiha,"{""geodesic"":false,""type"":""Point"",""coordinates"":[86.94178289023228,24.477249945924516]}"
2858_0,0.32,0.08524658,5.21,1.04,80.81,0.10681096,140.56,17.54,404,0.28372192,0.39,25.23,0.11146165,18.87,0.27765343,0.19154246,-2.441635878444652,2.34,63.15867,237,243,"5/13/24, 12:00 AM",DUMKA,105,2024-12-31,5.04,3.5241098,411,417,352,341,10.162795,2024-01-01,30.305542857142864,Paharpur,"{""geodesic"":false,""type"":""Point"",""coordinates"":[87.54006086945587,24.373225036023477]}"
2859_0,0.68,0.046564706,3.65,0.54,64.89,0.06600294,160.5,35.2,242,0.2223353,0.43,24.02,0.062838234,12.49,0.20713235,0.1349647,-0.8251639594616698,2.91,270.0,221,235,"6/25/24, 12:00 AM",DUMKA,239,2024-12-31,5.63,3.2468905,393,385,386,380,1.0189564,2024-01-01,30.28788888888889,Kairbank,"{""geodesic"":false,""type"":""Point"",""coordinates"":[86.9345065364309,24.475363483827866]}"
2860_0,0.58,0.09284,4.12,0.98,82.16,0.12588857,126.33,4.158,389,0.2511514,0.85,14.51,0.15606,14.65,0.30833715,0.25216,2.053287495006944,0.54,-0.0,229,238,"6/20/24, 12:00 AM",DUMKA,240,2024-12-31,5.02,3.2468905,390,384,380,377,0.0,2024-01-01,30.288514285714285,Sankarpur,"{""geodesic"":false,""type"":""Point"",""coordinates"":[86.93989642813563,24.469704097537914]}"
2861_0,0.41,0.07181667,6.88,0.47,45.62,0.101623915,101.26,7.24,248,0.28998116,0.81,13.08,0.12486159,13.87,0.33613986,0.24241957,-1.819177853287869,0.81,132.3223,224,237,"5/27/24, 12:00 AM",DUMKA,233,2024-12-31,5.14,3.4005349,392,383,384,380,2.7529383,2024-01-01,30.26283333333334,Basjora,"{""geodesic"":false,""type"":""Point"",""coordinates"":[86.98085960509147,24.405833880837015]}"
2862_0,0.45,0.051467795,5.09,0.59,50.56,0.07170085,165.01,2.74,368,0.26437202,0.42,17.23,0.059972033,18.48,0.18260762,0.107550845,3.7403242230365787,2.2,65.52,222,240,"6/4/24, 12:00 AM",DUMKA,233,2024-12-31,5.81,3.4005349,393,379,385,382,4.4674954,2024-01-01,30.234400000000004,Daldali,"{""geodesic"":false,""type"":""Point"",""coordinates"":[86.96900184334109,24.41014579420079]}"
2863_0,1.23,0.051816102,4.12,0.31,82.16,0.07711017,126.33,4.158,389,0.28297117,0.52,14.51,0.063521184,14.48,0.20069322,0.11967288,4.078135578228318,1.79,106.884995,222,240,"6/4/24, 12:00 AM",DUMKA,233,2024-12-31,5.73,3.4005349,393,379,385,382,3.1899717,2024-01-01,30.234400000000004,Daldali,"{""geodesic"":false,""type"":""Point"",""coordinates"":[86.96900184334109,24.409876299615554]}"
2864_0,0.65,0.051467795,3.25,0.39,96.34,0.07170085,113.29,14.2,245,0.26437202,0.53,11.28,0.059972033,15.47,0.18260762,0.107550845,3.7403242230365787,2.22,65.52,222,240,"6/4/24, 12:00 AM",DUMKA,233,2024-12-31,5.17,3.4005349,393,379,385,382,4.4674954,2024-01-01,30.234400000000004,Daldali,"{""geodesic"":false,""type"":""Point"",""coordinates"":[86.96900184334109,24.41014579420079]}"
2865_0,0.75,0.053561863,5.12,0.89,64.26,0.07173051,119.57,19.08,258,0.23290677,0.49,9.39,0.06597712,12.49,0.20210339,0.1300678,4.225723615599451,0.46,47.678707,222,240,"5/30/24, 12:00 AM",DUMKA,231,2024-12-31,5.3,3.4005349,393,379,385,382,2.7529912,2024-01-01,30.234400000000004,Daldali,"{""geodesic"":false,""type"":""Point"",""coordinates"":[86.96927133792633,24.41014579420079]}"
2866_0,1.23,0.07040267,3.28,0.69,42.34,0.093912,106.77,20.18,258,0.28050932,0.69,9.39,0.099430665,16.67,0.25512,0.17002666,5.269773452951253,2.17,47.669304,234,242,"5/13/24, 12:00 AM",DUMKA,97,2024-12-31,5.65,3.5241098,418,422,348,335,2.752496,2024-01-01,30.299166666666665,Daldali,"{""geodesic"":false,""type"":""Point"",""coordinates"":[87.54518126657536,24.36864362807447]}"
2867_0,0.45,0.07116713,6.11,1.02,58.62,0.09217124,271.5,26.3,384,0.28782603,0.41,9.26,0.07788082,7.47,0.19883287,0.1156274,-2.9581731584673885,0.46,71.14086,237,243,"5/13/24, 12:00 AM",DUMKA,127,2024-12-31,5.46,3.5241098,411,417,352,341,8.5441,2024-01-01,30.305542857142864,Daldali,"{""geodesic"":false,""type"":""Point"",""coordinates"":[87.53925238570017,24.372686046853005]}"
2868_0,0.75,0.066838354,5.78,0.62,59.83,0.08690411,120.14,11.26,379,0.26772466,0.55,10.24,0.075283565,9.34,0.20171233,0.12102192,-2.6594024575958026,0.78,106.889725,227,232,"5/6/24, 12:00 AM",DUMKA,126,2024-12-31,5.71,3.5241098,422,426,351,342,6.358575,2024-01-01,30.305542857142864,Daldali,"{""geodesic"":false,""type"":""Point"",""coordinates"":[87.53925238570017,24.37241655226777]}"
2869_0,0.37,0.08194191,7.54,0.89,54.74,0.12816642,134.07,24.45,278,0.26622263,0.47,18.28,0.14605986,15.45,0.3145,0.23512919,-0.729994943604921,1.08,180.0,225,239,"5/27/24, 12:00 AM",DUMKA,151,2024-12-31,5.46,3.5413055,374,371,401,390,0.92740995,2024-01-01,30.26494736842105,Bhalsumia,"{""geodesic"":false,""type"":""Point"",""coordinates"":[87.3613859594445,24.344658609988475]}"
2870_0,0.62,0.06681385,3.75,0.55,38.45,0.08609231,150.06,14.99,284,0.1958923,0.59,6.47,0.118143074,14.65,0.2731446,0.23835692,-1.6126649506531223,0.45,65.53405,226,244,"5/14/24, 12:00 AM",DUMKA,214,2024-12-31,5.47,3.6432247,368,363,406,393,2.2383523,2024-01-01,30.277828571428568,Kusmaha,"{""geodesic"":false,""type"":""Point"",""coordinates"":[87.29428180772078,24.492341642697724]}"
2871_0,0.46,0.06891791,8.11,0.45,26.42,0.09803881,165.01,11.26,274,0.2629209,0.68,10.32,0.12989104,15.45,0.3247194,0.24802239,-1.5562233178799636,0.49,208.78674,225,243,"5/14/24, 12:00 AM",DUMKA,197,2024-12-31,6.1,3.6808677,378,371,397,385,2.115587,2024-01-01,30.278399999999998,Kusmaha,"{""geodesic"":false,""type"":""Point"",""coordinates"":[87.30074967776643,24.495306083135322]}"
2872_0,0.49,0.067371644,5.44,0.42,48.83,0.092262685,129.12,11.42,247,0.25790447,0.85,18.56,0.114346266,14.48,0.30325374,0.22315672,-2.4029753434849064,1.69,124.3134,225,243,"5/14/24, 12:00 AM",DUMKA,196,2024-12-31,4.87,3.6808677,378,371,397,385,4.923763,2024-01-01,30.278399999999998,Kusmaha,"{""geodesic"":false,""type"":""Point"",""coordinates"":[87.30128866693691,24.495306083135322]}"
2873_0,0.32,0.067371644,4.92,0.45,90.24,0.092262685,112.14,25.3,239,0.25790447,0.69,17.47,0.114346266,21.47,0.30325374,0.22315672,-2.4029753434849064,0.19,124.3134,225,243,"5/14/24, 12:00 AM",DUMKA,196,2024-12-31,5.5,3.6808677,378,371,397,385,4.923763,2024-01-01,30.278399999999998,Kusmaha,"{""geodesic"":false,""type"":""Point"",""coordinates"":[87.30128866693691,24.495306083135322]}"
2874_0,0.32,0.07641493,4.92,0.45,90.24,0.10316866,112.14,25.3,239,0.2699209,0.69,17.47,0.1345224,21.47,0.35673285,0.26634777,-2.1490335394054147,0.19,248.69432,223,242,"5/14/24, 12:00 AM",DUMKA,193,2024-12-31,5.5,3.6808677,381,375,396,384,7.6128454,2024-01-01,30.278399999999998,Kusmaha,"{""geodesic"":false,""type"":""Point"",""coordinates"":[87.30021068859597,24.495306083135322]}"
2875_0,0.46,0.06853283,3.64,0.41,64.06,0.096537314,107.89,6.16,249,0.26252836,0.79,18.18,0.1286582,16.67,0.31781492,0.24056567,-1.5562233178799636,0.39,151.21326,225,243,"5/14/24, 12:00 AM",DUMKA,197,2024-12-31,5.77,3.6808677,378,371,397,385,2.115587,2024-01-01,30.278399999999998,Kusmaha,"{""geodesic"":false,""type"":""Point"",""coordinates"":[87.30101917235167,24.495306083135322]}"
2876_0,0.41,0.07711045,4.29,0.58,45.62,0.102197014,76.34,7.35,236,0.25830746,0.69,11.65,0.13484627,12.49,0.3560403,0.26764178,-2.3641964634232986,1.87,12.395547,223,242,"5/14/24, 12:00 AM",DUMKA,195,2024-12-31,5.73,3.6808677,381,375,396,384,4.7373137,2024-01-01,30.278399999999998,Kusmaha,"{""geodesic"":false,""type"":""Point"",""coordinates"":[87.3004801831812,24.496114566891027]}"
2877_0,0.37,0.06836716,2.15,0.69,35.81,0.09202687,100.11,17.12,325,0.24474329,0.92,9.28,0.11689851,15.49,0.3119612,0.22865522,-0.7311715672302302,3.14,-0.0,225,243,"5/14/24, 12:00 AM",DUMKA,197,2024-12-31,5.54,3.6808677,378,371,397,385,0.92740995,2024-01-01,30.278399999999998,Kusmaha,"{""geodesic"":false,""type"":""Point"",""coordinates"":[87.30074967776643,24.495575577720555]}"
2878_0,0.48,0.067371644,4.12,0.98,82.16,0.092262685,126.33,4.158,389,0.25790447,0.85,14.15,0.114346266,21.47,0.30325374,0.22315672,-2.4029753434849064,0.99,124.3134,225,243,"5/8/24, 12:00 AM",DUMKA,196,2024-12-31,5.02,3.6808677,378,371,397,385,4.923763,2024-01-01,30.278399999999998,Kusmaha,"{""geodesic"":false,""type"":""Point"",""coordinates"":[87.30128866693691,24.495306083135322]}"
2879_0,0.56,0.06999701,2.12,0.89,45.23,0.09657164,129.12,3.178,272,0.25047612,0.98,18.76,0.13030747,19.58,0.3096821,0.22981343,-1.4243187084243223,0.14,-0.0,225,243,"5/14/24, 12:00 AM",DUMKA,197,2024-12-31,5.14,3.6808677,378,371,397,385,1.8543341,2024-01-01,30.278399999999998,Kusmaha,"{""geodesic"":false,""type"":""Point"",""coordinates"":[87.30101917235167,24.495575577720555]}"
2880_0,0.58,0.067371644,3.42,0.27,28.36,0.092262685,118.47,25.33,266,0.25790447,0.81,11.49,0.114346266,15.67,0.30325374,0.22315672,-2.4029753434849064,0.26,124.3134,225,243,"5/14/24, 12:00 AM",DUMKA,196,2024-12-31,4.85,3.6808677,378,371,397,385,4.923763,2024-01-01,30.278399999999998,Kusmaha,"{""geodesic"":false,""type"":""Point"",""coordinates"":[87.30128866693691,24.495306083135322]}"
2881_0,0.35,0.07091791,5.96,0.16,64.12,0.09916716,101.26,2.654,232,0.26113284,0.21,8.72,0.12804328,12.49,0.31674477,0.23942687,-2.5858771519891808,0.49,159.88214,225,243,"5/14/24, 12:00 AM",DUMKA,194,2024-12-31,5.8,3.6808677,378,371,397,385,5.905539,2024-01-01,30.278399999999998,Kusmaha,"{""geodesic"":false,""type"":""Point"",""coordinates"":[87.30128866693691,24.495036588550086]}"
2882_0,0.65,0.08094173,6.47,0.53,18.31,0.112460434,165.01,5.39,235,0.2788885,0.39,9.31,0.13511151,14.48,0.32988706,0.24993525,-1.6114220212170158,2.22,65.51929,224,237,"5/28/24, 12:00 AM",DUMKA,233,2024-12-31,4.68,3.4005349,392,383,384,380,2.237087,2024-01-01,30.266333333333325,Baghmara,"{""geodesic"":false,""type"":""Point"",""coordinates"":[86.98085960509147,24.40610337542225]}"
2883_0,0.49,0.08094173,1.64,0.67,26.1,0.112460434,145.34,12.36,232,0.2788885,0.48,8.72,0.13511151,7.47,0.32988706,0.24993525,-1.6114220212170158,0.78,65.51929,224,237,"5/28/24, 12:00 AM",DUMKA,233,2024-12-31,5.31,3.4005349,392,383,384,380,2.237087,2024-01-01,30.266333333333325,Baghmara,"{""geodesic"":false,""type"":""Point"",""coordinates"":[86.98085960509147,24.40610337542225]}"
2884_0,0.8,0.063757144,5.39,0.75,65.3,0.09395143,128.12,6.35,237,0.2585914,0.83,9.28,0.10279143,8.89,0.26656285,0.18360285,1.3587291758604396,1.18,47.68034,217,232,"5/18/24, 12:00 AM",DUMKA,256,2024-12-31,4.89,3.3341472,421,410,362,358,1.3773336,2024-01-01,30.27477777777777,Kendkhapra,"{""geodesic"":false,""type"":""Point"",""coordinates"":[86.91429444253822,24.417422148002156]}"
2885_0,0.75,0.07308,8.17,0.51,26.59,0.10477143,100.11,5.62,247,0.26171714,0.51,9,0.12486571,13.87,0.30551428,0.22267428,-1.126163681806627,1.87,132.3198,217,232,"5/18/24, 12:00 AM",DUMKA,256,2024-12-31,5.57,3.3341472,421,410,362,358,1.3773303,2024-01-01,30.27477777777777,Kendkhapra,"{""geodesic"":false,""type"":""Point"",""coordinates"":[86.91429444253822,24.416883158831688]}"
2886_0,0.42,0.08580286,5.44,0.42,48.83,0.11462285,129.12,11.42,247,0.25594285,0.85,18.56,0.13091429,15.45,0.2848857,0.20983428,1.6606474555557462,3.14,90.0,217,232,"5/18/24, 12:00 AM",DUMKA,257,2024-12-31,4.87,3.3341472,421,410,362,358,1.0184873,2024-01-01,30.27477777777777,Kendkhapra,"{""geodesic"":false,""type"":""Point"",""coordinates"":[86.91429444253822,24.41715265341692]}"
2887_0,0.82,0.08580286,3.56,0.65,40.42,0.11462285,134.07,11.73,274,0.25594285,0.57,10.59,0.13091429,22.78,0.2848857,0.20983428,1.6606474555557462,0.56,90.0,217,232,"5/15/24, 12:00 AM",DUMKA,257,2024-12-31,5.63,3.3341472,421,410,362,358,1.0184873,2024-01-01,30.27477777777777,Kendkhapra,"{""geodesic"":false,""type"":""Point"",""coordinates"":[86.91429444253822,24.41715265341692]}"
2888_0,0.85,0.08580286,7.18,0.56,43.31,0.11462285,150.06,7.62,272,0.25594285,0.69,18.76,0.13091429,9.47,0.2848857,0.20983428,1.6606474555557462,0.23,90.0,217,232,"5/15/24, 12:00 AM",DUMKA,257,2024-12-31,5.63,3.3341472,421,410,362,358,1.0184873,2024-01-01,30.27477777777777,Kendkhapra,"{""geodesic"":false,""type"":""Point"",""coordinates"":[86.91429444253822,24.41715265341692]}"
2889_0,0.38,0.08580286,7.4,1.04,49.25,0.11462285,48.63,19.09,143,0.25594285,0.37,23.59,0.13091429,14,0.2848857,0.20983428,1.6606474555557462,1.38,90.0,217,232,"4/11/24, 12:00 AM",DUMKA,257,2024-12-31,5.7,3.3341472,421,410,362,358,1.0184873,2024-01-01,30.27477777777777,Kendkhapra,"{""geodesic"":false,""type"":""Point"",""coordinates"":[86.91429444253822,24.41715265341692]}"
2890_0,0.75,0.078768656,4.02,0.69,26.53,0.100368656,98.63,1.304,258,0.26101193,0.59,10.34,0.1081403,8.97,0.27489105,0.20111492,-0.9193937565493857,1.35,245.53256,219,242,"5/14/24, 12:00 AM",DUMKA,178,2024-12-31,4.68,3.5832176,364,355,417,403,2.2382255,2024-01-01,30.28965714285715,Kendkhapra,"{""geodesic"":false,""type"":""Point"",""coordinates"":[87.13258505657926,24.483717815970177]}"
2891_0,0.85,0.078768656,4.88,0.95,8.012,0.100368656,114.51,14.5,371,0.26101193,0.59,10.32,0.1081403,9.47,0.27489105,0.20111492,-0.9193937565493857,0.19,245.53256,219,242,"5/14/24, 12:00 AM",DUMKA,178,2024-12-31,5.52,3.5832176,364,355,417,403,2.2382255,2024-01-01,30.28965714285715,Kendkhapra,"{""geodesic"":false,""type"":""Point"",""coordinates"":[87.13258505657926,24.483717815970177]}"
2892_0,0.78,0.07839,3.65,0.89,64.89,0.10314143,128.12,35.2,358,0.25763285,0.51,19.15,0.10473572,7.47,0.26230428,0.18469,-2.04463235612801,0.39,216.22733,218,240,"5/14/24, 12:00 AM",DUMKA,171,2024-12-31,5.02,3.5832176,369,361,413,399,3.445138,2024-01-01,30.279771428571426,Kendkhapra,"{""geodesic"":false,""type"":""Point"",""coordinates"":[87.12557819736313,24.498270523572916]}"
2893_0,0.48,0.078768656,4.12,0.98,82.16,0.100368656,126.33,4.158,389,0.26101193,0.85,14.51,0.1081403,21.47,0.27489105,0.20111492,-0.9193937565493857,0.99,245.53256,219,242,"5/14/24, 12:00 AM",DUMKA,178,2024-12-31,5.02,3.5832176,364,355,417,403,2.2382255,2024-01-01,30.28965714285715,Kendkhapra,"{""geodesic"":false,""type"":""Point"",""coordinates"":[87.13258505657926,24.483717815970177]}"
2894_0,0.62,0.057510447,5.35,0.87,93.26,0.08031791,145.34,10.15,384,0.2614164,0.89,16.96,0.07970597,13.46,0.26049253,0.16853732,-1.303716046965858,0.46,235.67606,243,262,"5/14/24, 12:00 AM",DUMKA,167,2024-12-31,5.39,3.626652,358,353,399,385,4.922443,2024-01-01,30.226399999999998,Kendkhapra,"{""geodesic"":false,""type"":""Point"",""coordinates"":[87.11857133814699,24.445449584866687]}"
2895_0,0.85,0.062384374,6.03,0.42,29.67,0.095075,129.12,10.85,244,0.30892187,0.61,16.54,0.10021875,7.47,0.2918594,0.1926875,2.003318599552026,0.78,286.88348,215,231,"5/25/24, 12:00 AM",DUMKA,248,2024-12-31,5.58,3.3341472,414,402,371,368,3.1902475,2024-01-01,30.28741176470588,Tetaria,"{""geodesic"":false,""type"":""Point"",""coordinates"":[86.9345065364309,24.422003555951168]}"
2896_0,0.45,0.068853125,6.47,0.63,18.31,0.101040624,165.01,5.39,235,0.27486876,0.69,9.31,0.11993125,18.67,0.3104,0.221825,1.890532853533322,0.39,301.2585,215,231,"5/21/24, 12:00 AM",DUMKA,249,2024-12-31,4.87,3.3341472,414,402,371,368,3.570205,2024-01-01,30.28741176470588,Tetaria,"{""geodesic"":false,""type"":""Point"",""coordinates"":[86.9345065364309,24.42173406136593]}"
2897_0,0.45,0.062384374,6.47,0.63,18.31,0.095075,165.01,5.39,235,0.30892187,0.69,9.31,0.10021875,18.67,0.2918594,0.1926875,2.003318599552026,0.39,286.88348,215,231,"5/21/24, 12:00 AM",DUMKA,248,2024-12-31,5,3.3341472,414,402,371,368,3.1902475,2024-01-01,30.28741176470588,Tetaria,"{""geodesic"":false,""type"":""Point"",""coordinates"":[86.9345065364309,24.422003555951168]}"
2898_0,0.48,0.062384374,1.64,0.58,26.1,0.095075,145.34,12.36,232,0.30892187,0.26,8.72,0.10021875,16.67,0.2918594,0.1926875,2.003318599552026,0.99,286.88348,215,231,"5/21/24, 12:00 AM",DUMKA,248,2024-12-31,5,3.3341472,414,402,371,368,3.1902475,2024-01-01,30.28741176470588,Tetaria,"{""geodesic"":false,""type"":""Point"",""coordinates"":[86.9345065364309,24.422003555951168]}"
2899_0,0.45,0.062384374,4.02,0.69,26.53,0.095075,98.63,1.304,258,0.30892187,0.59,10.34,0.10021875,8.46,0.2918594,0.1926875,2.003318599552026,2.91,286.88348,215,231,"5/21/24, 12:00 AM",DUMKA,248,2024-12-31,4.68,3.3341472,414,402,371,368,3.1902475,2024-01-01,30.28741176470588,Tetaria,"{""geodesic"":false,""type"":""Point"",""coordinates"":[86.9345065364309,24.422003555951168]}"
2900_0,0.85,0.066175,2.78,0.71,63.27,0.09527778,106.77,0.482,358,0.23970556,0.53,13.37,0.10006389,13.87,0.25833055,0.17796111,-1.1373098327578086,0.14,77.17652,218,228,"6/18/24, 12:00 AM",DUMKA,250,2024-12-31,5.63,3.3341472,413,405,369,367,4.171479,2024-01-01,30.22308571428571,Barmasa,"{""geodesic"":false,""type"":""Point"",""coordinates"":[86.92076231258388,24.425237490974]}"
2901_0,0.57,0.06345555,2.68,0.61,38.62,0.092422225,100.11,9.26,361,0.23527777,0.61,18.51,0.094219446,15.45,0.22447778,0.14978611,1.7658897281594417,0.34,90.0,218,228,"6/18/24, 12:00 AM",DUMKA,251,2024-12-31,5.59,3.3341472,413,405,369,367,3.0530927,2024-01-01,30.22308571428571,Barmasa,"{""geodesic"":false,""type"":""Point"",""coordinates"":[86.92049281799864,24.425506985559235]}"
2902_0,0.46,0.053561863,5.34,0.58,35.38,0.07173051,140.56,3.354,280,0.23290677,0.73,8.58,0.06597712,15.47,0.20210339,0.1300678,4.225723615599451,0.45,47.678707,222,240,"6/12/24, 12:00 AM",DUMKA,231,2024-12-31,5.48,3.4005349,393,379,385,382,2.7529912,2024-01-01,30.234400000000004,Barmasa,"{""geodesic"":false,""type"":""Point"",""coordinates"":[86.96927133792633,24.41014579420079]}"
2903_0,0.76,0.07438813,3.39,0.46,9.88,0.10647203,139.14,2.202,239,0.25776103,0.61,9.94,0.12069661,15.49,0.25984237,0.18938136,4.225723615599451,3.14,47.678707,226,243,"6/12/24, 12:00 AM",DUMKA,231,2024-12-31,5.46,3.4005349,395,381,379,376,2.7529912,2024-01-01,30.234400000000004,Barmasa,"{""geodesic"":false,""type"":""Point"",""coordinates"":[86.96927133792633,24.410415288786027]}"
2904_0,0.78,0.053561863,2.15,0.59,35.81,0.07173051,98.63,17.12,281,0.23290677,0.71,9.28,0.06597712,9.47,0.20210339,0.1300678,4.225723615599451,1.13,47.678707,222,240,"6/10/24, 12:00 AM",DUMKA,231,2024-12-31,5.58,3.4005349,393,379,385,382,2.7529912,2024-01-01,30.234400000000004,Barmasa,"{""geodesic"":false,""type"":""Point"",""coordinates"":[86.96927133792633,24.41014579420079]}"
2905_0,0.68,0.09306364,5.78,0.46,59.83,0.12743637,100.11,11.26,262,0.26871818,0.39,6.31,0.1782697,7.48,0.34317878,0.27039394,-2.2487026013718676,2.11,331.22653,226,241,"6/19/24, 12:00 AM",DUMKA,252,2024-12-31,5.58,3.3341472,403,390,371,369,4.224885,2024-01-01,30.214166666666667,Amba,"{""geodesic"":false,""type"":""Point"",""coordinates"":[86.94178289023228,24.426045974729703]}"
2906_0,0.76,0.089912124,4.03,0.43,90.91,0.12731819,140.56,22.66,243,0.28275758,0.38,8.32,0.1788394,12.49,0.3772697,0.29709393,-1.054648348805868,2.14,344.6463,226,241,"6/19/24, 12:00 AM",DUMKA,249,2024-12-31,5.73,3.3341472,403,390,371,369,3.8415074,2024-01-01,30.214166666666667,Amba,"{""geodesic"":false,""type"":""Point"",""coordinates"":[86.94178289023228,24.42631546931494]}"
2907_0,0.46,0.08290909,2.78,0.93,63.27,0.11082424,106.77,0.482,358,0.26180908,0.69,13.37,0.12820606,8.46,0.30110303,0.2197303,-1.1989817366861277,0.47,339.89218,226,241,"6/18/24, 12:00 AM",DUMKA,248,2024-12-31,4.72,3.3341472,403,390,371,369,2.960443,2024-01-01,30.214166666666667,Amba,"{""geodesic"":false,""type"":""Point"",""coordinates"":[86.94259137398798,24.426584963900176]}"
2908_0,0.39,0.08375758,5.09,0.97,50.56,0.11413637,165.01,2.74,368,0.26614848,0.79,17.23,0.14867575,15.47,0.3048788,0.22553334,-1.4601171999695197,0.56,344.6463,226,241,"6/18/24, 12:00 AM",DUMKA,248,2024-12-31,5.08,3.3341472,403,390,371,369,3.8415074,2024-01-01,30.214166666666667,Amba,"{""geodesic"":false,""type"":""Point"",""coordinates"":[86.94232187940274,24.42631546931494]}"
2909_0,0.5,0.08985151,5.35,0.87,93.26,0.1218,145.34,10.15,384,0.27633637,0.89,16.96,0.15564546,8.89,0.3259788,0.2441303,-2.15326049054304,2.17,15.353654,226,241,"6/18/24, 12:00 AM",DUMKA,253,2024-12-31,5.39,3.3341472,403,390,371,369,3.8415067,2024-01-01,30.214166666666667,Amba,"{""geodesic"":false,""type"":""Point"",""coordinates"":[86.94205238481752,24.426045974729703]}"
2910_0,0.75,0.08985151,2.78,0.48,63.27,0.1218,106.77,0.482,358,0.27633637,0.39,13.37,0.15564546,18.65,0.3259788,0.2441303,-2.15326049054304,0.19,15.353654,226,241,"6/18/24, 12:00 AM",DUMKA,253,2024-12-31,4.69,3.3341472,403,390,371,369,3.8415067,2024-01-01,30.214166666666667,Amba,"{""geodesic"":false,""type"":""Point"",""coordinates"":[86.94205238481752,24.426045974729703]}"
2911_0,0.65,0.09306364,5.09,0.44,50.56,0.12743637,165.01,2.74,368,0.26871818,0.71,17.23,0.1782697,16.67,0.34317878,0.27039394,-2.2487026013718676,0.39,331.22653,226,241,"6/18/24, 12:00 AM",DUMKA,252,2024-12-31,5.83,3.3341472,403,390,371,369,4.224885,2024-01-01,30.214166666666667,Amba,"{""geodesic"":false,""type"":""Point"",""coordinates"":[86.94178289023228,24.426045974729703]}"
2912_0,0.41,0.0514875,4.01,0.72,29.67,0.075315624,150.06,32.8,388,0.21555,0.55,16.68,0.0827125,18.67,0.23292187,0.16281563,-2.224887586373556,3.14,227.68228,226,240,"6/18/24, 12:00 AM",DUMKA,252,2024-12-31,5.52,3.3341472,404,392,370,368,4.1258054,2024-01-01,30.222057142857135,Amba,"{""geodesic"":false,""type"":""Point"",""coordinates"":[86.93477603101614,24.426045974729703]}"
2913_0,0.65,0.08627143,2.68,0.47,38.62,0.1157,100.11,9.26,361,0.27442285,0.63,18.51,0.13080572,13.65,0.30868572,0.22704571,1.6606474555557462,1.87,270.0,217,232,"6/14/24, 12:00 AM",DUMKA,257,2024-12-31,5.42,3.3341472,421,410,362,358,1.0184873,2024-01-01,30.27477777777777,Amba,"{""geodesic"":false,""type"":""Point"",""coordinates"":[86.91375545336774,24.41715265341692]}"
2914_0,0.46,0.07266,2.78,0.71,63.27,0.10613429,106.77,0.482,358,0.29896,0.53,13.37,0.12128857,9.47,0.32443428,0.23547429,0.9674980520193587,2.22,90.0,217,232,"6/14/24, 12:00 AM",DUMKA,257,2024-12-31,5.63,3.3341472,421,410,362,358,2.036336,2024-01-01,30.27477777777777,Amba,"{""geodesic"":false,""type"":""Point"",""coordinates"":[86.91375545336774,24.417422148002156]}"
2915_0,0.35,0.07266,9.41,0.61,10.15,0.10613429,129.12,29.24,278,0.29896,0.69,6.94,0.12128857,13.46,0.32443428,0.23547429,0.9674980520193587,0.23,90.0,217,232,"6/14/24, 12:00 AM",DUMKA,257,2024-12-31,5.38,3.3341472,421,410,362,358,2.036336,2024-01-01,30.27477777777777,Amba,"{""geodesic"":false,""type"":""Point"",""coordinates"":[86.91375545336774,24.417422148002156]}"
2916_0,0.85,0.087035716,8.17,1.12,26.59,0.11927021,100.11,5.62,247,0.24121277,0.35,9,0.1222844,8.97,0.2696603,0.20000993,-0.4320356777844036,0.34,47.66198,233,247,"5/25/24, 12:00 AM",DUMKA,149,2024-12-31,4.55,3.4132357,387,386,379,366,1.3768493,2024-01-01,30.279257142857148,Amba,"{""geodesic"":false,""type"":""Point"",""coordinates"":[87.34575527350083,24.336034783260928]}"
2917_0,0.57,0.08273572,5.44,0.65,48.83,0.11480284,129.12,11.42,247,0.23823687,0.59,18.56,0.11500567,13.46,0.2597766,0.19465674,-0.12982773564914016,0.19,90.0,233,247,"5/25/24, 12:00 AM",DUMKA,150,2024-12-31,6.05,3.4132357,387,386,379,366,1.0178343,2024-01-01,30.279257142857148,Amba,"{""geodesic"":false,""type"":""Point"",""coordinates"":[87.34548577891559,24.336034783260928]}"
2918_0,0.48,0.08273572,1.13,0.91,36.58,0.11480284,98.63,18.35,232,0.23823687,0.59,22.21,0.11500567,15.49,0.2597766,0.19465674,-0.12982773564914016,0.39,90.0,233,247,"5/25/24, 12:00 AM",DUMKA,150,2024-12-31,5.14,3.4132357,387,386,379,366,1.0178343,2024-01-01,30.279257142857148,Amba,"{""geodesic"":false,""type"":""Point"",""coordinates"":[87.34548577891559,24.336034783260928]}"
2919_0,0.48,0.07465313,4.29,0.71,45.62,0.114296876,76.34,7.35,236,0.2937625,0.29,11.65,0.16352187,15.67,0.3624375,0.2757531,-2.4282614159737603,2.11,23.716166,214,231,"5/25/24, 12:00 AM",DUMKA,253,2024-12-31,5.5,3.3341472,409,396,376,373,5.0520825,2024-01-01,30.28741176470588,Amba,"{""geodesic"":false,""type"":""Point"",""coordinates"":[86.93612350394233,24.42173406136593]}"
2920_0,0.35,0.062384374,5.85,0.72,40.45,0.095075,175.33,2.034,225,0.30892187,0.55,8.26,0.10021875,12.49,0.2918594,0.1926875,2.003318599552026,2.2,286.88348,215,231,"5/25/24, 12:00 AM",DUMKA,248,2024-12-31,5.52,3.3341472,414,402,371,368,3.1902475,2024-01-01,30.28741176470588,Amba,"{""geodesic"":false,""type"":""Point"",""coordinates"":[86.9345065364309,24.422003555951168]}"
2921_0,0.65,0.062384374,4.91,0.59,37.52,0.095075,107.89,7.09,265,0.30892187,0.42,6.34,0.10021875,9.34,0.2918594,0.1926875,2.003318599552026,0.26,286.88348,215,231,"5/25/24, 12:00 AM",DUMKA,248,2024-12-31,5.81,3.3341472,414,402,371,368,3.1902475,2024-01-01,30.28741176470588,Amba,"{""geodesic"":false,""type"":""Point"",""coordinates"":[86.9345065364309,24.422003555951168]}"
2922_0,0.43,0.05855,4.91,0.49,60.37,0.086640626,114.51,8.87,239,0.24530312,0.63,18.21,0.09463438,18.65,0.24995938,0.17093125,3.3965615525680883,0.45,-0.0,215,231,"5/25/24, 12:00 AM",DUMKA,248,2024-12-31,5.45,3.3341472,414,402,371,368,0.92740995,2024-01-01,30.28741176470588,Amba,"{""geodesic"":false,""type"":""Point"",""coordinates"":[86.9345065364309,24.422273050536404]}"
2923_0,0.65,0.07074375,3.12,0.52,74.98,0.09802187,126.33,21.36,206,0.22859062,0.56,13.52,0.11767188,7.48,0.26471874,0.2142375,-0.8243901521894862,0.49,90.0,226,240,"5/25/24, 12:00 AM",DUMKA,257,2024-12-31,5.73,3.3341472,404,392,370,368,1.0185591,2024-01-01,30.222057142857135,Amba,"{""geodesic"":false,""type"":""Point"",""coordinates"":[86.93558451477185,24.426045974729703]}"
2924_0,0.46,0.05855,8.93,0.45,18.72,0.086640626,100.11,1.562,265,0.24530312,0.94,6.34,0.09463438,7.47,0.24995938,0.17093125,3.3965615525680883,0.39,-0.0,215,231,"5/17/24, 12:00 AM",DUMKA,248,2024-12-31,5.47,3.3341472,414,402,371,368,0.92740995,2024-01-01,30.28741176470588,Amba,"{""geodesic"":false,""type"":""Point"",""coordinates"":[86.9345065364309,24.422273050536404]}"
2925_0,0.41,0.07793941,6.11,0.31,47.54,0.12163188,99.68,22.32,274,0.25914276,0.47,6.36,0.12789059,18.65,0.2897442,0.20571305,2.170324712193814,2.34,47.66805,216,231,"5/17/24, 12:00 AM",DUMKA,169,2024-12-31,5.07,3.58974,390,381,394,388,1.3770094,2024-01-01,30.226555555555553,Simra,"{""geodesic"":false,""type"":""Point"",""coordinates"":[87.11425942478323,24.362984241784513]}"
2926_0,0.48,0.07886338,4.91,0.51,60.37,0.10469155,118.47,8.87,246,0.2846507,0.39,9.62,0.11996901,11.57,0.29135352,0.21916479,-1.6712414841249348,2.91,192.39778,206,221,"5/15/24, 12:00 AM",DUMKA,207,2024-12-31,5.77,3.6155806,415,411,379,368,4.7373543,2024-01-01,30.304882352941178,Kusmaha,"{""geodesic"":false,""type"":""Point"",""coordinates"":[87.15495310715384,24.519560595806546]}"
2927_0,0.46,0.07886338,4.99,0.45,15.16,0.10469155,114.51,19.65,244,0.2846507,0.56,9.27,0.11996901,16.46,0.29135352,0.21916479,-1.6712414841249348,1.79,192.39778,206,221,"5/15/24, 12:00 AM",DUMKA,207,2024-12-31,5.02,3.6155806,415,411,379,368,4.7373543,2024-01-01,30.304882352941178,Kusmaha,"{""geodesic"":false,""type"":""Point"",""coordinates"":[87.15495310715384,24.519560595806546]}"
2928_0,0.35,0.07319058,5.35,0.96,93.26,0.10464348,145.34,10.15,384,0.27766377,0.67,16.96,0.11861739,21.47,0.29034057,0.20958406,-2.235634581965155,0.81,77.174644,224,237,"5/28/24, 12:00 AM",DUMKA,231,2024-12-31,5.13,3.4005349,392,383,384,380,4.1708794,2024-01-01,30.26283333333334,Patsar,"{""geodesic"":false,""type"":""Point"",""coordinates"":[86.9811290996767,24.40610337542225]}"
2929_0,0.81,0.06823286,4.03,0.63,90.91,0.10087286,140.56,22.66,243,0.28716856,0.69,8.32,0.118472144,15.67,0.28873357,0.20719714,-2.2103671312294937,2.77,90.0,224,237,"5/28/24, 12:00 AM",DUMKA,231,2024-12-31,4.87,3.4005349,392,383,384,380,4.067166,2024-01-01,30.26283333333334,Patsar,"{""geodesic"":false,""type"":""Point"",""coordinates"":[86.9811290996767,24.405833880837015]}"
2930_0,0.57,0.08094173,3.48,0.43,93.26,0.112460434,99.68,8.05,225,0.2788885,0.38,8.26,0.13511151,8.67,0.32988706,0.24993525,-1.6114220212170158,1.18,65.51929,224,237,"5/28/24, 12:00 AM",DUMKA,233,2024-12-31,5.73,3.4005349,392,383,384,380,2.237087,2024-01-01,30.266333333333325,Patsar,"{""geodesic"":false,""type"":""Point"",""coordinates"":[86.98085960509147,24.40610337542225]}"
2931_0,0.45,0.07319058,5.65,0.69,51.57,0.10464348,96.87,15.48,212,0.27766377,0.59,11.36,0.11861739,14.65,0.29034057,0.20958406,-2.235634581965155,0.99,77.174644,224,237,"5/28/24, 12:00 AM",DUMKA,231,2024-12-31,4.68,3.4005349,392,383,384,380,4.1708794,2024-01-01,30.26283333333334,Patsar,"{""geodesic"":false,""type"":""Point"",""coordinates"":[86.9811290996767,24.40610337542225]}"
2932_0,0.35,0.07319058,5.34,0.81,35.38,0.10464348,140.56,3.354,280,0.27766377,0.55,8.58,0.11861739,7.48,0.29034057,0.20958406,-2.235634581965155,0.47,77.174644,224,237,"5/27/24, 12:00 AM",DUMKA,231,2024-12-31,4.81,3.4005349,392,383,384,380,4.1708794,2024-01-01,30.26283333333334,Patsar,"{""geodesic"":false,""type"":""Point"",""coordinates"":[86.9811290996767,24.40610337542225]}"
2933_0,0.65,0.053561863,4.03,0.58,90.91,0.07173051,140.56,22.66,243,0.23290677,0.26,8.32,0.06597712,21.47,0.20210339,0.1300678,4.225723615599451,1.08,47.678707,222,240,"6/8/24, 12:00 AM",DUMKA,231,2024-12-31,4.88,3.4005349,393,379,385,382,2.7529912,2024-01-01,30.234400000000004,Bhalki,"{""geodesic"":false,""type"":""Point"",""coordinates"":[86.96927133792633,24.41014579420079]}"
2934_0,0.49,0.053561863,4.56,0.69,60.34,0.07173051,118.47,0.862,248,0.23290677,0.59,6.39,0.06597712,15.49,0.20210339,0.1300678,4.225723615599451,2.22,47.678707,222,240,"6/8/24, 12:00 AM",DUMKA,231,2024-12-31,4.68,3.4005349,393,379,385,382,2.7529912,2024-01-01,30.234400000000004,Bhalki,"{""geodesic"":false,""type"":""Point"",""coordinates"":[86.96927133792633,24.41014579420079]}"
2935_0,0.35,0.053561863,5.12,0.48,64.26,0.07173051,119.57,19.08,258,0.23290677,0.57,9.39,0.06597712,15.47,0.20210339,0.1300678,4.225723615599451,0.56,47.678707,222,240,"6/8/24, 12:00 AM",DUMKA,231,2024-12-31,5.61,3.4005349,393,379,385,382,2.7529912,2024-01-01,30.234400000000004,Bhalki,"{""geodesic"":false,""type"":""Point"",""coordinates"":[86.96927133792633,24.41014579420079]}"
2936_0,0.46,0.053561863,2.87,0.59,74.09,0.07173051,118.47,3.436,267,0.23290677,0.71,11.54,0.06597712,13.46,0.20210339,0.1300678,4.225723615599451,1.79,47.678707,222,240,"6/8/24, 12:00 AM",DUMKA,231,2024-12-31,5.58,3.4005349,393,379,385,382,2.7529912,2024-01-01,30.234400000000004,Bhalki,"{""geodesic"":false,""type"":""Point"",""coordinates"":[86.96927133792633,24.41014579420079]}"
2937_0,0.81,0.051467795,3.65,0.43,46.55,0.07170085,96.87,21.01,238,0.26437202,0.47,26.01,0.059972033,22.78,0.18260762,0.107550845,3.7403242230365787,0.26,65.52,222,240,"6/8/24, 12:00 AM",DUMKA,233,2024-12-31,5.69,3.4005349,393,379,385,382,4.4674954,2024-01-01,30.234400000000004,Bhalki,"{""geodesic"":false,""type"":""Point"",""coordinates"":[86.96900184334109,24.41014579420079]}"
2938_0,0.5,0.051816102,2.87,0.52,74.09,0.07711017,118.47,3.436,267,0.28297117,0.56,11.54,0.063521184,8.67,0.20069322,0.11967288,4.078135578228318,0.19,106.884995,222,240,"6/8/24, 12:00 AM",DUMKA,233,2024-12-31,5.73,3.4005349,393,379,385,382,3.1899717,2024-01-01,30.234400000000004,Bhalki,"{""geodesic"":false,""type"":""Point"",""coordinates"":[86.96900184334109,24.409876299615554]}"
2939_0,0.45,0.053561863,6.88,0.49,45.62,0.07173051,101.26,7.24,248,0.23290677,0.62,13.08,0.06597712,16.46,0.20210339,0.1300678,4.225723615599451,2.91,47.678707,222,240,"6/8/24, 12:00 AM",DUMKA,231,2024-12-31,4.93,3.4005349,393,379,385,382,2.7529912,2024-01-01,30.234400000000004,Bhalki,"{""geodesic"":false,""type"":""Point"",""coordinates"":[86.96927133792633,24.41014579420079]}"
2940_0,0.53,0.052758824,7.01,0.42,43.42,0.070415124,76.34,22.32,243,0.2204479,0.59,4.36,0.064711764,9.47,0.20676555,0.13214369,-1.966820373539787,0.45,253.11504,222,240,"6/8/24, 12:00 AM",DUMKA,232,2024-12-31,5.39,3.4005349,393,379,385,382,3.1899781,2024-01-01,30.234400000000004,Bhalki,"{""geodesic"":false,""type"":""Point"",""coordinates"":[86.96981032709681,24.41014579420079]}"
2941_0,1.23,0.055372808,4.02,0.69,26.53,0.07985351,98.63,1.304,258,0.23324035,0.59,10.34,0.08466667,13.87,0.22912982,0.16312632,-0.730500065166057,3.14,-0.0,226,243,"6/13/24, 12:00 AM",DUMKA,235,2024-12-31,4.68,3.4005349,395,381,379,376,0.92740995,2024-01-01,30.234400000000004,Bara,"{""geodesic"":false,""type"":""Point"",""coordinates"":[86.96819335958538,24.410415288786027]}"
2942_0,0.43,0.055372808,4.56,0.72,60.34,0.07985351,118.47,0.862,248,0.23324035,0.47,6.39,0.08466667,18.65,0.22912982,0.16312632,-0.730500065166057,2.2,-0.0,226,243,"6/13/24, 12:00 AM",DUMKA,235,2024-12-31,5.72,3.4005349,395,381,379,376,0.92740995,2024-01-01,30.234400000000004,Bara,"{""geodesic"":false,""type"":""Point"",""coordinates"":[86.96819335958538,24.410415288786027]}"
2943_0,0.75,0.066351786,4.12,0.98,82.16,0.09308928,126.33,4.158,389,0.22591875,0.85,14.51,0.1056,7.47,0.24046607,0.17731607,-0.730500065166057,0.78,-0.0,230,246,"6/13/24, 12:00 AM",DUMKA,235,2024-12-31,5.02,3.4005349,393,380,377,375,0.92740995,2024-01-01,30.234400000000004,Bara,"{""geodesic"":false,""type"":""Point"",""coordinates"":[86.96792386500016,24.410415288786027]}"
2944_0,0.42,0.066351786,2.45,0.42,38.34,0.09308928,115.31,37.6,376,0.22591875,0.56,15.08,0.1056,21.47,0.24046607,0.17731607,-0.730500065166057,0.23,-0.0,230,246,"6/13/24, 12:00 AM",DUMKA,235,2024-12-31,5.04,3.4005349,393,380,377,375,0.92740995,2024-01-01,30.234400000000004,Bara,"{""geodesic"":false,""type"":""Point"",""coordinates"":[86.96792386500016,24.410415288786027]}"
2945_0,0.57,0.053561863,5.35,0.41,93.26,0.07173051,145.34,10.15,384,0.23290677,0.59,16.96,0.06597712,8.89,0.20210339,0.1300678,4.225723615599451,0.99,47.678707,222,240,"6/12/24, 12:00 AM",DUMKA,231,2024-12-31,5.09,3.4005349,393,379,385,382,2.7529912,2024-01-01,30.234400000000004,Bara,"{""geodesic"":false,""type"":""Point"",""coordinates"":[86.96927133792633,24.41014579420079]}"
2949_0,0.41,0.05052857,6.59,0.37,47.85,0.07566571,128.12,15.66,274,0.24566571,0.68,10.59,0.08385429,12.49,0.23771429,0.17096858,-2.4968414127459058,3.14,290.00427,231,245,"6/20/24, 12:00 AM",DUMKA,243,2024-12-31,5.46,3.2468905,389,379,380,376,5.4063935,2024-01-01,30.278500000000008,Majhiladih,"{""geodesic"":false,""type"":""Point"",""coordinates"":[86.94420834149939,24.47590247299834]}"
2950_0,0.7,0.08595555,2.15,0.75,64.85,0.11731389,133,3.94,164,0.2896861,0.37,24.35,0.1403861,9,0.32289168,0.25531667,-1.9679614318297127,0.37,73.12459,233,244,"3/24/24, 12:00 AM",DUMKA,228,2024-12-31,4.85,3.2468905,367,360,400,396,3.1917262,2024-01-01,30.27661111111111,Baspuriya,"{""geodesic"":false,""type"":""Point"",""coordinates"":[86.94420834149939,24.485873772652067]}"
2951_0,0.52,0.05967778,1.56,0.44,95.46,0.08288889,155,4.06,159,0.26315832,0.39,26.52,0.08371945,15,0.23066111,0.15448056,-1.6253824725249093,0.16,197.42949,227,240,"3/24/24, 12:00 AM",DUMKA,224,2024-12-31,4.31,3.2468905,375,367,398,393,6.7731457,2024-01-01,30.264222222222216,Baspuriya,"{""geodesic"":false,""type"":""Point"",""coordinates"":[86.94501682525511,24.484526299725886]}"
2952_0,0.57,0.06812353,4.03,0.57,90.91,0.09717647,101.32,22.66,244,0.27317646,0.31,10.25,0.11705,7.48,0.29048824,0.22606176,-1.5183993421892903,0.56,90.0,222,234,"6/25/24, 12:00 AM",DUMKA,239,2024-12-31,5.67,3.2468905,385,378,392,388,2.0373542,2024-01-01,30.27148571428572,Jangalpur,"{""geodesic"":false,""type"":""Point"",""coordinates"":[86.92049281799864,24.480483880947347]}"
2953_0,0.49,0.074197225,4.21,0.41,57.53,0.09737222,128.12,0.484,225,0.20044166,0.63,9.39,0.12862778,21.47,0.28253335,0.24214445,-1.9678208281019454,0.81,73.12339,221,238,"6/25/24, 12:00 AM",DUMKA,240,2024-12-31,5.13,3.2468905,385,375,394,388,3.1915073,2024-01-01,30.28872222222223,Jangalpur,"{""geodesic"":false,""type"":""Point"",""coordinates"":[86.9223792800953,24.47644146216881]}"
2954_0,0.48,0.073175,4.03,0.43,90.91,0.10299722,140.56,22.66,243,0.248625,0.38,8.32,0.13833055,12.49,0.30733332,0.2570722,-0.731012851318113,2.22,-0.0,220,232,"6/24/24, 12:00 AM",DUMKA,242,2024-12-31,5.73,3.2468905,385,376,396,392,0.92740995,2024-01-01,30.28872222222223,Jangalpur,"{""geodesic"":false,""type"":""Point"",""coordinates"":[86.92210978551006,24.476171967583575]}"
2955_0,0.81,0.0552,5.65,0.93,51.57,0.081075,96.87,15.48,212,0.2699972,0.48,11.36,0.09121389,19.58,0.24089444,0.17326389,-3.3970344032768462,0.23,193.24849,229,238,"6/24/24, 12:00 AM",DUMKA,249,2024-12-31,5.51,3.2468905,377,370,395,392,13.106418,2024-01-01,30.28961111111111,Jangalpur,"{""geodesic"":false,""type"":""Point"",""coordinates"":[86.92076231258388,24.474555000072158]}"
2956_0,0.45,0.06728055,4.58,0.88,67.45,0.09100278,128.12,3.32,348,0.24096945,0.59,11.38,0.109741665,13.65,0.26680556,0.19618888,-0.8628776099999685,0.36,208.78268,229,238,"6/24/24, 12:00 AM",DUMKA,238,2024-12-31,5.62,3.2468905,377,370,395,392,2.1155047,2024-01-01,30.28961111111111,Jangalpur,"{""geodesic"":false,""type"":""Point"",""coordinates"":[86.92022332341341,24.47428550548692]}"
2957_0,0.46,0.07001286,2.05,0.56,20.63,0.09870572,214.48,32.06,291.42,0.27446714,0.42,16.85,0.112192854,10.23,0.24889,0.17472428,-2.1540786423896914,1.39,344.63504,208,233,"5/8/24, 12:00 AM",DUMKA,212,2024-12-31,5.19,3.6155806,406,395,386,372,3.8417144,2024-01-01,30.23738888888889,Bauria,"{""geodesic"":false,""type"":""Point"",""coordinates"":[87.1689668255861,24.52333351999985]}"
2958_0,0.56,0.07001286,0.84,0.46,25.3,0.09870572,192.08,25.14,194.18,0.27446714,0.44,14.77125,0.112192854,11.42,0.24889,0.17472428,-2.1540786423896914,1.29,344.63504,208,233,"5/8/24, 12:00 AM",DUMKA,212,2024-12-31,5.18,3.6155806,406,395,386,372,3.8417144,2024-01-01,30.23738888888889,Bauria,"{""geodesic"":false,""type"":""Point"",""coordinates"":[87.1689668255861,24.52333351999985]}"
2959_0,0.44,0.07001286,1.35,0.42,22.3,0.09870572,240.24,20.58,272.15,0.27446714,0.43,18.180000000000003,0.112192854,14.02,0.24889,0.17472428,-2.1540786423896914,1.49,344.63504,208,233,"5/8/24, 12:00 AM",DUMKA,212,2024-12-31,4.82,3.6155806,406,395,386,372,3.8417144,2024-01-01,30.23738888888889,Bauria,"{""geodesic"":false,""type"":""Point"",""coordinates"":[87.1689668255861,24.52333351999985]}"
2960_0,0.56,0.07001286,1.46,0.44,29.5,0.09870572,225.568,20.69,220.12,0.27446714,0.53,16.869999999999983,0.112192854,12.02,0.24889,0.17472428,-2.1540786423896914,1.67,344.63504,208,233,"5/8/24, 12:00 AM",DUMKA,212,2024-12-31,4.78,3.6155806,406,395,386,372,3.8417144,2024-01-01,30.23738888888889,Bauria,"{""geodesic"":false,""type"":""Point"",""coordinates"":[87.1689668255861,24.52333351999985]}"
2961_0,0.32,0.10040278,1.16,0.46,32.4,0.1393236,196.672,27.36,211.36,0.3008264,0.55,12.02,0.18275417,11.42,0.36740416,0.28567085,-1.275379164135082,1.71,73.12933,200,216,"5/8/24, 12:00 AM",DUMKA,217,2024-12-31,5.16,3.6155806,415,408,385,377,3.1925967,2024-01-01,30.220166666666657,Bauria,"{""geodesic"":false,""type"":""Point"",""coordinates"":[87.17462621187606,24.52333351999985]}"
2962_0,0.24,0.06812222,0.29,0.56,32.12,0.09210555,175.616,26.34,282.24,0.28405833,0.49,17.42,0.09957917,13.42,0.24639028,0.17962083,-0.43434798564146815,1.29,47.70501,218,237,"5/8/24, 12:00 AM",DUMKA,207,2024-12-31,5.26,3.6155806,423,416,359,347,1.3779851,2024-01-01,30.23233333333334,Bauria,"{""geodesic"":false,""type"":""Point"",""coordinates"":[87.1651939013928,24.526297960437443]}"
2963_0,0.5,0.101878874,1.59,0.53,35.2,0.14194225,205.52,23.14,294.57,0.28252113,0.49,14.22,0.18709718,10.78,0.346631,0.2539873,-2.65510176411984,1.69,28.791977,210,236,"5/8/24, 12:00 AM",DUMKA,205,2024-12-31,5.18,3.6155806,417,405,373,360,6.324157,2024-01-01,30.23738888888889,Bauria,"{""geodesic"":false,""type"":""Point"",""coordinates"":[87.16384642846663,24.52252503624414]}"
2964_0,0.56,0.06812222,1.25,0.52,33.2,0.09210555,219.744,26.33,301.26,0.28405833,0.49,11.74,0.09957917,9.56,0.24639028,0.17962083,-0.43434798564146815,1.67,47.70501,218,237,"5/8/24, 12:00 AM",DUMKA,207,2024-12-31,5.19,3.6155806,423,416,359,347,1.3779851,2024-01-01,30.23233333333334,Bauria,"{""geodesic"":false,""type"":""Point"",""coordinates"":[87.1651939013928,24.526297960437443]}"
2965_0,0.15,0.06812222,2.02,0.43,32.2,0.09210555,182.448,25.17,297.12,0.28405833,0.43,16.85,0.09957917,13.05,0.24639028,0.17962083,-0.43434798564146815,1.62,47.70501,218,237,"5/8/24, 12:00 AM",DUMKA,207,2024-12-31,5.26,3.6155806,423,416,359,347,1.3779851,2024-01-01,30.23233333333334,Bauria,"{""geodesic"":false,""type"":""Point"",""coordinates"":[87.1651939013928,24.526297960437443]}"
2966_0,0.75,0.097232394,1.84,0.53,31.5,0.12479155,193.312,28.36,272.12,0.2678352,0.47,16.85,0.1475183,11.74125,0.2927324,0.23692676,-1.5564632179950109,1.23,331.20847,206,223,"5/8/24, 12:00 AM",DUMKA,208,2024-12-31,5.34,3.6155806,414,410,380,367,2.1156845,2024-01-01,30.304882352941178,Bauria,"{""geodesic"":false,""type"":""Point"",""coordinates"":[87.15603108549477,24.520369079562254]}"
2967_0,0.42,0.09209859,1.59,0.49,27.44,0.11638732,193.312,26.58,282.41,0.24913661,0.42,11.45,0.13737606,11.02,0.29007748,0.24107184,-2.4515974969984113,0.38,79.687126,206,223,"5/8/24, 12:00 AM",DUMKA,205,2024-12-31,5.18,3.6155806,414,410,380,367,5.1667895,2024-01-01,30.304882352941178,Bauria,"{""geodesic"":false,""type"":""Point"",""coordinates"":[87.15657007466525,24.520369079562254]}"
2968_0,0.24,0.097232394,0.87,0.44,31.2,0.12479155,204.288,24.22,265.11,0.2678352,0.49,17.48,0.1475183,12.33,0.2927324,0.23692676,-1.5564632179950109,1.16,331.20847,206,223,"5/8/24, 12:00 AM",DUMKA,208,2024-12-31,5.19,3.6155806,414,410,380,367,2.1156845,2024-01-01,30.304882352941178,Bauria,"{""geodesic"":false,""type"":""Point"",""coordinates"":[87.15603108549477,24.520369079562254]}"
2969_0,0.48,0.084888734,0.86,0.49,25.6,0.107904226,225.568,26.14,230.16,0.2381,0.42,10.52,0.12926902,10.42,0.25217605,0.1895324,-1.8463544054667247,1.49,349.62048,216,233,"5/8/24, 12:00 AM",DUMKA,189,2024-12-31,5.19,3.4890735,393,383,391,384,5.6392455,2024-01-01,30.240499999999997,Bauria,"{""geodesic"":false,""type"":""Point"",""coordinates"":[87.14093938872158,24.504738393618574]}"
2970_0,0.35,0.072386764,1.52,0.52,31.26,0.09985,215.42,24.22,320.15,0.26599705,0.47,19.85,0.11116029,13.64,0.29840294,0.20911324,-1.4243371153634998,0.75,-0.0,217,234,"5/7/24, 12:00 AM",DUMKA,200,2024-12-31,5.26,3.6432247,367,361,416,405,1.8543341,2024-01-01,30.288171428571427,Bauria,"{""geodesic"":false,""type"":""Point"",""coordinates"":[87.28754444308989,24.498270523572916]}"
2971_0,0.49,0.049625,1.34,0.47,30.15,0.070357814,175.49,22.48,297.33,0.2515922,0.49,12.12,0.06100156,12.88,0.191425,0.11711406,-1.5437729128370459,1.34,77.18287,212,228,"5/7/24, 12:00 AM",DUMKA,205,2024-12-31,4.88,3.6432247,382,377,406,395,4.1735015,2024-01-01,30.25205714285714,Bauria,"{""geodesic"":false,""type"":""Point"",""coordinates"":[87.29185635645365,24.489646696845366]}"
2972_0,0.42,0.07133572,1.56,0.41,20.4,0.08945572,217.84,26.35,235.41,0.26976427,0.48,14.07,0.08684714,10.44,0.23418428,0.15873,-0.9822513769584504,1.25,58.7574,224,243,"5/8/24, 12:00 AM",DUMKA,177,2024-12-31,4.98,3.4890735,368,362,408,395,3.5718355,2024-01-01,30.223351351351347,Kamarbandha,"{""geodesic"":false,""type"":""Point"",""coordinates"":[87.13231556199402,24.500426480254802]}"
2973_0,0.4,0.06999143,0.98,0.56,30.6,0.091825716,192.08,24.15,204.15,0.24365,0.42,16.42,0.100842856,10.42,0.24474715,0.18053,-2.0446587901455078,1.23,36.227814,224,243,"5/8/24, 12:00 AM",DUMKA,178,2024-12-31,5.24,3.4890735,368,362,408,395,3.4451592,2024-01-01,30.223351351351347,Kamarbandha,"{""geodesic"":false,""type"":""Point"",""coordinates"":[87.1320460674088,24.500426480254802]}"
2974_0,0.24,0.06999143,2.11,0.49,20.4,0.091825716,202.272,31.25,249.51,0.24365,0.41,12.12,0.100842856,12.42,0.24474715,0.18053,-2.0446587901455078,0.74,36.227814,224,243,"5/8/24, 12:00 AM",DUMKA,178,2024-12-31,5.91,3.4890735,368,362,408,395,3.4451592,2024-01-01,30.223351351351347,Kamarbandha,"{""geodesic"":false,""type"":""Point"",""coordinates"":[87.1320460674088,24.500426480254802]}"
2975_0,0.44,0.08964571,1.24,0.42,25.6,0.11526857,225.568,23.56,269.35,0.27352285,0.42,16.85,0.14278285,11.42,0.30031714,0.23864286,0.36739709405137233,1.33,180.0,224,243,"5/8/24, 12:00 AM",DUMKA,176,2024-12-31,5.06,3.4890735,368,362,408,395,0.92740995,2024-01-01,30.223351351351347,Kamarbandha,"{""geodesic"":false,""type"":""Point"",""coordinates"":[87.13231556199402,24.50069597484004]}"
2976_0,0.25,0.06722,1.66,0.44,20.4,0.08918285,193.312,31.25,279.1,0.28729144,0.51,16.3,0.09362572,13.05,0.26160857,0.17838572,-1.9241823960962054,1.38,90.0,224,243,"5/8/24, 12:00 AM",DUMKA,177,2024-12-31,5.24,3.4890735,368,362,408,395,3.0549147,2024-01-01,30.223351351351347,Kamarbandha,"{""geodesic"":false,""type"":""Point"",""coordinates"":[87.1320460674088,24.50069597484004]}"
2977_0,0.46,0.0718403,1.66,0.47,18.96,0.098507464,181.552,26.33,272.15,0.26247165,0.42,10.27,0.110113434,13.42,0.28373283,0.19569851,3.149515295645912,1.58,227.69864,232,249,"5/8/24, 12:00 AM",DUMKA,180,2024-12-31,5.33,3.6808677,377,371,391,381,2.754042,2024-01-01,30.278399999999998,Kamarbandha,"{""geodesic"":false,""type"":""Point"",""coordinates"":[87.30182765610738,24.498270523572916]}"
2978_0,0.25,0.07383731,1.32,0.44,24.15,0.10317164,196.672,26.33,218.51,0.2970358,0.41,14.23,0.1279403,10.42,0.3544791,0.25230747,-2.2493652609351966,0.89,28.78658,223,242,"5/8/24, 12:00 AM",DUMKA,193,2024-12-31,4.87,3.6432247,381,375,396,384,4.2254143,2024-01-01,30.278399999999998,Kamarbandha,"{""geodesic"":false,""type"":""Point"",""coordinates"":[87.29967169942549,24.494497599379613]}"
2979_0,0.5,0.09864657,0.78,0.42,35.6,0.11963562,160.72,23.22,294.18,0.2808178,0.49,14.77,0.12773561,14.77,0.28973013,0.2013274,-1.1356775015651088,0.45,-0.0,237,243,"5/7/24, 12:00 AM",DUMKA,100,2024-12-31,4.95,3.5241098,411,417,352,341,2.7802885,2024-01-01,30.305542857142864,Bhagabandh,"{""geodesic"":false,""type"":""Point"",""coordinates"":[87.54033036404111,24.373494530608713]}"
2980_0,0.42,0.08897945,1.22,0.41,26.5,0.11046439,194.55,31.45,312.52,0.26892054,0.45,18.18,0.12241918,12.52,0.27414247,0.19206986,-1.459672898893075,1.63,15.347543,237,243,"5/7/24, 12:00 AM",DUMKA,102,2024-12-31,5.46,3.5241098,411,417,352,341,3.8413947,2024-01-01,30.305542857142864,Bhagabandh,"{""geodesic"":false,""type"":""Point"",""coordinates"":[87.54033036404111,24.373225036023477]}"
2981_0,0.53,0.07159104,1.18,0.56,27.6,0.099449255,181.552,31.25,182.54,0.2747418,0.45,12.42,0.13093135,11.74125,0.34395224,0.24514179,-2.3642003111581475,0.69,347.6044,229,245,"5/10/24, 12:00 AM",DUMKA,190,2024-12-31,4.88,3.6808677,364,358,407,396,4.7373147,2024-01-01,30.278399999999998,Tharikhasia,"{""geodesic"":false,""type"":""Point"",""coordinates"":[87.30128866693691,24.4966535560615]}"
2982_0,0.52,0.07251642,2.45,0.42,25.4,0.102568656,219.744,12.45,275.45,0.26840597,0.43,13.33,0.13842836,7.16,0.3351179,0.26053882,-2.3641886484697485,1.02,192.39545,225,243,"5/10/24, 12:00 AM",DUMKA,195,2024-12-31,5.39,3.6808677,378,371,397,385,4.737312,2024-01-01,30.278399999999998,Tharikhasia,"{""geodesic"":false,""type"":""Point"",""coordinates"":[87.30074967776643,24.495036588550086]}"
2983_0,0.25,0.06709231,1.07,0.45,22.7,0.093849234,209.28,26.85,294.17,0.26936615,0.53,13.2,0.117333844,13.02,0.33089077,0.23966461,-0.022095392331554796,0.59,106.87514,230,249,"5/10/24, 12:00 AM",DUMKA,194,2024-12-31,5.12,3.6432247,377,370,393,381,3.1917777,2024-01-01,30.258222222222223,Tharikhasia,"{""geodesic"":false,""type"":""Point"",""coordinates"":[87.29724624815837,24.488029729333952]}"
2984_0,0.36,0.062613435,1.68,0.53,23.51,0.07688955,198.63,30.26,245.46,0.1937612,0.42,10.78,0.079692535,10.56,0.19180298,0.14558806,-2.844214626695844,1.25,127.17704,225,246,"5/10/24, 12:00 AM",DUMKA,177,2024-12-31,5.06,3.5832176,376,367,399,387,7.6289425,2024-01-01,30.2704705882353,Purnia,"{""geodesic"":false,""type"":""Point"",""coordinates"":[87.1298901107269,24.481831353873527]}"
2985_0,0.48,0.066526085,1.58,0.58,23.56,0.09401594,235.12,35.26,235.12,0.2820319,0.47,10.45,0.10820725,10.42,0.26526523,0.19546232,0.9667510711780415,1.28,90.0,228,247,"5/10/24, 12:00 AM",DUMKA,187,2024-12-31,5.12,3.5832176,371,362,401,391,1.0188756,2024-01-01,30.25344444444444,Purnia,"{""geodesic"":false,""type"":""Point"",""coordinates"":[87.10294065220332,24.46539218417414]}"
2986_0,0.38,0.08689394,1.25,0.49,32.05,0.109039396,198.42,26.12,262.15,0.2709197,0.43,12.01,0.111881815,12.74,0.2957803,0.21641667,-2.2116631956350075,1.37,90.0,225,246,"5/10/24, 12:00 AM",DUMKA,176,2024-12-31,5.16,3.5832176,365,357,410,396,4.069811,2024-01-01,30.27000000000001,Purnia,"{""geodesic"":false,""type"":""Point"",""coordinates"":[87.12881213238596,24.488029729333952]}"
2987_0,0.23,0.08689394,0.98,0.41,12.36,0.109039396,193.22,28.12,273.02,0.2709197,0.47,15.45,0.111881815,10.42,0.2957803,0.21641667,-2.2116631956350075,1.05,90.0,225,246,"5/10/24, 12:00 AM",DUMKA,176,2024-12-31,5.47,3.5832176,365,357,410,396,4.069811,2024-01-01,30.27000000000001,Purnia,"{""geodesic"":false,""type"":""Point"",""coordinates"":[87.12881213238596,24.488029729333952]}"
2988_0,0.25,0.06999143,2.05,0.54,20.45,0.091825716,225.568,20.48,268.61,0.24365,0.49,17.42,0.100842856,12.47,0.24474715,0.18053,-2.0446587901455078,0.75,36.227814,224,243,"5/9/24, 12:00 AM",DUMKA,178,2024-12-31,5.45,3.4890735,368,362,408,395,3.4451592,2024-01-01,30.223351351351347,Bindasarai,"{""geodesic"":false,""type"":""Point"",""coordinates"":[87.1320460674088,24.500426480254802]}"
2989_0,0.29,0.06999143,1.33,0.41,25.1,0.091825716,217.392,20.69,272.15,0.24365,0.49,16.33,0.100842856,14.24,0.24474715,0.18053,-2.0446587901455078,0.69,36.227814,224,243,"5/9/24, 12:00 AM",DUMKA,178,2024-12-31,5.28,3.4890735,368,362,408,395,3.4451592,2024-01-01,30.223351351351347,Bindasarai,"{""geodesic"":false,""type"":""Point"",""coordinates"":[87.1320460674088,24.500426480254802]}"
2990_0,0.48,0.06999143,0.89,0.46,27.6,0.091825716,196.672,23.16,275.41,0.24365,0.51,13.2,0.100842856,12.42,0.24474715,0.18053,-2.0446587901455078,0.65,36.227814,224,243,"5/9/24, 12:00 AM",DUMKA,178,2024-12-31,5.16,3.4890735,368,362,408,395,3.4451592,2024-01-01,30.223351351351347,Bindasarai,"{""geodesic"":false,""type"":""Point"",""coordinates"":[87.1320460674088,24.500426480254802]}"
2991_0,0.42,0.06722,0.89,0.47,22.3,0.08918285,216.608,25.36,258.02,0.28729144,0.51,14.75,0.09362572,14.72,0.26160857,0.17838572,-1.9241823960962054,0.72,90.0,224,243,"5/9/24, 12:00 AM",DUMKA,177,2024-12-31,5.15,3.4890735,368,362,408,395,3.0549147,2024-01-01,30.223351351351347,Bindasarai,"{""geodesic"":false,""type"":""Point"",""coordinates"":[87.1320460674088,24.50069597484004]}"
2992_0,0.42,0.06999143,1.55,0.42,29.5,0.091825716,175.616,36.14,237.24,0.24365,0.41,16.88,0.100842856,13.05,0.24474715,0.18053,-2.0446587901455078,0.74,36.227814,224,243,"5/9/24, 12:00 AM",DUMKA,178,2024-12-31,5.24,3.4890735,368,362,408,395,3.4451592,2024-01-01,30.223351351351347,Bindasarai,"{""geodesic"":false,""type"":""Point"",""coordinates"":[87.1320460674088,24.500426480254802]}"
2993_0,0.29,0.06722,0.85,0.44,20.8,0.08918285,192.976,25.14,265.38,0.28729144,0.44,10.78,0.09362572,12.04,0.26160857,0.17838572,-1.9241823960962054,1.32,90.0,224,243,"5/9/24, 12:00 AM",DUMKA,177,2024-12-31,5.27,3.4890735,368,362,408,395,3.0549147,2024-01-01,30.223351351351347,Bindasarai,"{""geodesic"":false,""type"":""Point"",""coordinates"":[87.1320460674088,24.50069597484004]}"
2994_0,0.42,0.06999143,0.87,0.54,24.6,0.091825716,225.68,20.69,282.16,0.24365,0.43,10.98,0.100842856,12.12,0.24474715,0.18053,-2.0446587901455078,0.64,36.227814,224,243,"5/9/24, 12:00 AM",DUMKA,178,2024-12-31,5.24,3.4890735,368,362,408,395,3.4451592,2024-01-01,30.223351351351347,Bindasarai,"{""geodesic"":false,""type"":""Point"",""coordinates"":[87.1320460674088,24.500426480254802]}"
2995_0,0.52,0.074248575,1.44,0.46,28.4,0.09872428,160.16,25.69,254.26,0.3005157,0.51,12.12,0.09276429,10.24,0.22379714,0.15595572,-1.612931700356604,1.37,294.46277,236,252,"5/8/24, 12:00 AM",DUMKA,176,2024-12-31,5.28,3.4890735,365,358,399,389,2.2386267,2024-01-01,30.228216216216207,Khasia,"{""geodesic"":false,""type"":""Point"",""coordinates"":[87.12719516487455,24.510936769079]}"
2996_0,0.73,0.08913478,0.85,0.42,28.41,0.11163623,235.536,24.56,288.51,0.23191305,0.55,12.8775,0.1354739,13.42,0.27482173,0.23546086,-1.1273185428501626,0.51,227.70166,232,249,"5/8/24, 12:00 AM",DUMKA,179,2024-12-31,5.49,3.4890735,368,360,401,391,1.3778968,2024-01-01,30.228216216216207,Khasia,"{""geodesic"":false,""type"":""Point"",""coordinates"":[87.12746465945978,24.511745252834707]}"
2997_0,0.28,0.07582428,0.89,0.44,29.4,0.103771426,217.84,23.58,279.2,0.31157428,0.42,14.77125,0.10337143,12.44,0.24574,0.17345572,-0.9780149336266435,1.73,167.60318,230,246,"5/8/24, 12:00 AM",DUMKA,174,2024-12-31,4.84,3.4890735,371,363,399,391,4.737337,2024-01-01,30.228216216216207,Khasia,"{""geodesic"":false,""type"":""Point"",""coordinates"":[87.12746465945978,24.509319801567585]}"
2998_0,0.25,0.08528451,0.87,0.56,28.2,0.10553662,207.872,27.46,285.12,0.22855915,0.47,13.628159999999998,0.118904226,14.22,0.25149295,0.20697747,-1.820416239771022,1.52,227.70071,226,246,"5/8/24, 12:00 AM",DUMKA,175,2024-12-31,5.19,3.4890735,374,365,400,389,2.7541518,2024-01-01,30.219243243243238,Khasia,"{""geodesic"":false,""type"":""Point"",""coordinates"":[87.12530870277789,24.507433339470932]}"
2999_0,0.5,0.08528451,0.78,0.47,26.5,0.10553662,185.808,29.58,282.24,0.22855915,0.49,17.0352,0.118904226,13.22,0.25149295,0.20697747,-1.820416239771022,1.58,227.70071,226,246,"5/8/24, 12:00 AM",DUMKA,175,2024-12-31,5.49,3.4890735,374,365,400,389,2.7541518,2024-01-01,30.219243243243238,Khasia,"{""geodesic"":false,""type"":""Point"",""coordinates"":[87.12530870277789,24.507433339470932]}"
