system:index,B,BLUE,Cu,EC,Fe,GREEN,K,Mn,N,NIR,OC,P,RED,S,SWIR1,SWIR2,TWI,Zn,aspect,clay05,clay515,date,district,elevation,end_date,pH,precipitation,sand05,sand515,silt05,silt515,slope,start_date,temp,village,.geo
0_0,0.5,0.12845,0.91,0.26,13.01,0.1409262,297,6.32,220,0.24394763,0.36,25,0.15230238,4.1,0.29873332,0.25091904,-1.827391660955846,0.91,108.094986,341,326,"1/10/24, 12:00 AM",CUDDALORE,84,2024-12-31T00:00:00,8.63,3.3910737,361,375,298,299,2.983492,2024-01-01T00:00:00,30.84257142857143,Vagaiyur,"{""geodesic"":false,""type"":""Point"",""coordinates"":[79.03912367277601,11.402989637792176]}"
1_0,0.42,0.08907143,0.44,0.27,4,0.11848095,658.75,2.18,115.6,0.29136428,0.24,9.14,0.13010238,18.7,0.27452382,0.19122618,0.42055754188776723,0.31,90.0,331,314,"2/22/24, 12:00 AM",CUDDALORE,79,2024-12-31T00:00:00,8.3,3.3910737,359,373,310,313,0.9460789,2024-01-01T00:00:00,30.842888888888897,Vagaiyur,"{""geodesic"":false,""type"":""Point"",""coordinates"":[79.0434355861398,11.40218115403647]}"
2_0,0.42,0.14017391,0.51,0.15,3.84,0.16490218,385.81,2.08,131.4,0.32068914,0.3,9.14,0.20380434,12.5,0.36765218,0.2709326,-0.6782901464266585,0.47,270.0,348,345,"2/22/24, 12:00 AM",CUDDALORE,84,2024-12-31T00:00:00,8.8,3.3910737,350,357,302,298,0.94619286,2024-01-01T00:00:00,30.9269,Vagaiyur,"{""geodesic"":false,""type"":""Point"",""coordinates"":[79.04747800491833,11.436406966361423]}"
3_0,0.5,0.14017391,1.01,0.37,12.22,0.16490218,375,8.21,210,0.32068914,0.42,25,0.20380434,8.3,0.36765218,0.2709326,-0.6782901464266585,1.22,270.0,348,345,"1/10/24, 12:00 AM",CUDDALORE,84,2024-12-31T00:00:00,6.98,3.3910737,350,357,302,298,0.94619286,2024-01-01T00:00:00,30.9269,Vagaiyur,"{""geodesic"":false,""type"":""Point"",""coordinates"":[79.04747800491833,11.436406966361423]}"
4_0,0.42,0.10021429,0.51,0.1,4.4,0.11829286,150.92,1.94,131.4,0.2727762,0.33,16.3,0.113511905,25,0.20371191,0.14245476,0.08389744137704196,0.38,314.42975,334,313,"2/22/24, 12:00 AM",CUDDALORE,81,2024-12-31T00:00:00,8.5,3.559152,350,364,316,323,1.3246859,2024-01-01T00:00:00,30.72957575757575,Vagaiyur,"{""geodesic"":false,""type"":""Point"",""coordinates"":[79.03912367277601,11.39436581106463]}"
5_0,0.42,0.13677675,0.3,0.16,3.78,0.16592558,521.42,2.08,123.5,0.34326047,0.27,24.7,0.1775907,18.7,0.31956047,0.22659767,5.003899182664354,0.31,332.97546,339,322,"2/22/24, 12:00 AM",CUDDALORE,80,2024-12-31T00:00:00,8.3,3.3910737,355,368,306,310,2.0814333,2024-01-01T00:00:00,30.84257142857143,Vagaiyur,"{""geodesic"":false,""type"":""Point"",""coordinates"":[79.03939316736125,11.401103175695527]}"
6_0,0.5,0.09129524,0.59,0.24,13.01,0.10831428,437,6.56,148,0.2083762,0.33,44.1,0.124930955,4.1,0.2366119,0.18123095,0.11185762766960698,0.65,128.1032,322,317,"1/10/24, 12:00 AM",CUDDALORE,88,2024-12-31T00:00:00,7.16,3.3910737,360,365,318,318,5.9902096,2024-01-01T00:00:00,31.004722222222224,Vagaiyur,"{""geodesic"":false,""type"":""Point"",""coordinates"":[79.03912367277601,11.409727002423073]}"
7_0,0.5,0.0786175,0.61,0.32,13.06,0.1014725,458,6.01,148,0.23185,0.33,29.1,0.131165,4.1,0.271575,0.2047825,1.7642400607660385,0.74,90.0,335,332,"1/10/24, 12:00 AM",CUDDALORE,86,2024-12-31T00:00:00,7.64,3.3910737,358,359,307,309,1.8916848,2024-01-01T00:00:00,30.987111111111112,Vagaiyur,"{""geodesic"":false,""type"":""Point"",""coordinates"":[79.03481175941225,11.40864902408213]}"
8_0,0.4,0.11992381,1.14,0.04,12.65,0.14980476,104,7.92,35,0.30962858,0.3,45,0.20378572,26,0.33456665,0.26671427,3.7894676455569516,0.76,225.56697,302,325,"1/10/24, 12:00 AM",CUDDALORE,68,2024-12-31T00:00:00,5.28,3.982774,401,375,297,299,1.3246089,2024-01-01T00:00:00,30.635870967741944,Pelandurai,"{""geodesic"":false,""type"":""Point"",""coordinates"":[79.26334316769226,11.362026460836328]}"
9_0,0.3,0.116355,1.32,0.02,11.74,0.141155,97,6.59,35,0.29309002,0.15,52,0.18424,25,0.31004,0.23455,6.930291403825374,0.71,-0.0,302,325,"1/10/24, 12:00 AM",CUDDALORE,68,2024-12-31T00:00:00,5.07,3.982774,401,375,297,299,0.0,2024-01-01T00:00:00,30.635870967741944,Pelandurai,"{""geodesic"":false,""type"":""Point"",""coordinates"":[79.26361266227748,11.362026460836328]}"
10_0,0.347,0.15953334,0.885,0.17,12.942,0.1783238,154,7.939,150,0.3841476,0.3,45.5,0.18393333,16.842,0.32212856,0.22036667,-1.466752867796315,0.918,332.97797,316,333,"3/15/24, 12:00 AM",CUDDALORE,80,2024-12-31T00:00:00,4.72,3.982774,386,372,297,294,2.0813868,2024-01-01T00:00:00,30.63405882352941,Pelandurai,"{""geodesic"":false,""type"":""Point"",""coordinates"":[79.27439244568693,11.370380792978638]}"
11_0,0.438,0.14639091,1.141,0.05,13.146,0.16589545,154,7.939,130,0.37127727,0.36,51.1,0.17416364,16.842,0.31620455,0.2218,0.035139648026996,0.924,-0.0,327,342,"3/15/24, 12:00 AM",CUDDALORE,78,2024-12-31T00:00:00,5.8,3.982774,380,365,293,293,0.92740995,2024-01-01T00:00:00,30.63405882352941,Pelandurai,"{""geodesic"":false,""type"":""Point"",""coordinates"":[79.27412295110169,11.370650287563874]}"
12_0,0.4,0.08126522,1.26,0.03,14.6,0.10692174,97,7.56,35,0.27185217,0.15,45,0.11868695,26,0.2539,0.1752087,-1.0145738973243434,0.84,225.5675,319,334,"1/10/24, 12:00 AM",CUDDALORE,81,2024-12-31T00:00:00,5.3,3.982774,386,373,295,293,1.3246214,2024-01-01T00:00:00,30.63405882352941,Pelandurai,"{""geodesic"":false,""type"":""Point"",""coordinates"":[79.27520092944263,11.367146857955808]}"
13_0,0.278,0.16385834,1.174,0.05,12.272,0.18874723,154,7.632,138,0.35382223,0.21,45.5,0.20458889,17.632,0.34203056,0.25099722,1.55040218603337,0.939,314.43286,321,338,"3/15/24, 12:00 AM",CUDDALORE,60,2024-12-31T00:00:00,4.79,3.982774,372,352,306,310,1.3246129,2024-01-01T00:00:00,30.58194117647059,Pelandurai,"{""geodesic"":false,""type"":""Point"",""coordinates"":[79.25660580306136,11.363643428347743]}"
14_0,0.273,0.07812857,1.246,0.15,12.257,0.10104762,163,7.725,133,0.31034762,0.33,51.1,0.09507143,16.053,0.23683333,0.15523809,-1.0145488881612235,0.853,314.43295,315,335,"3/15/24, 12:00 AM",CUDDALORE,69,2024-12-31T00:00:00,4.62,3.982774,377,352,308,312,1.3246108,2024-01-01T00:00:00,30.635870967741944,Pelandurai,"{""geodesic"":false,""type"":""Point"",""coordinates"":[79.26280417852178,11.362834944592034]}"
15_0,0.4,0.08306,1.22,0.02,15.28,0.1082,97,7.43,35,0.29793,0.15,49,0.114805,22,0.257075,0.17723,-1.9542466125653397,0.88,56.831436,299,316,"1/10/24, 12:00 AM",CUDDALORE,80,2024-12-31T00:00:00,5.11,3.982774,394,380,307,304,3.3865976,2024-01-01T00:00:00,30.634181818181826,Pelandurai,"{""geodesic"":false,""type"":""Point"",""coordinates"":[79.27870435905069,11.363373933762507]}"
16_0,0.4,0.08801905,1.29,0.02,12.68,0.10972381,125,7.52,35,0.2927857,0.27,62.5,0.118033335,22,0.24970952,0.171,0.44062753203718036,0.86,180.0,323,339,"1/10/24, 12:00 AM",CUDDALORE,78,2024-12-31T00:00:00,5.52,3.982774,382,366,295,294,1.8543341,2024-01-01T00:00:00,30.634181818181826,Pelandurai,"{""geodesic"":false,""type"":""Point"",""coordinates"":[79.27924334822117,11.364182417518213]}"
17_0,0.5,0.058734998,1.25,0.04,10.58,0.08249,97,4.17,35,0.286895,0.18,45.1,0.08027,18,0.24584,0.15621,2.126276310552769,0.82,-0.0,299,316,"1/10/24, 12:00 AM",CUDDALORE,82,2024-12-31T00:00:00,5.42,3.982774,394,380,307,304,0.0,2024-01-01T00:00:00,30.634181818181826,Pelandurai,"{""geodesic"":false,""type"":""Point"",""coordinates"":[79.27843486446545,11.362295955421562]}"
18_0,0.375,0.066885,1.143,0.05,13.143,0.096285,163,7.732,133,0.29556,0.3,45.5,0.135245,17.105,0.285215,0.205585,-1.0145484380222054,0.865,225.56703,299,316,"3/15/24, 12:00 AM",CUDDALORE,82,2024-12-31T00:00:00,5.3,3.982774,394,380,307,304,1.3246102,2024-01-01T00:00:00,30.634181818181826,Pelandurai,"{""geodesic"":false,""type"":""Point"",""coordinates"":[79.27843486446545,11.362565450006798]}"
19_0,0.386,0.066885,0.981,0.07,12.881,0.096285,192,6.654,143,0.29556,0.36,39.8,0.135245,16.053,0.285215,0.205585,-1.0145484380222054,0.742,225.56703,299,316,"3/15/24, 12:00 AM",CUDDALORE,82,2024-12-31T00:00:00,4.74,3.982774,394,380,307,304,1.3246102,2024-01-01T00:00:00,30.634181818181826,Pelandurai,"{""geodesic"":false,""type"":""Point"",""coordinates"":[79.27843486446545,11.362565450006798]}"
20_0,0.392,0.16518421,0.978,0.15,13.431,0.18722105,163,7.773,133,0.37697893,0.36,51.1,0.1971842,16.053,0.3161316,0.22691053,-0.6778459892974015,0.853,90.0,322,336,"3/15/24, 12:00 AM",CUDDALORE,76,2024-12-31T00:00:00,4.6,3.982774,383,369,296,295,0.945981,2024-01-01T00:00:00,30.662000000000006,Pelandurai,"{""geodesic"":false,""type"":""Point"",""coordinates"":[79.28490273451112,11.37280624424576]}"
21_0,0.273,0.070975,1.151,0.13,12.921,0.09608,202,6.543,133,0.283745,0.3,39.8,0.104115,17.632,0.256905,0.171965,-1.756670559839074,0.851,-0.0,337,346,"3/15/24, 12:00 AM",CUDDALORE,79,2024-12-31T00:00:00,4.6,3.982774,378,370,285,284,2.7802885,2024-01-01T00:00:00,30.670764705882355,Pelandurai,"{""geodesic"":false,""type"":""Point"",""coordinates"":[79.27735688612452,11.38520299516661]}"
22_0,0.5,0.06411111,0.65,0.16,10.76,0.092031114,225,5,90,0.29393557,0.39,18.9,0.08002,4.1,0.19150667,0.11032667,-2.288016353488209,0.72,168.46764,326,339,"1/8/24, 12:00 AM",CUDDALORE,61,2024-12-31T00:00:00,8.26,3.7463381,383,377,292,284,4.722283,2024-01-01T00:00:00,30.5831875,Sirumulai,"{""geodesic"":false,""type"":""Point"",""coordinates"":[79.1517724094046,11.421315269588215]}"
23_0,0.5,0.09658409,0.5,0.14,11.18,0.11990909,250,5.12,73,0.2686409,0.27,23.1,0.12636818,4.1,0.24593182,0.18306364,-0.6710823354310415,0.55,306.32123,354,367,"1/8/24, 12:00 AM",CUDDALORE,59,2024-12-31T00:00:00,8.3,3.6441905,372,361,274,272,4.687165,2024-01-01T00:00:00,30.61733333333333,Sirumulai,"{""geodesic"":false,""type"":""Point"",""coordinates"":[79.14368757184754,11.42293223709963]}"
24_0,0.5,0.09381591,0.7,0.15,10.98,0.12336591,187,5.08,80,0.3248523,0.27,16.8,0.11009773,4.1,0.23117046,0.15194546,-1.4669675500482746,0.55,207.02618,339,353,"1/8/24, 12:00 AM",CUDDALORE,59,2024-12-31T00:00:00,8.4,3.6441905,380,368,282,280,2.0814638,2024-01-01T00:00:00,30.61733333333333,Sirumulai,"{""geodesic"":false,""type"":""Point"",""coordinates"":[79.14314858267706,11.421315269588215]}"
25_0,0.5,0.09618222,0.7,0.18,11.2,0.114022225,212,5,68,0.27438888,0.36,18.9,0.13405333,4.1,0.30190888,0.20998444,-1.708071008459211,0.72,225.57425,343,349,"1/8/24, 12:00 AM",CUDDALORE,63,2024-12-31T00:00:00,8.37,3.6441905,357,356,301,295,2.6481462,2024-01-01T00:00:00,30.973371428571436,Sirumulai,"{""geodesic"":false,""type"":""Point"",""coordinates"":[79.14072313140994,11.434251009679537]}"
26_0,0.5,0.1484,0.91,0.3,11.31,0.16437,266,8.31,105,0.3295,0.27,21,0.154745,4.1,0.28168002,0.203535,-1.0137789835301547,1.21,134.4478,299,303,"1/9/24, 12:00 AM",CUDDALORE,13,2024-12-31T00:00:00,8.02,4.8637958,339,340,362,358,1.3242608,2024-01-01T00:00:00,30.504451612903228,A. Agaram,"{""geodesic"":false,""type"":""Point"",""coordinates"":[79.51073919693877,11.213804438956606]}"
27_0,0.5,0.12492381,1.09,0.18,9.39,0.15053333,281,4.86,85,0.3536619,0.3,29,0.16219524,4.1,0.33789048,0.24870953,-1.0147291937049634,0.8,314.42953,316,330,"3/19/24, 12:00 AM",CUDDALORE,72,2024-12-31T00:00:00,8.27,3.982774,397,378,287,291,1.3246913,2024-01-01T00:00:00,30.65537142857144,A. Agaram,"{""geodesic"":false,""type"":""Point"",""coordinates"":[79.27897385363593,11.396791262331753]}"
28_0,0.5,0.12492381,1.06,0.21,8.64,0.15053333,225,4.26,85,0.3536619,0.27,23,0.16219524,4.1,0.33789048,0.24870953,-1.0147291937049634,0.39,314.42953,316,330,"3/19/24, 12:00 AM",CUDDALORE,72,2024-12-31T00:00:00,8.3,3.982774,397,378,287,291,1.3246913,2024-01-01T00:00:00,30.65537142857144,A. Agaram,"{""geodesic"":false,""type"":""Point"",""coordinates"":[79.27897385363593,11.396791262331753]}"
29_0,0.5,0.0834425,0.76,0.23,9.31,0.1022475,281,5.35,113,0.2410675,0.3,21,0.1208125,8.3,0.277685,0.1994525,-1.4793897437460408,0.92,116.10405,322,320,"3/15/24, 12:00 AM",CUDDALORE,68,2024-12-31T00:00:00,8.31,3.5048034,365,362,313,317,2.1069708,2024-01-01T00:00:00,30.872444444444447,A. Agaram,"{""geodesic"":false,""type"":""Point"",""coordinates"":[79.13695020721663,11.488419421311944]}"
30_0,0.5,0.11574419,0.81,0.27,11.36,0.13270232,266,5.74,105,0.2584,0.36,25,0.12992093,4.1,0.23101163,0.1684186,2.4621726016093315,0.92,296.10385,329,334,"3/15/24, 12:00 AM",CUDDALORE,66,2024-12-31T00:00:00,7.98,3.5048034,365,358,306,308,4.2082887,2024-01-01T00:00:00,30.872444444444447,A. Agaram,"{""geodesic"":false,""type"":""Point"",""coordinates"":[79.14099262599517,11.490844872579066]}"
31_0,0.5,0.087966666,0.68,0.32,10.25,0.107235715,237,5.16,95,0.32175714,0.39,25,0.09671429,4.1,0.24062857,0.14904524,1.4816583851737666,0.76,-0.0,313,324,"3/15/24, 12:00 AM",CUDDALORE,67,2024-12-31T00:00:00,8.05,3.5048034,365,354,321,321,1.8543341,2024-01-01T00:00:00,30.872444444444447,A. Agaram,"{""geodesic"":false,""type"":""Point"",""coordinates"":[79.13479425053475,11.483838013362934]}"
32_0,0.5,0.086433336,0.74,0.33,12.65,0.109602384,175,6.12,108,0.2925143,0.27,23.1,0.103442855,4.1,0.22383095,0.14924286,-0.32200583804177724,0.63,134.42133,325,338,"1/9/24, 12:00 AM",CUDDALORE,58,2024-12-31T00:00:00,8.05,3.5048034,358,349,316,314,2.648354,2024-01-01T00:00:00,30.801611111111104,A. Agaram,"{""geodesic"":false,""type"":""Point"",""coordinates"":[79.13182981009716,11.477909132487746]}"
33_0,0.5,0.0834425,0.72,0.25,11.26,0.1022475,281,5.36,113,0.2410675,0.33,21,0.1208125,4.1,0.277685,0.1994525,-1.4793897437460408,0.91,116.10405,322,320,"3/15/24, 12:00 AM",CUDDALORE,68,2024-12-31T00:00:00,8.04,3.5048034,365,362,313,317,2.1069708,2024-01-01T00:00:00,30.872444444444447,A. Agaram,"{""geodesic"":false,""type"":""Point"",""coordinates"":[79.13695020721663,11.488419421311944]}"
34_0,0.5,0.10200476,0.68,0.31,11.21,0.12562858,150,5.97,123,0.3111619,0.27,23.1,0.12975238,4.1,0.28954762,0.22269762,-1.7079096700624763,0.77,134.42886,336,363,"1/9/24, 12:00 AM",CUDDALORE,48,2024-12-31T00:00:00,8.05,3.8238776,379,355,285,282,2.6479995,2024-01-01T00:00:00,30.65657142857143,A. Agaram,"{""geodesic"":false,""type"":""Point"",""coordinates"":[79.24744298716334,11.403259132377412]}"
35_0,0.5,0.097590476,0.59,0.28,12.06,0.11894762,175,6.82,140,0.28399763,0.39,23.1,0.11976428,4.1,0.28594285,0.23082618,-1.4668914893773317,0.63,152.97527,336,363,"1/9/24, 12:00 AM",CUDDALORE,49,2024-12-31T00:00:00,7.95,3.8238776,379,355,285,282,2.081437,2024-01-01T00:00:00,30.65657142857143,A. Agaram,"{""geodesic"":false,""type"":""Point"",""coordinates"":[79.24744298716334,11.403528626962649]}"
36_0,0.5,0.10537381,1.21,0.22,14.22,0.12931429,237,8.13,85,0.31187618,0.3,21,0.13036428,4.1,0.27037856,0.1816619,-2.076216520120826,0.76,14.311297,316,318,"1/9/24, 12:00 AM",CUDDALORE,69,2024-12-31T00:00:00,8.02,3.5048034,366,360,319,322,3.8230984,2024-01-01T00:00:00,30.872444444444447,A. Agaram,"{""geodesic"":false,""type"":""Point"",""coordinates"":[79.13533323970522,11.483568518777698]}"
37_0,0.5,0.16950715,1.21,0.27,12.21,0.18475953,237,8.22,113,0.28059286,0.39,25,0.19261429,8.3,0.29171905,0.23658572,-0.32203381162457934,1.21,45.579147,313,324,"1/9/24, 12:00 AM",CUDDALORE,67,2024-12-31T00:00:00,8.04,3.5048034,365,354,321,321,1.324896,2024-01-01T00:00:00,30.783500000000004,A. Agaram,"{""geodesic"":false,""type"":""Point"",""coordinates"":[79.13425526136427,11.482490540436755]}"
38_0,0.5,0.11779667,0.76,0.15,11.6,0.13248834,150,5.75,158,0.27841166,0.33,33.3,0.12026333,4.1,0.19769835,0.13094333,-0.6582299631134714,0.81,-0.0,359,374,"3/19/24, 12:00 AM",CUDDALORE,51,2024-12-31T00:00:00,7.98,3.8238776,369,364,272,262,0.92740995,2024-01-01T00:00:00,30.602645161290322,Marudhathur,"{""geodesic"":false,""type"":""Point"",""coordinates"":[79.20162890767324,11.435059493435244]}"
39_0,0.5,0.085590474,0.59,0.25,11.1,0.10880238,225,6.12,143,0.2545024,0.27,21,0.10392619,4.1,0.21834047,0.14547381,0.014570401208864284,0.55,90.0,326,336,"3/15/24, 12:00 AM",CUDDALORE,57,2024-12-31T00:00:00,8.3,3.5048034,361,350,313,315,1.8921448,2024-01-01T00:00:00,30.801611111111104,Marudhathur,"{""geodesic"":false,""type"":""Point"",""coordinates"":[79.13182981009716,11.477370143317273]}"
40_0,0.5,0.059312195,0.61,0.22,10.38,0.07524878,225,6.12,140,0.2762561,0.33,23.1,0.061875608,4.1,0.16882439,0.09842683,-1.7771788647569566,0.6,90.0,326,336,"3/15/24, 12:00 AM",CUDDALORE,61,2024-12-31T00:00:00,8.31,3.5048034,361,350,313,315,2.836915,2024-01-01T00:00:00,30.801611111111104,Marudhathur,"{""geodesic"":false,""type"":""Point"",""coordinates"":[79.13182981009716,11.476022670391094]}"
41_0,0.5,0.1124725,0.59,0.22,11.03,0.1263,237,5.09,148,0.250375,0.33,18.9,0.1259475,4.1,0.24661,0.1721425,-0.6785374922806996,0.63,90.0,323,333,"3/15/24, 12:00 AM",CUDDALORE,61,2024-12-31T00:00:00,8.5,3.5048034,356,344,321,323,1.8921058,2024-01-01T00:00:00,30.73815789473684,Marudhathur,"{""geodesic"":false,""type"":""Point"",""coordinates"":[79.13533323970522,11.47171075702732]}"
42_0,0.5,0.09621666,0.59,0.25,11.02,0.11553095,266,5,163,0.3180119,0.33,21,0.10473095,8.3,0.25504047,0.17132619,-1.8117433964744554,0.72,198.7852,328,337,"1/8/24, 12:00 AM",CUDDALORE,67,2024-12-31T00:00:00,8.05,3.5048034,357,349,315,314,2.936454,2024-01-01T00:00:00,30.783500000000004,Marudhathur,"{""geodesic"":false,""type"":""Point"",""coordinates"":[79.13398576677903,11.48141256209581]}"
43_0,0.5,0.09936429,0.5,0.3,11.1,0.11921429,297,5,150,0.31179762,0.39,23.1,0.11150238,4.1,0.22526191,0.1465238,-1.4672241758586533,0.65,27.031225,321,329,"1/8/24, 12:00 AM",CUDDALORE,65,2024-12-31T00:00:00,8.06,3.5048034,358,350,321,321,2.081557,2024-01-01T00:00:00,30.801611111111104,Marudhathur,"{""geodesic"":false,""type"":""Point"",""coordinates"":[79.13129082092668,11.48276003502199]}"
44_0,0.5,0.09515714,0.76,0.21,10.26,0.12258095,396,5.31,138,0.3247,0.39,33,0.11557143,4.1,0.25578332,0.16468571,-0.7740708338227059,0.86,207.03104,328,337,"3/14/24, 12:00 AM",CUDDALORE,61,2024-12-31T00:00:00,9.13,3.5048034,357,349,315,314,2.0815537,2024-01-01T00:00:00,30.801611111111104,Sirumangalam,"{""geodesic"":false,""type"":""Point"",""coordinates"":[79.13317728302333,11.480604078340104]}"
45_0,0.5,0.0834425,0.85,0.21,10.31,0.1022475,328,6.52,150,0.2410675,0.36,38,0.1208125,12.4,0.277685,0.1994525,-1.4793897437460408,0.86,116.10405,322,320,"3/14/24, 12:00 AM",CUDDALORE,68,2024-12-31T00:00:00,9.15,3.5048034,365,362,313,317,2.1069708,2024-01-01T00:00:00,30.872444444444447,Sirumangalam,"{""geodesic"":false,""type"":""Point"",""coordinates"":[79.13695020721663,11.488419421311944]}"
46_0,0.5,0.11022143,1.15,0.22,11.06,0.12986429,385,6.36,148,0.30561906,0.36,23.1,0.1264119,8.3,0.2430119,0.1682738,-1.0151806431548644,0.81,134.42082,321,329,"3/14/24, 12:00 AM",CUDDALORE,64,2024-12-31T00:00:00,9.19,3.5048034,358,350,321,321,1.3248967,2024-01-01T00:00:00,30.801611111111104,Sirumangalam,"{""geodesic"":false,""type"":""Point"",""coordinates"":[79.13182981009716,11.48276003502199]}"
47_0,0.5,0.09836744,0.65,0.21,10.21,0.122806974,297,5.36,140,0.32808372,0.27,25,0.119072095,8.3,0.26918605,0.1723279,-1.015185571066139,0.63,225.57925,329,336,"3/14/24, 12:00 AM",CUDDALORE,62,2024-12-31T00:00:00,9.21,3.5048034,355,348,316,316,2.648382,2024-01-01T00:00:00,30.823513513513507,Sirumangalam,"{""geodesic"":false,""type"":""Point"",""coordinates"":[79.12832638048909,11.483568518777698]}"
48_0,0.5,0.059312195,1.21,0.21,11.26,0.07524878,406,9.21,103,0.2762561,0.36,33,0.061875608,4.1,0.16882439,0.09842683,-1.7771788647569566,0.82,90.0,326,336,"1/5/24, 12:00 AM",CUDDALORE,61,2024-12-31T00:00:00,8.99,3.5048034,361,350,313,315,2.836915,2024-01-01T00:00:00,30.801611111111104,Sirumangalam,"{""geodesic"":false,""type"":""Point"",""coordinates"":[79.13182981009716,11.476022670391094]}"
49_0,0.5,0.11574419,0.69,0.19,11.2,0.13270232,437,5.26,88,0.2584,0.36,25,0.12992093,4.1,0.23101163,0.1684186,2.4621726016093315,0.72,296.10385,329,334,"1/5/24, 12:00 AM",CUDDALORE,66,2024-12-31T00:00:00,9,3.5048034,365,358,306,308,4.2082887,2024-01-01T00:00:00,30.872444444444447,Sirumangalam,"{""geodesic"":false,""type"":""Point"",""coordinates"":[79.14099262599517,11.490844872579066]}"
50_0,0.5,0.11574419,0.62,0.2,11.21,0.13270232,406,5.1,98,0.2584,0.27,21,0.12992093,4.1,0.23101163,0.1684186,2.4621726016093315,0.65,296.10385,329,334,"1/5/24, 12:00 AM",CUDDALORE,66,2024-12-31T00:00:00,9.01,3.5048034,365,358,306,308,4.2082887,2024-01-01T00:00:00,30.872444444444447,Sirumangalam,"{""geodesic"":false,""type"":""Point"",""coordinates"":[79.14099262599517,11.490844872579066]}"
51_0,0.5,0.0967,0.62,0.19,10.67,0.120237775,150,5.34,193,0.29001555,0.36,25,0.13092889,4.1,0.29604,0.20515777,-1.7568481093584123,0.75,180.0,347,339,"1/24/24, 12:00 AM",CUDDALORE,84,2024-12-31T00:00:00,7.89,3.3910737,363,370,291,291,2.7802885,2024-01-01T00:00:00,30.831435897435895,Endal T.,"{""geodesic"":false,""type"":""Point"",""coordinates"":[79.03642872692366,11.436406966361423]}"
52_0,0.5,0.14017391,0.44,0.22,11.2,0.16490218,150,5.2,158,0.32068914,0.33,25,0.20380434,8.3,0.36765218,0.2709326,-0.6782901464266585,0.57,270.0,348,345,"3/19/24, 12:00 AM",CUDDALORE,84,2024-12-31T00:00:00,8.13,3.3910737,350,357,302,298,0.94619286,2024-01-01T00:00:00,30.9269,Endal T.,"{""geodesic"":false,""type"":""Point"",""coordinates"":[79.04747800491833,11.436406966361423]}"
53_0,0.5,0.12740667,1.09,0.25,8.27,0.15473555,297,0.3,125,0.30136,0.3,25,0.1764689,4.1,0.3383822,0.25724888,0.1305108696743453,0.27,243.89008,327,324,"3/20/24, 12:00 AM",CUDDALORE,98,2024-12-31T00:00:00,8.75,3.3910737,374,373,299,303,2.106531,2024-01-01T00:00:00,30.899294117647052,Endal T.,"{""geodesic"":false,""type"":""Point"",""coordinates"":[79.00786230088866,11.41511689412779]}"
54_0,0.5,0.07450444,1.12,0.36,8.39,0.09567333,200,3.12,120,0.25243112,0.36,25,0.09230889,12.4,0.2223889,0.1527689,-1.0149124691598317,0.56,134.426,347,336,"3/20/24, 12:00 AM",CUDDALORE,100,2024-12-31T00:00:00,8.36,3.3910737,356,361,296,303,1.3247745,2024-01-01T00:00:00,30.98560000000001,Endal T.,"{""geodesic"":false,""type"":""Point"",""coordinates"":[79.01406067634909,11.431556063827177]}"
55_0,0.5,0.07450444,1.14,0.25,9.62,0.09567333,187,3.2,113,0.25243112,0.3,23,0.09230889,8.3,0.2223889,0.1527689,-1.0149124691598317,0.6,134.426,347,336,"3/20/24, 12:00 AM",CUDDALORE,100,2024-12-31T00:00:00,8.27,3.3910737,356,361,296,303,1.3247745,2024-01-01T00:00:00,30.98560000000001,Endal T.,"{""geodesic"":false,""type"":""Point"",""coordinates"":[79.01406067634909,11.431556063827177]}"
56_0,0.5,0.10306191,1.09,0.48,10.76,0.12635714,297,2.8,113,0.29691666,0.3,17,0.12738572,8.3,0.3037,0.2139,0.65725291009733,0.68,251.90732,345,336,"3/20/24, 12:00 AM",CUDDALORE,85,2024-12-31T00:00:00,8.25,3.3910737,363,366,292,298,2.9838583,2024-01-01T00:00:00,30.853222222222225,Endal T.,"{""geodesic"":false,""type"":""Point"",""coordinates"":[79.02942186770753,11.44179685806614]}"
57_0,0.5,0.06289048,0.65,0.22,9.36,0.08334047,137,5.26,175,0.25810477,0.33,38,0.076759525,8.3,0.20027857,0.1316619,1.518849235040467,0.75,270.0,354,348,"3/19/24, 12:00 AM",CUDDALORE,88,2024-12-31T00:00:00,8.11,3.3910737,357,361,289,291,0.94623184,2024-01-01T00:00:00,30.791666666666668,Endal T.,"{""geodesic"":false,""type"":""Point"",""coordinates"":[79.02807439478134,11.447995233526566]}"
58_0,0.5,0.06289048,0.76,0.21,10.28,0.08334047,125,5.21,163,0.25810477,0.42,29,0.076759525,4.1,0.20027857,0.1316619,1.518849235040467,0.82,270.0,354,348,"3/19/24, 12:00 AM",CUDDALORE,88,2024-12-31T00:00:00,8.14,3.3910737,357,361,289,291,0.94623184,2024-01-01T00:00:00,30.791666666666668,Endal T.,"{""geodesic"":false,""type"":""Point"",""coordinates"":[79.02807439478134,11.447995233526566]}"
59_0,0.5,0.06289048,0.65,0.14,11.58,0.08334047,137,5.79,183,0.25810477,0.36,37.5,0.076759525,4.1,0.20027857,0.1316619,1.518849235040467,0.57,270.0,354,348,"1/24/24, 12:00 AM",CUDDALORE,88,2024-12-31T00:00:00,6.83,3.3910737,357,361,289,291,0.94623184,2024-01-01T00:00:00,30.791666666666668,Endal T.,"{""geodesic"":false,""type"":""Point"",""coordinates"":[79.02807439478134,11.447995233526566]}"
60_0,0.5,0.10585682,0.76,0.26,9.36,0.13240682,175,6.31,183,0.24396363,0.42,25,0.15545,4.1,0.27548864,0.22126363,0.5863876652947357,0.96,341.2184,345,333,"3/19/24, 12:00 AM",CUDDALORE,76,2024-12-31T00:00:00,7.89,3.3910737,363,369,292,298,2.9363906,2024-01-01T00:00:00,31.00547368421053,Endal T.,"{""geodesic"":false,""type"":""Point"",""coordinates"":[79.04532204823644,11.42239324792916]}"
61_0,0.5,0.06923571,0.44,0.16,11.21,0.09190714,150,5.56,148,0.27562618,0.33,33.3,0.084790476,4.1,0.21577857,0.13702857,-1.9547444386397201,0.55,303.16077,354,348,"3/19/24, 12:00 AM",CUDDALORE,89,2024-12-31T00:00:00,8.12,3.3910737,357,361,289,291,3.3873014,2024-01-01T00:00:00,30.791666666666668,Endal T.,"{""geodesic"":false,""type"":""Point"",""coordinates"":[79.02834388936658,11.44772573894133]}"
62_0,0.21,0.09964318,0.68,0.1,4.68,0.12139091,233.17,2.24,115.6,0.26105228,0.3,32.85,0.13646136,6.25,0.2572909,0.19102046,3.182773843028611,0.71,270.0,304,322,"2/29/24, 12:00 AM",CUDDALORE,62,2024-12-31T00:00:00,8.2,3.6751435,380,367,316,311,1.8915406,2024-01-01T00:00:00,30.772709677419357,Pattur,"{""geodesic"":false,""type"":""Point"",""coordinates"":[79.14934695813749,11.386819962678025]}"
63_0,0.42,0.09964318,0.62,0.1,4.39,0.12139091,280.59,2.21,107.69,0.26105228,0.2,24.7,0.13646136,12.5,0.2572909,0.19102046,3.182773843028611,0.65,270.0,304,322,"2/29/24, 12:00 AM",CUDDALORE,62,2024-12-31T00:00:00,8.3,3.6751435,380,367,316,311,1.8915406,2024-01-01T00:00:00,30.772709677419357,Pattur,"{""geodesic"":false,""type"":""Point"",""coordinates"":[79.14934695813749,11.386819962678025]}"
64_0,0.5,0.064665906,0.88,0.2,15.21,0.08424318,162,6.21,60,0.2195159,0.39,38,0.0837,8.3,0.21271819,0.16084772,-1.4787794792833198,0.76,116.11176,314,330,"1/11/24, 12:00 AM",CUDDALORE,61,2024-12-31T00:00:00,8.01,3.6751435,355,343,331,327,2.106393,2024-01-01T00:00:00,30.653878787878792,Pattur,"{""geodesic"":false,""type"":""Point"",""coordinates"":[79.14557403394419,11.391940359797507]}"
65_0,0.5,0.07416279,0.66,0.17,11.42,0.093451165,125,5.78,88,0.26394418,0.36,21,0.08430233,8.3,0.22940698,0.14543954,-1.8273057496840608,0.75,288.09576,339,356,"1/11/24, 12:00 AM",CUDDALORE,63,2024-12-31T00:00:00,8.31,3.7742417,364,354,296,291,2.9833684,2024-01-01T00:00:00,30.75725,Pattur,"{""geodesic"":false,""type"":""Point"",""coordinates"":[79.15662331193886,11.390053897700856]}"
66_0,0.21,0.081057146,0.62,0.1,4.25,0.103614286,219.58,2.18,107.69,0.28364286,0.2,26.75,0.09894285,12.5,0.22328572,0.15514524,2.21785842809612,0.55,51.89447,299,316,"2/29/24, 12:00 AM",CUDDALORE,62,2024-12-31T00:00:00,8.2,3.7742417,379,367,321,317,5.9899,2024-01-01T00:00:00,30.75725,Pattur,"{""geodesic"":false,""type"":""Point"",""coordinates"":[79.15285038774554,11.385741984337082]}"
67_0,0.42,0.12049535,0.64,0.1,4.17,0.13563256,291.95,2.27,115.6,0.26532558,0.2,20.58,0.13732558,6.25,0.26579303,0.2055186,-1.946743134159637,0.57,145.78215,309,327,"2/29/24, 12:00 AM",CUDDALORE,64,2024-12-31T00:00:00,8.3,3.7742417,378,368,313,305,3.3610618,2024-01-01T00:00:00,30.75725,Pattur,"{""geodesic"":false,""type"":""Point"",""coordinates"":[79.15285038774554,11.387897941018968]}"
68_0,0.21,0.09043023,0.67,0.1,4.65,0.10888139,280.59,2.35,107.69,0.23646279,0.2,24.7,0.11410233,12.5,0.24960466,0.18812558,0.9314976118382996,0.64,90.0,332,351,"2/29/24, 12:00 AM",CUDDALORE,59,2024-12-31T00:00:00,8.1,3.7742417,363,351,305,298,1.8915333,2024-01-01T00:00:00,30.75725,Pattur,"{""geodesic"":false,""type"":""Point"",""coordinates"":[79.15635381735362,11.385741984337082]}"
69_0,0.21,0.10694419,0.67,0.1,4.24,0.13521628,192.17,2.25,115.6,0.31448606,0.2,26.75,0.15870698,6.25,0.32298836,0.23364651,4.52965124496946,0.68,270.0,333,350,"2/29/24, 12:00 AM",CUDDALORE,60,2024-12-31T00:00:00,8.3,3.7742417,363,352,305,298,2.8360486,2024-01-01T00:00:00,30.75725,Pattur,"{""geodesic"":false,""type"":""Point"",""coordinates"":[79.15500634442743,11.389514908530384]}"
70_0,0.21,0.064665906,0.59,0.1,4.37,0.08424318,219.58,2.27,123.5,0.2195159,0.3,12.35,0.0837,12.5,0.21271819,0.16084772,-1.4787794792833198,0.68,116.11176,314,330,"2/29/24, 12:00 AM",CUDDALORE,61,2024-12-31T00:00:00,8.1,3.6751435,355,343,331,327,2.106393,2024-01-01T00:00:00,30.653878787878792,Pattur,"{""geodesic"":false,""type"":""Point"",""coordinates"":[79.14557403394419,11.391940359797507]}"
71_0,0.21,0.057252273,0.62,0.1,4.28,0.07711591,280.59,2.21,123.5,0.23863181,0.3,20.58,0.0765,6.25,0.22788182,0.1799091,-1.4787838275147098,0.65,63.888264,314,330,"2/29/24, 12:00 AM",CUDDALORE,64,2024-12-31T00:00:00,8.1,3.6751435,355,343,331,327,2.1063948,2024-01-01T00:00:00,30.653878787878792,Pattur,"{""geodesic"":false,""type"":""Point"",""coordinates"":[79.1450350447737,11.392209854382743]}"
72_0,0.42,0.07692955,0.65,0.1,4.47,0.10338182,269.48,2.28,115.6,0.26509774,0.2,16.47,0.118,12.5,0.30009547,0.21215682,-1.014705951175325,0.59,45.570072,326,341,"2/29/24, 12:00 AM",CUDDALORE,65,2024-12-31T00:00:00,8.2,3.6751435,358,344,316,314,1.324682,2024-01-01T00:00:00,30.653878787878792,Pattur,"{""geodesic"":false,""type"":""Point"",""coordinates"":[79.14395706643276,11.392748843553214]}"
73_0,0.21,0.07596591,0.63,0.1,4.44,0.10185455,258.12,2.24,115.6,0.2815318,0.2,24.7,0.11653864,6.215,0.3084227,0.21104091,-1.0147089355207795,0.55,314.4299,326,341,"2/29/24, 12:00 AM",CUDDALORE,64,2024-12-31T00:00:00,8.3,3.6751435,358,344,316,314,1.3246827,2024-01-01T00:00:00,30.653878787878792,Pattur,"{""geodesic"":false,""type"":""Point"",""coordinates"":[79.14395706643276,11.39301833813845]}"
74_0,0.5,0.07705814,0.82,0.13,13.01,0.10266512,137,7.01,68,0.29339302,0.42,33,0.08833023,12.4,0.21937907,0.14214419,0.3716057697482974,0.91,225.56966,307,324,"1/11/24, 12:00 AM",CUDDALORE,62,2024-12-31T00:00:00,8.26,3.6751435,377,364,317,312,1.3246721,2024-01-01T00:00:00,30.772709677419357,Pattur,"{""geodesic"":false,""type"":""Point"",""coordinates"":[79.14961645272273,11.388706424774677]}"
75_0,0.5,0.07705814,0.76,0.12,12.06,0.10266512,91,6.25,73,0.29339302,0.33,23,0.08833023,4.1,0.21937907,0.14214419,0.3716057697482974,0.76,225.56966,307,324,"1/11/24, 12:00 AM",CUDDALORE,62,2024-12-31T00:00:00,8.38,3.6751435,377,364,317,312,1.3246721,2024-01-01T00:00:00,30.772709677419357,Pattur,"{""geodesic"":false,""type"":""Point"",""coordinates"":[79.14961645272273,11.388706424774677]}"
76_0,0.42,0.07446757,0.49,0.11,4.16,0.09795406,358.15,2.2,131.4,0.2658027,0.33,16.3,0.091908105,30,0.24397297,0.15853783,2.6069497086275346,0.29,18.787224,337,335,"2/26/24, 12:00 AM",CUDDALORE,103,2024-12-31T00:00:00,8.3,3.469905,354,355,310,310,2.936489,2024-01-01T00:00:00,30.856166666666677,Malayanur,"{""geodesic"":false,""type"":""Point"",""coordinates"":[78.98845869075168,11.513751912324114]}"
77_0,0.42,0.146764,0.37,0.1,4.96,0.163836,560.69,2.06,131.4,0.295744,0.33,24.7,0.165088,30,0.285312,0.217044,2.1257826214132196,0.31,-0.0,327,326,"2/26/24, 12:00 AM",CUDDALORE,105,2024-12-31T00:00:00,8.1,3.469905,363,365,311,309,0.0,2024-01-01T00:00:00,30.733176470588234,Malayanur,"{""geodesic"":false,""type"":""Point"",""coordinates"":[78.96582114559186,11.505397580181802]}"
78_0,0.21,0.08166572,0.35,0.08,4.04,0.09970286,657.02,2.15,131.4,0.27812,0.33,32.85,0.08774857,12.5,0.22741714,0.14257143,-1.4795327631607036,0.3,243.89775,317,317,"2/26/24, 12:00 AM",CUDDALORE,108,2024-12-31T00:00:00,7.4,3.469905,361,361,323,323,2.1071064,2024-01-01T00:00:00,30.856166666666677,Malayanur,"{""geodesic"":false,""type"":""Point"",""coordinates"":[78.98657222865502,11.51078747188652]}"
79_0,0.42,0.08166572,0.35,0.07,4.04,0.09970286,217.36,2.06,131.4,0.27812,0.33,12.35,0.08774857,25,0.22741714,0.14257143,-1.4795327631607036,0.27,243.89775,317,317,"2/26/24, 12:00 AM",CUDDALORE,108,2024-12-31T00:00:00,7.5,3.469905,361,361,323,323,2.1071064,2024-01-01T00:00:00,30.856166666666677,Malayanur,"{""geodesic"":false,""type"":""Point"",""coordinates"":[78.98657222865502,11.51078747188652]}"
80_0,0.21,0.093271874,0.37,0.14,4.06,0.11574688,370.5,2.2,123.5,0.26349688,0.27,24.7,0.14242813,12.5,0.31985,0.23795,-1.757119827819308,0.5,180.0,340,341,"2/26/24, 12:00 AM",CUDDALORE,108,2024-12-31T00:00:00,7.9,3.469905,339,339,321,320,2.7802885,2024-01-01T00:00:00,30.856166666666677,Malayanur,"{""geodesic"":false,""type"":""Point"",""coordinates"":[78.98441627197315,11.51536887983553]}"
81_0,0.21,0.116835,1.165,0.33,10.28,0.142625,455,8.46,148,0.3107725,0.3,12.5,0.15987,12.632,0.29116,0.205405,-0.6794402718560708,0.443,270.0,332,340,"3/21/24, 12:00 AM",CUDDALORE,84,2024-12-31T00:00:00,8.12,3.3331704,382,373,287,287,0.9467426,2024-01-01T00:00:00,30.772756756756767,Kolavai,"{""geodesic"":false,""type"":""Point"",""coordinates"":[79.02807439478134,11.599720685014352]}"
82_0,0.222,0.09473658,0.703,0.28,9.625,0.121736586,455,7.883,160,0.29905367,0.18,12.5,0.13838537,10,0.29415855,0.21840487,-2.281505348230445,0.683,53.69526,342,350,"3/21/24, 12:00 AM",CUDDALORE,91,2024-12-31T00:00:00,8.06,3.3331704,378,366,280,284,4.6889925,2024-01-01T00:00:00,30.772756756756767,Kolavai,"{""geodesic"":false,""type"":""Point"",""coordinates"":[79.02403197600282,11.59271382579822]}"
83_0,0.244,0.114434145,0.762,0.26,11.03,0.13692439,313,7.014,143,0.29052684,0.3,14.1,0.15270975,11.053,0.30140486,0.23195122,-1.9476976967998365,0.54,214.23744,339,349,"3/21/24, 12:00 AM",CUDDALORE,87,2024-12-31T00:00:00,8.23,3.3331704,388,378,273,273,3.361842,2024-01-01T00:00:00,30.772756756756767,Kolavai,"{""geodesic"":false,""type"":""Point"",""coordinates"":[79.02484045975852,11.594869782480107]}"
84_0,0.182,0.116025,0.765,0.29,9.443,0.14337,375,7.865,150,0.3012675,0.21,14.1,0.162215,15.526,0.3347575,0.2520625,0.8225168246260197,0.481,296.09537,329,333,"3/21/24, 12:00 AM",CUDDALORE,83,2024-12-31T00:00:00,7.97,3.3331704,379,370,293,298,2.1076214,2024-01-01T00:00:00,30.76654054054055,Kolavai,"{""geodesic"":false,""type"":""Point"",""coordinates"":[79.029960856878,11.59594776082105]}"
85_0,0.17,0.13020952,0.703,0.31,9.762,0.15382858,409,8.415,175,0.31582144,0.3,11.3,0.1747119,17.895,0.33047143,0.25358808,-1.4800906350431513,0.503,243.90483,347,357,"3/21/24, 12:00 AM",CUDDALORE,89,2024-12-31T00:00:00,7.98,3.3331704,381,371,272,272,2.1076367,2024-01-01T00:00:00,30.772756756756767,Kolavai,"{""geodesic"":false,""type"":""Point"",""coordinates"":[79.0232234922471,11.598373212088173]}"
86_0,0.222,0.10755,0.913,0.52,9.715,0.13299523,455,7.119,165,0.30605954,0.33,12.5,0.14195715,19.474,0.29580954,0.21405953,-1.9556224587215794,0.503,123.147125,339,348,"3/21/24, 12:00 AM",CUDDALORE,90,2024-12-31T00:00:00,7.92,3.3331704,374,362,288,291,3.388533,2024-01-01T00:00:00,30.772756756756767,Kolavai,"{""geodesic"":false,""type"":""Point"",""coordinates"":[79.02160652473569,11.593791804139164]}"
87_0,0.267,0.11745952,0.873,0.31,10.03,0.1435619,455,7.083,143,0.2828143,0.33,8.8,0.17247619,17.632,0.33925477,0.26977143,-1.4800955698725782,0.512,63.904892,347,357,"3/21/24, 12:00 AM",CUDDALORE,89,2024-12-31T00:00:00,8,3.3331704,381,371,272,272,2.1076417,2024-01-01T00:00:00,30.783297297297295,Kolavai,"{""geodesic"":false,""type"":""Point"",""coordinates"":[79.02106753556522,11.59918169584388]}"
88_0,0.216,0.07406591,0.915,0.31,8.84,0.09896818,489,7.114,158,0.30706364,0.09,15.6,0.10086136,18.684,0.26283863,0.18468182,-1.9556333285673009,0.543,303.14694,338,352,"3/20/24, 12:00 AM",CUDDALORE,90,2024-12-31T00:00:00,8.08,3.3331704,367,361,294,287,3.3885496,2024-01-01T00:00:00,30.783297297297295,Kolavai,"{""geodesic"":false,""type"":""Point"",""coordinates"":[79.01837258971285,11.59594776082105]}"
89_0,0.29,0.13195238,0.889,0.31,9.621,0.15744762,542,7.963,168,0.3223381,0.27,7.5,0.18398096,14.479,0.34327143,0.26069048,0.42651435209820227,0.408,53.695885,347,357,"3/20/24, 12:00 AM",CUDDALORE,85,2024-12-31T00:00:00,7.74,3.3331704,381,371,272,272,4.689062,2024-01-01T00:00:00,30.772756756756767,Kolavai,"{""geodesic"":false,""type"":""Point"",""coordinates"":[79.02295399766187,11.59918169584388]}"
90_0,0.222,0.11636667,0.586,0.39,10.19,0.13985278,386,7.621,165,0.33392778,0.24,7.5,0.14202222,14.373,0.30877224,0.21343888,2.1254586964987165,0.562,-0.0,337,346,"3/20/24, 12:00 AM",CUDDALORE,92,2024-12-31T00:00:00,8.04,3.3331704,361,356,302,298,0.0,2024-01-01T00:00:00,30.873151515151513,Kolavai,"{""geodesic"":false,""type"":""Point"",""coordinates"":[79.0081317954739,11.59729523374723]}"
91_0,0.4,0.09696309,1.14,0.19,8.35,0.115433335,76,8.74,35,0.24069762,0.33,27,0.13899048,17,0.312,0.231525,-2.094593729765677,0.79,76.23761,325,338,"1/18/24, 12:00 AM",CUDDALORE,61,2024-12-31T00:00:00,7.77,3.3938396,376,363,299,299,3.892725,2024-01-01T00:00:00,30.888000000000012,Nallur,"{""geodesic"":false,""type"":""Point"",""coordinates"":[79.19031013509334,11.56145245391086]}"
92_0,0.4,0.10096977,0.74,0.29,7.39,0.11738721,76,8.16,35,0.22963488,0.27,31,0.13674535,17,0.2799163,0.21208489,-1.4798559039601822,0.81,63.901833,325,338,"1/18/24, 12:00 AM",CUDDALORE,64,2024-12-31T00:00:00,7.74,3.3938396,376,363,299,299,2.1074123,2024-01-01T00:00:00,30.825000000000006,Nallur,"{""geodesic"":false,""type"":""Point"",""coordinates"":[79.1900406405081,11.56145245391086]}"
93_0,0.449,0.09393605,1.037,0.12,13.078,0.1099721,240,8.052,138,0.2063186,0.3,12.5,0.12767093,16.316,0.25709534,0.19437441,-1.0155999335753187,0.751,45.587215,325,338,"3/19/24, 12:00 AM",CUDDALORE,62,2024-12-31T00:00:00,7.76,3.3938396,376,363,299,299,1.3250864,2024-01-01T00:00:00,30.825000000000006,Nallur,"{""geodesic"":false,""type"":""Point"",""coordinates"":[79.1900406405081,11.561721948496096]}"
94_0,0.3,0.10096977,0.82,0.14,7.26,0.11738721,56,7.14,45,0.22963488,0.39,25,0.13674535,17,0.2799163,0.21208489,-1.4798559039601822,0.73,63.901833,325,338,"1/18/24, 12:00 AM",CUDDALORE,64,2024-12-31T00:00:00,7.72,3.3938396,376,363,299,299,2.1074123,2024-01-01T00:00:00,30.825000000000006,Nallur,"{""geodesic"":false,""type"":""Point"",""coordinates"":[79.1900406405081,11.56145245391086]}"
95_0,0.4,0.09696309,0.93,0.13,7.89,0.115433335,83,7.96,48,0.24069762,0.42,23,0.13899048,20,0.312,0.231525,-2.094593729765677,0.8,76.23761,325,338,"1/18/24, 12:00 AM",CUDDALORE,61,2024-12-31T00:00:00,7.69,3.3938396,376,363,299,299,3.892725,2024-01-01T00:00:00,30.888000000000012,Nallur,"{""geodesic"":false,""type"":""Point"",""coordinates"":[79.19031013509334,11.56145245391086]}"
96_0,0.4,0.097636044,0.92,0.24,7.55,0.11188605,76,7.92,48,0.22346047,0.42,33,0.11485,17,0.2194628,0.16117325,-0.658673416432829,0.81,-0.0,325,338,"1/18/24, 12:00 AM",CUDDALORE,65,2024-12-31T00:00:00,7.7,3.3938396,376,363,299,299,0.92740995,2024-01-01T00:00:00,30.825000000000006,Nallur,"{""geodesic"":false,""type"":""Point"",""coordinates"":[79.18977114592286,11.562260937666569]}"
97_0,0.472,0.1055407,1.172,0.1,11.426,0.12210814,212,6.547,158,0.25394303,0.33,15.6,0.12716278,16.316,0.2404907,0.17171279,-2.0654661952226094,0.753,270.0,325,338,"3/20/24, 12:00 AM",CUDDALORE,64,2024-12-31T00:00:00,8.13,3.3938396,376,363,299,299,3.781304,2024-01-01T00:00:00,30.825000000000006,Nallur,"{""geodesic"":false,""type"":""Point"",""coordinates"":[79.18896266216716,11.561991443081332]}"
98_0,0.477,0.11525294,1.151,0.11,11.058,0.13272235,240,7.739,178,0.2728753,0.3,12.5,0.14287177,13.421,0.28782472,0.20960589,-0.368947368379604,0.794,207.03777,327,340,"3/20/24, 12:00 AM",CUDDALORE,60,2024-12-31T00:00:00,8,3.3938396,380,366,294,294,2.0816782,2024-01-01T00:00:00,30.825000000000006,Nallur,"{""geodesic"":false,""type"":""Point"",""coordinates"":[79.18842367299668,11.561991443081332]}"
99_0,0.438,0.10935647,1.029,0.11,11.729,0.12724471,231,7.635,150,0.24068117,0.3,8.8,0.124635294,16.316,0.22174941,0.16900235,-1.0156005996054056,0.816,45.58719,327,340,"3/19/24, 12:00 AM",CUDDALORE,59,2024-12-31T00:00:00,8.12,3.3938396,380,366,294,294,3.9696023,2024-01-01T00:00:00,30.825000000000006,Nallur,"{""geodesic"":false,""type"":""Point"",""coordinates"":[79.18815417841145,11.56145245391086]}"
100_0,0.5,0.10935647,0.84,0.11,7.85,0.12724471,35,6.77,35,0.24068117,0.27,27,0.124635294,24,0.22174941,0.16900235,-1.0156005996054056,0.76,45.58719,327,340,"1/18/24, 12:00 AM",CUDDALORE,59,2024-12-31T00:00:00,7.57,3.3938396,380,366,294,294,3.9696023,2024-01-01T00:00:00,30.825000000000006,Nallur,"{""geodesic"":false,""type"":""Point"",""coordinates"":[79.18815417841145,11.56145245391086]}"
101_0,0.4,0.11098588,0.84,0.27,7.56,0.12648824,76,8.14,35,0.23777059,0.15,31,0.13712235,17,0.24830589,0.19641529,-0.15578384992796504,0.72,34.234207,316,327,"1/18/24, 12:00 AM",CUDDALORE,62,2024-12-31T00:00:00,7.68,3.3938396,388,376,296,297,3.3617134,2024-01-01T00:00:00,30.825000000000006,Nallur,"{""geodesic"":false,""type"":""Point"",""coordinates"":[79.18815417841145,11.561182959325624]}"
102_0,0.3,0.10412941,0.71,0.13,7.15,0.120445885,49,7.65,35,0.21696235,0.27,20,0.13596824,18,0.24139294,0.19738941,-1.467555037933831,0.65,207.03767,316,327,"1/18/24, 12:00 AM",CUDDALORE,61,2024-12-31T00:00:00,7.63,3.3938396,388,376,296,297,2.0816765,2024-01-01T00:00:00,30.825000000000006,Nallur,"{""geodesic"":false,""type"":""Point"",""coordinates"":[79.18761518924097,11.56091346474039]}"
103_0,0.5,0.11712471,1.208,0.12,12.574,0.13493176,240,6.654,140,0.26129764,0.36,11.3,0.1507094,15.526,0.29932588,0.22196706,-1.7777841267225294,0.772,90.0,327,340,"3/20/24, 12:00 AM",CUDDALORE,61,2024-12-31T00:00:00,7.91,3.3938396,380,366,294,294,2.8377798,2024-01-01T00:00:00,30.825000000000006,Nallur,"{""geodesic"":false,""type"":""Point"",""coordinates"":[79.18761518924097,11.561991443081332]}"
104_0,0.516,0.104104705,1.258,0.09,11.057,0.12482706,250,8.851,178,0.24390942,0.3,12.5,0.12815411,14.737,0.25065178,0.18741177,-1.0743927263001383,0.819,243.90186,327,340,"3/19/24, 12:00 AM",CUDDALORE,59,2024-12-31T00:00:00,8.14,3.3938396,380,366,294,294,4.2091413,2024-01-01T00:00:00,30.825000000000006,Nallur,"{""geodesic"":false,""type"":""Point"",""coordinates"":[79.18869316758192,11.561721948496096]}"
105_0,0.358,0.121084705,1.227,0.1,12.526,0.13514824,271,8.821,153,0.25256,0.24,10,0.15073882,15.263,0.30689412,0.22840706,-1.015600473548165,0.865,45.587242,327,340,"3/19/24, 12:00 AM",CUDDALORE,63,2024-12-31T00:00:00,8.08,3.3938396,380,366,294,294,1.3250871,2024-01-01T00:00:00,30.825000000000006,Nallur,"{""geodesic"":false,""type"":""Point"",""coordinates"":[79.18734569465575,11.561991443081332]}"
106_0,0.21,0.09841294,0.86,0.24,9.114,0.11761294,323,6.99,143,0.23459765,0.27,14.1,0.12199765,15.789,0.20371059,0.14448705,-0.6791259389480384,0.412,270.0,322,330,"3/19/24, 12:00 AM",CUDDALORE,65,2024-12-31T00:00:00,8.34,3.3938396,375,365,304,305,1.8926698,2024-01-01T00:00:00,30.923764705882355,Periyanesalur,"{""geodesic"":false,""type"":""Point"",""coordinates"":[79.17440995456442,11.555523573035671]}"
107_0,0.278,0.12269311,0.69,0.12,9.685,0.14012185,313,7.108,133,0.2634586,0.18,15.6,0.15534598,17.895,0.27653447,0.20639196,0.930337800626647,0.593,314.4132,308,317,"3/19/24, 12:00 AM",CUDDALORE,62,2024-12-31T00:00:00,8.11,3.3938396,381,371,311,312,1.3250763,2024-01-01T00:00:00,30.923764705882355,Periyanesalur,"{""geodesic"":false,""type"":""Point"",""coordinates"":[79.17440995456442,11.557410035132323]}"
108_0,0.313,0.07706896,0.813,0.32,12.15,0.0978023,292,5.903,165,0.2948678,0.24,18.8,0.089582756,18.421,0.22909425,0.14560115,-1.4798184808240218,0.635,63.901386,322,330,"3/19/24, 12:00 AM",CUDDALORE,65,2024-12-31T00:00:00,8.48,3.3938396,375,365,304,305,2.1073785,2024-01-01T00:00:00,30.923764705882355,Periyanesalur,"{""geodesic"":false,""type"":""Point"",""coordinates"":[79.17333197622348,11.555793067620908]}"
109_0,0.301,0.0992,0.765,0.16,10.24,0.11976512,260,5.93,143,0.28422326,0.12,14.1,0.123910464,18.158,0.2603756,0.18628024,-1.0155720571713192,0.386,314.4133,323,332,"3/19/24, 12:00 AM",CUDDALORE,66,2024-12-31T00:00:00,8.43,3.3938396,377,367,300,301,1.3250743,2024-01-01T00:00:00,30.923764705882355,Periyanesalur,"{""geodesic"":false,""type"":""Point"",""coordinates"":[79.1757574274906,11.556601551376616]}"
110_0,0.3,0.083686516,0.93,0.11,14.23,0.1017236,177,7.88,168,0.2364764,0.45,11,0.09709101,18.4,0.21580337,0.15451348,-2.1141807553466774,0.81,225.58665,323,332,"1/19/24, 12:00 AM",CUDDALORE,66,2024-12-31T00:00:00,8.53,3.3938396,377,367,300,301,3.9695642,2024-01-01T00:00:00,30.923764705882355,Periyanesalur,"{""geodesic"":false,""type"":""Point"",""coordinates"":[79.17521843832013,11.556062562206144]}"
111_0,0.3,0.16041529,1.23,0.15,14.91,0.17184235,167,7.82,160,0.23553765,0.42,10.3,0.17914942,17.7,0.28595763,0.24496706,-0.6586580756660415,0.85,-0.0,323,332,"1/19/24, 12:00 AM",CUDDALORE,64,2024-12-31T00:00:00,8.47,3.3938396,377,367,300,301,0.92740995,2024-01-01T00:00:00,30.923764705882355,Periyanesalur,"{""geodesic"":false,""type"":""Point"",""coordinates"":[79.17629641666107,11.557140540547087]}"
112_0,0.4,0.10705,0.91,0.13,16.07,0.12510814,156,7.94,132,0.2540686,0.27,8.8,0.1306186,19.3,0.2465907,0.18824534,-2.0764879395886675,0.93,345.68515,323,332,"1/19/24, 12:00 AM",CUDDALORE,65,2024-12-31T00:00:00,8.02,3.3938396,377,367,300,301,3.823159,2024-01-01T00:00:00,30.923764705882355,Periyanesalur,"{""geodesic"":false,""type"":""Point"",""coordinates"":[79.17548793290537,11.556601551376616]}"
113_0,0.4,0.09844432,1.07,0.17,15.93,0.11658864,135,7.83,140,0.22408068,0.3,8.1,0.12905568,18.6,0.25730568,0.20041023,-1.7777454794967347,0.79,270.0,322,330,"1/19/24, 12:00 AM",CUDDALORE,65,2024-12-31T00:00:00,8.07,3.3938396,375,365,304,305,2.8377235,2024-01-01T00:00:00,30.923764705882355,Periyanesalur,"{""geodesic"":false,""type"":""Point"",""coordinates"":[79.17494894373489,11.55633205679138]}"
114_0,0.4,0.10705,1.33,0.19,14.73,0.12510814,177,7.53,168,0.2540686,0.48,11,0.1306186,17.5,0.2465907,0.18824534,-2.0764879395886675,0.73,345.68515,323,332,"1/19/24, 12:00 AM",CUDDALORE,65,2024-12-31T00:00:00,8.73,3.3938396,377,367,300,301,3.823159,2024-01-01T00:00:00,30.923764705882355,Periyanesalur,"{""geodesic"":false,""type"":""Point"",""coordinates"":[79.17548793290537,11.556601551376616]}"
115_0,0.301,0.11642588,1.065,0.22,13.04,0.13282588,271,7.13,130,0.24479647,0.18,14.1,0.14457412,15.263,0.23354942,0.18517648,-1.4674872153397676,0.496,27.036379,322,322,"3/19/24, 12:00 AM",CUDDALORE,64,2024-12-31T00:00:00,8.33,3.4041796,377,375,301,303,2.0816526,2024-01-01T00:00:00,30.92036363636364,Periyanesalur,"{""geodesic"":false,""type"":""Point"",""coordinates"":[79.18545923255908,11.54528277879671]}"
116_0,0.239,0.11642588,0.826,0.21,12.6,0.13282588,375,6.65,130,0.24479647,0.21,12.5,0.14457412,18.158,0.23354942,0.18517648,-1.4674872153397676,0.681,27.036379,322,322,"3/19/24, 12:00 AM",CUDDALORE,64,2024-12-31T00:00:00,8.3,3.4041796,377,375,301,303,2.0816526,2024-01-01T00:00:00,30.92036363636364,Periyanesalur,"{""geodesic"":false,""type"":""Point"",""coordinates"":[79.18545923255908,11.54528277879671]}"
117_0,0.21,0.11642588,1.011,0.2,10.22,0.13282588,354,5.025,148,0.24479647,0.09,15.6,0.14457412,19.737,0.23354942,0.18517648,-1.4674872153397676,0.543,27.036379,322,322,"3/19/24, 12:00 AM",CUDDALORE,64,2024-12-31T00:00:00,8.29,3.4041796,377,375,301,303,2.0816526,2024-01-01T00:00:00,30.92036363636364,Periyanesalur,"{""geodesic"":false,""type"":""Point"",""coordinates"":[79.18545923255908,11.54528277879671]}"
118_0,0.25,0.10724524,0.904,0.23,13.21,0.121835716,344,7.11,153,0.30434287,0.21,18.8,0.1137619,16.579,0.24025476,0.15856667,-1.3723133651260178,0.55,270.0,299,317,"3/19/24, 12:00 AM",CUDDALORE,63,2024-12-31T00:00:00,8.3,3.3938396,387,373,314,310,1.8927072,2024-01-01T00:00:00,30.79230303030303,Periyanesalur,"{""geodesic"":false,""type"":""Point"",""coordinates"":[79.15850977403551,11.561182959325624]}"
119_0,0.227,0.10724524,0.926,0.19,10.54,0.121835716,281,7.22,138,0.30434287,0.24,10,0.1137619,19.211,0.24025476,0.15856667,-1.3723133651260178,0.506,270.0,299,317,"3/19/24, 12:00 AM",CUDDALORE,63,2024-12-31T00:00:00,8.38,3.3938396,387,373,314,310,1.8927072,2024-01-01T00:00:00,30.79230303030303,Periyanesalur,"{""geodesic"":false,""type"":""Point"",""coordinates"":[79.15850977403551,11.561182959325624]}"
120_0,0.295,0.12119524,1.015,0.35,11.12,0.13842857,344,7.26,150,0.28689048,0.24,11.3,0.14454524,16.579,0.27390954,0.2000143,-1.0155962756524461,0.365,314.41284,311,322,"3/19/24, 12:00 AM",CUDDALORE,62,2024-12-31T00:00:00,8.19,3.3938396,381,372,307,306,1.325085,2024-01-01T00:00:00,30.79230303030303,Periyanesalur,"{""geodesic"":false,""type"":""Point"",""coordinates"":[79.15824027945027,11.561182959325624]}"
121_0,0.6,0.12659048,0.97,0.13,17.31,0.14802381,341,7.63,132,0.29039285,0.27,39.1,0.1526762,16.4,0.28404525,0.20705715,-0.020283338000442287,0.64,198.79015,299,317,"1/22/24, 12:00 AM",CUDDALORE,61,2024-12-31T00:00:00,6.36,3.3938396,387,373,314,310,2.93654,2024-01-01T00:00:00,30.79230303030303,Maligaimedu,"{""geodesic"":false,""type"":""Point"",""coordinates"":[79.16012674154692,11.56091346474039]}"
122_0,0.358,0.09820357,1.285,0.44,17.25,0.120058335,375,8.443,173,0.2583738,0.33,14.1,0.1335119,17.105,0.25870714,0.19610834,1.1245252222948103,0.565,134.41412,316,311,"3/19/24, 12:00 AM",CUDDALORE,63,2024-12-31T00:00:00,7.19,3.4041796,378,378,307,311,5.286115,2024-01-01T00:00:00,30.93163636363636,Maligaimedu,"{""geodesic"":false,""type"":""Point"",""coordinates"":[79.17602692207583,11.54851671381954]}"
123_0,0.273,0.1022647,0.273,0.22,9.003,0.12310706,365,0.51,195,0.25790823,0.27,12.5,0.13442588,18.947,0.25115883,0.19238941,-1.262204753113662,0.51,123.151344,316,311,"3/19/24, 12:00 AM",CUDDALORE,62,2024-12-31T00:00:00,7.06,3.4041796,378,378,307,311,3.388152,2024-01-01T00:00:00,30.93163636363636,Maligaimedu,"{""geodesic"":false,""type"":""Point"",""coordinates"":[79.17629641666107,11.548786208404776]}"
124_0,0.6,0.1022647,0.93,0.1,17.53,0.12310706,250,7.49,132,0.25790823,0.27,31.3,0.13442588,17.3,0.25115883,0.19238941,-1.262204753113662,0.72,123.151344,316,311,"1/22/24, 12:00 AM",CUDDALORE,62,2024-12-31T00:00:00,6.2,3.4041796,378,378,307,311,3.388152,2024-01-01T00:00:00,30.93163636363636,Maligaimedu,"{""geodesic"":false,""type"":""Point"",""coordinates"":[79.17629641666107,11.548786208404776]}"
125_0,0.415,0.14048095,1.124,0.39,10.043,0.15831904,556,8.742,173,0.34509525,0.3,12.5,0.14586191,10.263,0.2701262,0.18870476,1.0852652280604043,0.852,63.89959,339,342,"3/14/24, 12:00 AM",CUDDALORE,86,2024-12-31T00:00:00,7.69,3.4260366,387,390,274,268,2.107244,2024-01-01T00:00:00,30.834216216216216,Poyanapadi,"{""geodesic"":false,""type"":""Point"",""coordinates"":[79.05421536954923,11.533694511631568]}"
126_0,0.489,0.14048095,0.998,0.48,8.876,0.15831904,583,6.743,178,0.34509525,0.3,8.8,0.14586191,11.579,0.2701262,0.18870476,1.0852652280604043,0.869,63.89959,339,342,"3/14/24, 12:00 AM",CUDDALORE,86,2024-12-31T00:00:00,8.93,3.4260366,387,390,274,268,2.107244,2024-01-01T00:00:00,30.834216216216216,Poyanapadi,"{""geodesic"":false,""type"":""Point"",""coordinates"":[79.05421536954923,11.533694511631568]}"
127_0,0.415,0.09883489,1.213,0.29,10.543,0.11862326,639,6.294,158,0.25324652,0.21,12.5,0.14832558,10.263,0.2929628,0.20999534,0.03454724204078342,0.843,-0.0,341,341,"3/14/24, 12:00 AM",CUDDALORE,98,2024-12-31T00:00:00,7.59,3.3355167,352,356,307,303,0.92740995,2024-01-01T00:00:00,30.834486486486497,Poyanapadi,"{""geodesic"":false,""type"":""Point"",""coordinates"":[79.03211681355988,11.541509854603408]}"
128_0,0.256,0.09888139,0.929,0.17,11.074,0.116872095,611,8.876,168,0.24704884,0.21,14.1,0.14518605,13.684,0.29313955,0.2120907,-0.36885983338908745,0.951,332.96393,341,341,"3/14/24, 12:00 AM",CUDDALORE,97,2024-12-31T00:00:00,7.69,3.3355167,352,356,307,303,2.0816467,2024-01-01T00:00:00,30.834486486486497,Poyanapadi,"{""geodesic"":false,""type"":""Point"",""coordinates"":[79.03184731897466,11.541509854603408]}"
129_0,0.477,0.20504652,0.989,0.51,10.232,0.2326721,569,8.051,185,0.33157673,0.3,8.8,0.26806512,9.737,0.37700233,0.33260465,-1.2620875304495356,0.897,123.15316,335,339,"3/19/24, 12:00 AM",CUDDALORE,87,2024-12-31T00:00:00,8.59,3.3355167,381,381,284,280,3.3879879,2024-01-01T00:00:00,30.794400000000003,Poyanapadi,"{""geodesic"":false,""type"":""Point"",""coordinates"":[79.0366982215089,11.529382598267794]}"
130_0,0.352,0.088658534,0.817,0.34,8.614,0.10728414,528,6.114,178,0.23194024,0.3,14.1,0.122382924,13.68,0.2593622,0.20184878,-1.0155198780921535,0.537,134.41435,315,312,"3/21/24, 12:00 AM",CUDDALORE,63,2024-12-31T00:00:00,8.3,3.4041796,373,375,312,313,1.3250495,2024-01-01T00:00:00,30.93163636363636,Nagar,"{""geodesic"":false,""type"":""Point"",""coordinates"":[79.17548793290537,11.546360757137652]}"
131_0,0.341,0.08920244,0.815,0.27,9.723,0.10859146,597,6.827,175,0.2265622,0.27,11.3,0.1268183,15,0.25933048,0.20139635,-1.0155204180800002,0.614,225.58568,315,312,"3/21/24, 12:00 AM",CUDDALORE,63,2024-12-31T00:00:00,8.1,3.4041796,373,375,312,313,1.3250502,2024-01-01T00:00:00,30.93163636363636,Nagar,"{""geodesic"":false,""type"":""Point"",""coordinates"":[79.17548793290537,11.546630251722888]}"
132_0,0.347,0.086621426,0.865,0.29,10.22,0.10299048,639,6.7,178,0.2227619,0.27,10,0.117628574,17.1,0.25907737,0.18692619,-1.4797654631270474,0.627,296.09927,316,311,"3/21/24, 12:00 AM",CUDDALORE,63,2024-12-31T00:00:00,8.09,3.4041796,378,378,307,311,2.1073282,2024-01-01T00:00:00,30.93163636363636,Nagar,"{""geodesic"":false,""type"":""Point"",""coordinates"":[79.17387096539395,11.547438735478597]}"
133_0,0.3,0.08920244,0.83,0.17,6.74,0.10859146,56,8.19,55,0.2265622,0.48,14,0.1268183,25,0.25933048,0.20139635,-1.0155204180800002,0.68,225.58568,315,312,"1/18/24, 12:00 AM",CUDDALORE,63,2024-12-31T00:00:00,7.66,3.4041796,373,375,312,313,1.3250502,2024-01-01T00:00:00,30.93163636363636,Nagar,"{""geodesic"":false,""type"":""Point"",""coordinates"":[79.17548793290537,11.546630251722888]}"
134_0,0.4,0.08920244,0.85,0.18,6.56,0.10859146,76,6.14,38,0.2265622,0.33,16,0.1268183,18,0.25933048,0.20139635,-1.0155204180800002,0.82,225.58568,315,312,"1/18/24, 12:00 AM",CUDDALORE,63,2024-12-31T00:00:00,7.71,3.4041796,373,375,312,313,1.3250502,2024-01-01T00:00:00,30.93163636363636,Nagar,"{""geodesic"":false,""type"":""Point"",""coordinates"":[79.17548793290537,11.546630251722888]}"
135_0,0.4,0.08920244,0.92,0.17,7.59,0.10859146,83,7.65,59,0.2265622,0.51,14,0.1268183,24,0.25933048,0.20139635,-1.0155204180800002,0.59,225.58568,315,312,"1/18/24, 12:00 AM",CUDDALORE,63,2024-12-31T00:00:00,7.74,3.4041796,373,375,312,313,1.3250502,2024-01-01T00:00:00,30.93163636363636,Nagar,"{""geodesic"":false,""type"":""Point"",""coordinates"":[79.17548793290537,11.546630251722888]}"
136_0,0.4,0.09295244,0.89,0.14,7.25,0.113242686,56,6.58,55,0.21630366,0.48,18,0.12798415,17,0.25936708,0.21119146,-1.0845249885734927,0.73,90.0,315,312,"1/18/24, 12:00 AM",CUDDALORE,61,2024-12-31T00:00:00,7.62,3.4041796,373,375,312,313,2.837614,2024-01-01T00:00:00,30.93163636363636,Nagar,"{""geodesic"":false,""type"":""Point"",""coordinates"":[79.1757574274906,11.545552273381945]}"
137_0,0.4,0.08920244,0.88,0.12,6.44,0.10859146,63,6.58,55,0.2265622,0.48,16,0.1268183,22,0.25933048,0.20139635,-1.0155204180800002,0.6,225.58568,315,312,"1/18/24, 12:00 AM",CUDDALORE,63,2024-12-31T00:00:00,7.82,3.4041796,373,375,312,313,1.3250502,2024-01-01T00:00:00,30.93163636363636,Nagar,"{""geodesic"":false,""type"":""Point"",""coordinates"":[79.17548793290537,11.546630251722888]}"
138_0,0.347,0.09468049,0.99,0.3,17.09,0.11566829,542,0.225,183,0.2438561,0.27,12.5,0.13266097,13.68,0.2566805,0.19964269,-1.7086670135684303,0.664,134.41435,315,312,"3/21/24, 12:00 AM",CUDDALORE,62,2024-12-31T00:00:00,7.87,3.4041796,373,375,312,313,2.648683,2024-01-01T00:00:00,30.93163636363636,Nagar,"{""geodesic"":false,""type"":""Point"",""coordinates"":[79.1757574274906,11.546360757137652]}"
139_0,0.375,0.088658534,0.909,0.27,10.27,0.10728414,500,7.947,173,0.23194024,0.3,15.6,0.122382924,12.63,0.2593622,0.20184878,-1.0155198780921535,0.647,134.41435,315,312,"3/21/24, 12:00 AM",CUDDALORE,63,2024-12-31T00:00:00,7.77,3.4041796,373,375,312,313,1.3250495,2024-01-01T00:00:00,30.93163636363636,Nagar,"{""geodesic"":false,""type"":""Point"",""coordinates"":[79.17548793290537,11.546360757137652]}"
140_0,0.4,0.08870247,0.83,0.21,5.68,0.10632716,35,6.58,35,0.19917531,0.21,23,0.11568642,19,0.20870493,0.17096296,-1.0155248113886166,0.51,45.58574,316,311,"1/18/24, 12:00 AM",CUDDALORE,62,2024-12-31T00:00:00,7.53,3.4041796,378,378,307,311,2.6486871,2024-01-01T00:00:00,30.93163636363636,Nagar,"{""geodesic"":false,""type"":""Point"",""coordinates"":[79.17602692207583,11.54716924089336]}"
141_0,0.4,0.088658534,0.9,0.2,7.19,0.10728414,63,6.16,62,0.23194024,0.54,20,0.122382924,17,0.2593622,0.20184878,-1.0155198780921535,0.63,134.41435,315,312,"1/18/24, 12:00 AM",CUDDALORE,63,2024-12-31T00:00:00,7.83,3.4041796,373,375,312,313,1.3250495,2024-01-01T00:00:00,30.93163636363636,Nagar,"{""geodesic"":false,""type"":""Point"",""coordinates"":[79.17548793290537,11.546360757137652]}"
142_0,0.4,0.090207316,0.85,0.16,6.83,0.1092439,63,5.83,59,0.23212074,0.51,16,0.12208536,26,0.2506,0.19699268,-0.7866113178447386,0.73,116.0994,315,312,"1/18/24, 12:00 AM",CUDDALORE,62,2024-12-31T00:00:00,7.78,3.4041796,373,375,312,313,2.1073198,2024-01-01T00:00:00,30.93163636363636,Nagar,"{""geodesic"":false,""type"":""Point"",""coordinates"":[79.17548793290537,11.546091262552416]}"
143_0,0.42,0.15859546,0.4,0.13,4.3,0.18024318,345.8,2.22,139.31,0.29530227,0.38,12.35,0.18981591,18.7,0.2788318,0.22788182,-1.2542221545738335,0.28,34.230724,322,324,"2/22/24, 12:00 AM",CUDDALORE,92,2024-12-31T00:00:00,8.3,3.3355167,387,389,291,287,3.3615746,2024-01-01T00:00:00,30.765722222222223,Kachimailur,"{""geodesic"":false,""type"":""Point"",""coordinates"":[79.02376248141758,11.524531695733549]}"
144_0,0.21,0.13565348,0.51,0.09,4.18,0.15793023,657.02,1.72,139.31,0.29388604,0.38,34.83,0.1666628,18.7,0.29575348,0.21942557,8.21709549805756,0.54,225.5826,330,323,"2/22/24, 12:00 AM",CUDDALORE,87,2024-12-31T00:00:00,7.6,3.3355167,383,386,287,291,1.3249773,2024-01-01T00:00:00,30.79437837837837,Kachimailur,"{""geodesic"":false,""type"":""Point"",""coordinates"":[79.03157782438942,11.516446858176472]}"
145_0,0.5,0.08415111,0.62,0.28,11.39,0.10442222,187,5.37,90,0.2695111,0.39,52.5,0.09531333,8.3,0.21304889,0.14875333,-1.4794956643699833,0.68,296.10272,339,331,"1/18/24, 12:00 AM",CUDDALORE,98,2024-12-31T00:00:00,7.97,3.3355167,377,372,285,297,2.1070714,2024-01-01T00:00:00,30.77805555555556,Pudhur.Ma,"{""geodesic"":false,""type"":""Point"",""coordinates"":[79.00462836586583,11.505128085596567]}"
146_0,0.5,0.093495555,0.59,0.12,11.85,0.11370444,187,6.01,55,0.2551422,0.36,62.5,0.11474,8.3,0.23003112,0.16531111,-0.7294559422960578,0.68,251.91109,339,331,"1/18/24, 12:00 AM",CUDDALORE,96,2024-12-31T00:00:00,7.18,3.3355167,377,372,285,297,2.9844596,2024-01-01T00:00:00,30.77805555555556,Pudhur.Ma,"{""geodesic"":false,""type"":""Point"",""coordinates"":[79.00435887128059,11.504858591011331]}"
147_0,0.5,0.09323111,0.59,0.16,12.06,0.11398222,200,5.61,55,0.25830668,0.42,50.8,0.12065778,8.3,0.24360889,0.16919556,-0.6787762432986505,0.71,90.0,342,338,"1/18/24, 12:00 AM",CUDDALORE,96,2024-12-31T00:00:00,7.15,3.3355167,374,372,285,290,0.94642556,2024-01-01T00:00:00,30.77805555555556,Pudhur.Ma,"{""geodesic"":false,""type"":""Point"",""coordinates"":[79.0051673550363,11.505936569352274]}"
148_0,0.5,0.067605,0.45,0.15,11.85,0.08972,187,5.37,90,0.3252125,0.3,57.5,0.08507,8.3,0.257435,0.1749825,-1.9549970731108623,0.65,56.843163,330,330,"1/18/24, 12:00 AM",CUDDALORE,106,2024-12-31T00:00:00,7.29,3.5522695,364,365,306,305,3.3876557,2024-01-01T00:00:00,30.78288235294117,Pudhur.Ma,"{""geodesic"":false,""type"":""Point"",""coordinates"":[78.9900756582631,11.49003638882336]}"
149_0,0.62,0.094693184,0.51,0.08,4.62,0.11722273,313.69,2.73,147.21,0.29085228,0.44,61.5,0.117125,25,0.24710682,0.17653863,-1.47947314518273,0.25,296.10297,332,334,"3/1/24, 12:00 AM",CUDDALORE,99,2024-12-31T00:00:00,8,3.3355167,376,374,291,292,2.1070511,2024-01-01T00:00:00,30.692363636363634,Pudhur.Ma,"{""geodesic"":false,""type"":""Point"",""coordinates"":[79.00058594708729,11.5016246559885]}"
150_0,0.21,0.10929512,0.35,0.11,4.41,0.13216098,345.8,2.15,147.21,0.30613902,0.44,51.62,0.13448294,18.7,0.27566585,0.18900488,0.03474163789459521,0.34,180.0,337,335,"3/1/24, 12:00 AM",CUDDALORE,102,2024-12-31T00:00:00,8.5,3.5522695,362,362,301,304,0.92740995,2024-01-01T00:00:00,30.767294117647065,Pudhur.Ma,"{""geodesic"":false,""type"":""Point"",""coordinates"":[78.9900756582631,11.485185486289113]}"
151_0,0.42,0.0724675,0.47,0.09,3.92,0.0941375,291.46,2.13,123.5,0.2700725,0.27,16.3,0.0939825,12.5,0.2355375,0.1600475,-1.4672544619380614,0.3,27.031841,341,341,"3/1/24, 12:00 AM",CUDDALORE,104,2024-12-31T00:00:00,8.2,3.5522695,367,367,291,292,2.0815685,2024-01-01T00:00:00,30.78288235294117,Pudhur.Ma,"{""geodesic"":false,""type"":""Point"",""coordinates"":[78.99034515284833,11.490305883408594]}"
152_0,0.21,0.07992857,0.42,0.18,4.02,0.10587143,256.88,2.32,115.6,0.29533333,0.22,20.5,0.107254766,25,0.25506428,0.16745715,-2.2882998921336433,0.35,168.46452,328,326,"2/29/24, 12:00 AM",CUDDALORE,100,2024-12-31T00:00:00,7.9,3.5522695,374,376,297,299,4.722335,2024-01-01T00:00:00,30.750117647058822,Pudhur.Ma,"{""geodesic"":false,""type"":""Point"",""coordinates"":[78.99708251747923,11.499738193891849]}"
153_0,0.62,0.07136977,0.37,0.1,4.96,0.09428605,657.02,2.22,139.31,0.23832558,0.38,34.83,0.10004651,12.5,0.23870233,0.17217675,-1.955021296590954,0.31,236.84352,335,330,"2/29/24, 12:00 AM",CUDDALORE,111,2024-12-31T00:00:00,7.9,3.5522695,373,376,292,294,3.3876884,2024-01-01T00:00:00,30.750117647058822,Pudhur.Ma,"{""geodesic"":false,""type"":""Point"",""coordinates"":[78.99816049582017,11.49380931301666]}"
154_0,0.42,0.110369764,0.42,0.11,4.58,0.13291629,301.34,2.2,131.4,0.31821162,0.33,26.68,0.12959768,18.7,0.2578,0.1716,-0.6585002034500637,0.26,-0.0,318,320,"3/6/24, 12:00 AM",CUDDALORE,95,2024-12-31T00:00:00,7.5,3.3355167,404,402,278,278,2.7802885,2024-01-01T00:00:00,30.8124,Pudhur.Ma,"{""geodesic"":false,""type"":""Point"",""coordinates"":[79.0396626619465,11.513212923153642]}"
155_0,0.5,0.10956905,0.75,0.19,11.18,0.12926428,344,6.21,88,0.2523607,0.33,33.3,0.14103928,4.1,0.24452977,0.1906631,0.7716480948915411,0.71,63.899143,317,319,"3/20/24, 12:00 AM",CUDDALORE,52,2024-12-31T00:00:00,8.51,3.56644,369,370,314,311,4.208736,2024-01-01T00:00:00,30.927575757575756,T. Poudaiyur,"{""geodesic"":false,""type"":""Point"",""coordinates"":[79.20836627230413,11.528035125341614]}"
156_0,0.5,0.10956905,1.07,0.14,9.62,0.12926428,344,4.27,70,0.2523607,0.36,13,0.14103928,4.1,0.24452977,0.1906631,0.7716480948915411,0.6,63.899143,317,319,"3/20/24, 12:00 AM",CUDDALORE,52,2024-12-31T00:00:00,9.27,3.56644,369,370,314,311,4.208736,2024-01-01T00:00:00,30.927575757575756,T. Poudaiyur,"{""geodesic"":false,""type"":""Point"",""coordinates"":[79.20836627230413,11.528035125341614]}"
157_0,0.5,0.10956905,1.23,0.11,11,0.12926428,375,3.6,85,0.2523607,0.39,17,0.14103928,4.1,0.24452977,0.1906631,0.7716480948915411,0.27,63.899143,317,319,"3/20/24, 12:00 AM",CUDDALORE,52,2024-12-31T00:00:00,9.27,3.56644,369,370,314,311,4.208736,2024-01-01T00:00:00,30.927575757575756,T. Poudaiyur,"{""geodesic"":false,""type"":""Point"",""coordinates"":[79.20836627230413,11.528035125341614]}"
158_0,0.5,0.09844023,1.06,0.18,8.96,0.1228931,297,3.86,105,0.26726437,0.33,13,0.1415862,4.1,0.29103333,0.21907356,-1.479609091904696,0.3,116.10128,342,342,"3/20/24, 12:00 AM",CUDDALORE,58,2024-12-31T00:00:00,9.31,3.4041796,359,365,299,293,2.1071787,2024-01-01T00:00:00,30.92866666666667,T. Poudaiyur,"{""geodesic"":false,""type"":""Point"",""coordinates"":[79.19893396182088,11.522914728222133]}"
159_0,0.5,0.09623908,1.11,0.26,9.63,0.12021839,359,4,85,0.26038045,0.39,19,0.14091034,4.1,0.29234368,0.22336437,-1.8119022022039335,0.72,161.21222,342,342,"3/20/24, 12:00 AM",CUDDALORE,58,2024-12-31T00:00:00,9.64,3.4041796,359,365,299,293,2.9364986,2024-01-01T00:00:00,30.92866666666667,T. Poudaiyur,"{""geodesic"":false,""type"":""Point"",""coordinates"":[79.19866446723564,11.522914728222133]}"
160_0,0.5,0.09844023,0.43,0.18,8.3,0.1228931,344,5.06,80,0.26726437,0.33,18.9,0.1415862,4.1,0.29103333,0.21907356,-1.479609091904696,0.65,116.10128,342,342,"3/14/24, 12:00 AM",CUDDALORE,58,2024-12-31T00:00:00,9.39,3.4041796,359,365,299,293,2.1071787,2024-01-01T00:00:00,30.92866666666667,T. Poudaiyur,"{""geodesic"":false,""type"":""Point"",""coordinates"":[79.19893396182088,11.522914728222133]}"
161_0,0.5,0.09844023,0.55,0.15,8.36,0.1228931,250,4.64,95,0.26726437,0.36,21,0.1415862,4.1,0.29103333,0.21907356,-1.479609091904696,0.63,116.10128,342,342,"3/14/24, 12:00 AM",CUDDALORE,58,2024-12-31T00:00:00,9.33,3.4041796,359,365,299,293,2.1071787,2024-01-01T00:00:00,30.92866666666667,T. Poudaiyur,"{""geodesic"":false,""type"":""Point"",""coordinates"":[79.19893396182088,11.522914728222133]}"
162_0,0.5,0.13130865,0.63,0.17,7.36,0.15204073,344,7.31,130,0.32792222,0.3,29,0.15991728,4.1,0.32150617,0.2397,-1.015378522372837,0.63,45.58299,317,317,"1/3/24, 12:00 AM",CUDDALORE,53,2024-12-31T00:00:00,8.7,3.56644,368,372,315,311,1.3249867,2024-01-01T00:00:00,30.953437499999996,T. Poudaiyur,"{""geodesic"":false,""type"":""Point"",""coordinates"":[79.20863576688937,11.520219782369775]}"
163_0,0.5,0.15403545,0.6,0.2,11.18,0.1809481,375,5.21,68,0.33279622,0.27,37.5,0.20435949,8.3,0.3676076,0.28796202,-1.3516727180026313,0.65,-0.0,317,317,"1/3/24, 12:00 AM",CUDDALORE,54,2024-12-31T00:00:00,8.96,3.56644,368,372,315,311,1.8543341,2024-01-01T00:00:00,30.953437499999996,T. Poudaiyur,"{""geodesic"":false,""type"":""Point"",""coordinates"":[79.20917475605984,11.520219782369775]}"
164_0,0.5,0.14067088,0.6,0.18,7.56,0.17005822,266,5,78,0.31470633,0.33,18.9,0.19690253,4.1,0.33909747,0.26950127,-1.189760482942601,0.65,348.46368,323,333,"3/14/24, 12:00 AM",CUDDALORE,56,2024-12-31T00:00:00,9.25,3.4041796,378,372,299,295,4.722349,2024-01-01T00:00:00,30.90321212121212,T. Poudaiyur,"{""geodesic"":false,""type"":""Point"",""coordinates"":[79.18249479212149,11.520758771540246]}"
165_0,0.5,0.13015443,0.65,0.19,11.19,0.14888355,469,5.1,78,0.28490254,0.27,29.1,0.15770507,8.3,0.28014177,0.2120924,-0.36870060401097926,0.7,27.032963,318,325,"1/3/24, 12:00 AM",CUDDALORE,56,2024-12-31T00:00:00,9,3.4041796,380,373,302,302,2.0815892,2024-01-01T00:00:00,30.87994117647059,T. Poudaiyur,"{""geodesic"":false,""type"":""Point"",""coordinates"":[79.18788468382621,11.503780612670388]}"
166_0,0.5,0.10342791,0.57,0.25,11.25,0.12520465,281,5.97,85,0.2640814,0.3,29.1,0.14099069,4.1,0.28965116,0.22270697,-2.1139150057629177,0.76,225.58151,344,352,"1/3/24, 12:00 AM",CUDDALORE,71,2024-12-31T00:00:00,8.76,3.379877,363,356,293,293,3.9692028,2024-01-01T00:00:00,30.81913513513514,Poolambadi,"{""geodesic"":false,""type"":""Point"",""coordinates"":[79.13209930468238,11.505936569352274]}"
167_0,0.5,0.0900619,0.95,0.18,9.31,0.11084762,266,6.28,88,0.28295714,0.3,21,0.11179524,4.1,0.24827619,0.1759119,2.2115679426602206,0.63,270.0,355,362,"3/14/24, 12:00 AM",CUDDALORE,68,2024-12-31T00:00:00,9.32,3.379877,358,349,287,289,1.8923442,2024-01-01T00:00:00,30.815714285714286,Poolambadi,"{""geodesic"":false,""type"":""Point"",""coordinates"":[79.14126212058041,11.507284042278453]}"
168_0,0.5,0.08912143,0.68,0.24,11.31,0.10722143,312,5.86,88,0.26444998,0.3,29.1,0.11784524,4.1,0.25425953,0.18159762,2.9250202841388315,0.76,-0.0,363,371,"1/3/24, 12:00 AM",CUDDALORE,69,2024-12-31T00:00:00,9.13,3.379877,355,345,283,284,0.92740995,2024-01-01T00:00:00,30.815714285714286,Poolambadi,"{""geodesic"":false,""type"":""Point"",""coordinates"":[79.14153161516565,11.507284042278453]}"
169_0,0.5,0.094638094,0.74,0.24,13.24,0.11289762,359,6.78,85,0.24194524,0.33,37.5,0.12963334,4.1,0.2771238,0.20636667,1.4695882759755488,0.61,225.58163,363,371,"1/3/24, 12:00 AM",CUDDALORE,69,2024-12-31T00:00:00,9.15,3.379877,355,345,283,284,1.3249546,2024-01-01T00:00:00,30.815714285714286,Poolambadi,"{""geodesic"":false,""type"":""Point"",""coordinates"":[79.14153161516565,11.507014547693217]}"
170_0,0.5,0.11177381,0.53,0.34,9.82,0.13056667,396,4.26,90,0.33395237,0.27,23.1,0.122478575,8.3,0.29127142,0.20014524,-1.0151801031044836,0.6,134.42085,316,318,"1/3/24, 12:00 AM",CUDDALORE,68,2024-12-31T00:00:00,8.98,3.5048034,366,360,319,322,1.324896,2024-01-01T00:00:00,30.783500000000004,Poolambadi,"{""geodesic"":false,""type"":""Point"",""coordinates"":[79.1366807126314,11.482490540436755]}"
171_0,0.5,0.0949875,0.82,0.17,9.21,0.11436,266,5.31,88,0.2583575,0.36,23.1,0.13646,4.1,0.2517875,0.1776725,-0.6584093212983584,1.06,-0.0,317,321,"3/14/24, 12:00 AM",CUDDALORE,69,2024-12-31T00:00:00,9.22,3.5048034,364,358,319,321,0.92740995,2024-01-01T00:00:00,30.872444444444447,Poolambadi,"{""geodesic"":false,""type"":""Point"",""coordinates"":[79.13802818555757,11.487071948385765]}"
172_0,0.5,0.09165238,0.88,0.33,10.21,0.11148571,266,5.26,85,0.25399524,0.27,21,0.1303738,4.1,0.26581427,0.18646428,-1.015206657892869,0.88,134.42038,316,315,"3/14/24, 12:00 AM",CUDDALORE,69,2024-12-31T00:00:00,9.09,3.5048034,357,354,327,331,1.3249073,2024-01-01T00:00:00,30.823513513513507,Poolambadi,"{""geodesic"":false,""type"":""Point"",""coordinates"":[79.13452475594951,11.487341442971]}"
173_0,0.5,0.09165238,0.57,0.23,11.61,0.11148571,396,4.98,80,0.25399524,0.3,29.1,0.1303738,4.1,0.26581427,0.18646428,-1.015206657892869,0.59,134.42038,316,315,"3/14/24, 12:00 AM",CUDDALORE,69,2024-12-31T00:00:00,9.21,3.5048034,357,354,327,331,1.3249073,2024-01-01T00:00:00,30.823513513513507,Poolambadi,"{""geodesic"":false,""type"":""Point"",""coordinates"":[79.13452475594951,11.487341442971]}"
174_0,0.5,0.09165238,0.68,0.24,11.31,0.11148571,312,5.86,88,0.25399524,0.3,29.1,0.1303738,8.3,0.26581427,0.18646428,-1.015206657892869,0.76,134.42038,316,315,"3/14/24, 12:00 AM",CUDDALORE,69,2024-12-31T00:00:00,9.13,3.5048034,357,354,327,331,1.3249073,2024-01-01T00:00:00,30.823513513513507,Poolambadi,"{""geodesic"":false,""type"":""Point"",""coordinates"":[79.13452475594951,11.487341442971]}"
175_0,0.5,0.07950244,0.52,0.23,10.12,0.1007878,312,4.26,80,0.27162683,0.27,37.5,0.117939025,4.1,0.27158782,0.18899757,-1.4672455044212904,0.6,152.96841,316,315,"3/14/24, 12:00 AM",CUDDALORE,68,2024-12-31T00:00:00,9.18,3.5048034,357,354,327,331,2.081564,2024-01-01T00:00:00,30.823513513513507,Poolambadi,"{""geodesic"":false,""type"":""Point"",""coordinates"":[79.13479425053475,11.487341442971]}"
176_0,0.5,0.10355714,0.62,0.23,9.86,0.11956905,359,4.21,80,0.27820954,0.3,21,0.11379286,4.1,0.2585119,0.19027142,-1.1347730995886374,0.65,108.090256,313,324,"3/14/24, 12:00 AM",CUDDALORE,67,2024-12-31T00:00:00,9.2,3.5048034,365,354,321,321,2.9842446,2024-01-01T00:00:00,30.783500000000004,Poolambadi,"{""geodesic"":false,""type"":""Point"",""coordinates"":[79.13425526136427,11.482221045851519]}"
177_0,0.5,0.11574419,0.62,0.34,11.96,0.13270232,312,5.86,80,0.2584,0.33,37.5,0.12992093,4.1,0.23101163,0.1684186,2.4621726016093315,0.56,296.10385,329,334,"1/3/24, 12:00 AM",CUDDALORE,66,2024-12-31T00:00:00,8.95,3.5048034,365,358,306,308,4.2082887,2024-01-01T00:00:00,30.872444444444447,Poolambadi,"{""geodesic"":false,""type"":""Point"",""coordinates"":[79.14099262599517,11.490844872579066]}"
178_0,0.5,0.059312195,0.55,0.26,9.7,0.07524878,328,4.21,90,0.2762561,0.36,25,0.061875608,8.3,0.16882439,0.09842683,-1.7771788647569566,0.6,90.0,326,336,"1/3/24, 12:00 AM",CUDDALORE,61,2024-12-31T00:00:00,9.12,3.5048034,361,350,313,315,2.836915,2024-01-01T00:00:00,30.801611111111104,Poolambadi,"{""geodesic"":false,""type"":""Point"",""coordinates"":[79.13182981009716,11.476022670391094]}"
179_0,0.5,0.0834425,0.6,0.29,9.65,0.1022475,212,4.58,90,0.2410675,0.3,23.1,0.1208125,8.3,0.277685,0.1994525,-1.4793897437460408,0.63,116.10405,322,320,"1/3/24, 12:00 AM",CUDDALORE,68,2024-12-31T00:00:00,9.15,3.5048034,365,362,313,317,2.1069708,2024-01-01T00:00:00,30.872444444444447,Poolambadi,"{""geodesic"":false,""type"":""Point"",""coordinates"":[79.13695020721663,11.488419421311944]}"
180_0,0.483,0.10330454,1.258,0.14,12.468,0.13090795,202,7.638,178,0.2885159,0.27,11.3,0.15966137,10.26,0.36184317,0.27138865,-1.588438028458463,0.952,306.30344,300,306,"3/20/24, 12:00 AM",CUDDALORE,58,2024-12-31T00:00:00,8.08,3.6248455,382,375,318,319,4.6891375,2024-01-01T00:00:00,30.792571428571435,Valasai,"{""geodesic"":false,""type"":""Point"",""coordinates"":[79.21510363693503,11.606188555060013]}"
181_0,0.483,0.10273371,1.258,0.14,12.468,0.12698989,202,7.638,178,0.2923382,0.27,11.3,0.14638764,10.263,0.35181686,0.2580472,-1.0158374780142012,0.952,314.40823,300,306,"3/20/24, 12:00 AM",CUDDALORE,61,2024-12-31T00:00:00,8.08,3.6248455,382,375,318,319,2.6489713,2024-01-01T00:00:00,30.792571428571435,Valasai,"{""geodesic"":false,""type"":""Point"",""coordinates"":[79.21537313152027,11.606188555060013]}"
182_0,0.477,0.10330454,1.268,0.16,11.042,0.13090795,154,9.246,168,0.2885159,0.36,12.5,0.15966137,11.316,0.36184317,0.27138865,-1.588438028458463,0.9,306.30344,300,306,"3/20/24, 12:00 AM",CUDDALORE,58,2024-12-31T00:00:00,8.13,3.6248455,382,375,318,319,4.6891375,2024-01-01T00:00:00,30.792571428571435,Valasai,"{""geodesic"":false,""type"":""Point"",""coordinates"":[79.21510363693503,11.606188555060013]}"
183_0,0.46,0.101627275,1.142,0.13,12.512,0.13073182,136,7.858,195,0.30021933,0.27,12.5,0.16231932,11.579,0.3673784,0.2797773,-2.0949037398535024,0.916,256.23975,291,295,"3/20/24, 12:00 AM",CUDDALORE,57,2024-12-31T00:00:00,8.11,3.6248455,371,366,339,339,3.8933146,2024-01-01T00:00:00,30.792571428571435,Valasai,"{""geodesic"":false,""type"":""Point"",""coordinates"":[79.21510363693503,11.606458049645248]}"
184_0,0.472,0.088232584,1.232,0.14,12.228,0.10400112,135,8.054,165,0.22982247,0.21,7.5,0.11075393,10.789,0.21338314,0.15591124,-1.4800539891224769,0.908,296.0956,323,325,"3/20/24, 12:00 AM",CUDDALORE,60,2024-12-31T00:00:00,8.11,3.3938396,374,363,303,311,2.1076028,2024-01-01T00:00:00,30.934687500000003,Valasai,"{""geodesic"":false,""type"":""Point"",""coordinates"":[79.19246609177522,11.59271382579822]}"
185_0,0.516,0.07952273,1.148,0.15,13.472,0.09739659,202,7.74,173,0.23289773,0.21,8.8,0.103063636,11.316,0.22025454,0.1544875,-1.0157637933154804,0.942,225.59038,323,325,"3/20/24, 12:00 AM",CUDDALORE,60,2024-12-31T00:00:00,8.14,3.3938396,374,363,303,311,1.3251609,2024-01-01T00:00:00,30.934687500000003,Valasai,"{""geodesic"":false,""type"":""Point"",""coordinates"":[79.19246609177522,11.592444331212985]}"
186_0,0.494,0.09274334,1.252,0.17,15.124,0.108106665,116,7.632,190,0.22159778,0.18,12.5,0.12514445,9.737,0.27224,0.1956111,2.8186226650388684,0.838,-0.0,325,327,"3/20/24, 12:00 AM",CUDDALORE,60,2024-12-31T00:00:00,8.1,3.3938396,373,366,302,307,0.0,2024-01-01T00:00:00,30.934687500000003,Valasai,"{""geodesic"":false,""type"":""Point"",""coordinates"":[79.19596952138329,11.592444331212985]}"
187_0,0.46,0.09274334,1.234,0.14,11.056,0.108106665,163,7.794,193,0.22159778,0.21,12.5,0.12514445,8.684,0.27224,0.1956111,2.8186226650388684,0.864,-0.0,325,327,"3/20/24, 12:00 AM",CUDDALORE,60,2024-12-31T00:00:00,8.06,3.3938396,373,366,302,307,0.0,2024-01-01T00:00:00,30.934687500000003,Valasai,"{""geodesic"":false,""type"":""Point"",""coordinates"":[79.19596952138329,11.592444331212985]}"
188_0,0.489,0.10589556,1.22,0.15,12.448,0.12377556,212,8.432,178,0.25285777,0.33,10,0.13948889,7.105,0.27939,0.20201223,-1.1190253950757898,0.812,198.79211,325,327,"3/20/24, 12:00 AM",CUDDALORE,58,2024-12-31T00:00:00,8.13,3.3938396,373,366,302,307,2.936574,2024-01-01T00:00:00,30.934687500000003,Valasai,"{""geodesic"":false,""type"":""Point"",""coordinates"":[79.19596952138329,11.592174836627748]}"
189_0,0.472,0.10334778,1.256,0.18,14.546,0.12094333,163,7.654,178,0.24794444,0.3,10,0.13598111,7.368,0.27734113,0.19878222,-1.1190253950757898,0.876,198.79211,325,327,"3/20/24, 12:00 AM",CUDDALORE,58,2024-12-31T00:00:00,8.1,3.3938396,373,366,302,307,2.936574,2024-01-01T00:00:00,30.934687500000003,Valasai,"{""geodesic"":false,""type"":""Point"",""coordinates"":[79.19570002679805,11.592174836627748]}"
190_0,0.227,0.12045714,0.871,0.12,10.14,0.14896905,653,7.334,193,0.3273024,0.27,12.5,0.16657858,17.632,0.33398333,0.2486119,-1.9555517277781818,0.521,56.85183,337,333,"1/29/24, 12:00 AM",CUDDALORE,89,2024-12-31T00:00:00,8.3,3.3331704,371,371,293,296,3.3884387,2024-01-01T00:00:00,30.861000000000008,Kil orathur,"{""geodesic"":false,""type"":""Point"",""coordinates"":[79.03993215653173,11.582742526144493]}"
191_0,0.5,0.09489302,0.49,0.39,11.39,0.11716047,375,5.7,120,0.32856745,0.45,50.8,0.107374415,8.3,0.27001163,0.17148373,1.6984958736546385,0.68,243.89821,323,319,"1/18/24, 12:00 AM",CUDDALORE,93,2024-12-31T00:00:00,7.88,3.3355167,395,398,282,284,2.10714,2024-01-01T00:00:00,30.8124,Vinayaganandhal,"{""geodesic"":false,""type"":""Point"",""coordinates"":[79.03912367277601,11.516446858176472]}"
192_0,0.21,0.12997955,0.42,0.17,4.6,0.1541,219.58,1.84,139.31,0.3461591,0.38,51.62,0.16387272,18.7,0.2926182,0.20011136,0.9305275187725148,0.53,45.583134,315,316,"2/22/24, 12:00 AM",CUDDALORE,87,2024-12-31T00:00:00,8.4,3.3355167,378,381,307,302,1.32499,2024-01-01T00:00:00,30.762117647058826,Vinayaganandhal,"{""geodesic"":false,""type"":""Point"",""coordinates"":[79.0404711457022,11.521567255295954]}"
193_0,0.5,0.12984762,0.48,0.54,11.7,0.15540476,385,5.68,120,0.29227144,0.33,50,0.18514524,8.3,0.3437143,0.26830953,-0.3222375401357156,0.75,45.583076,327,324,"1/18/24, 12:00 AM",CUDDALORE,94,2024-12-31T00:00:00,7.73,3.3355167,384,386,290,291,1.3249887,2024-01-01T00:00:00,30.762944444444443,Vinayaganandhal,"{""geodesic"":false,""type"":""Point"",""coordinates"":[79.02618793268469,11.521028266125482]}"
194_0,0.5,0.10041111,0.69,0.22,11.58,0.120962225,297,5.48,120,0.3087111,0.3,55,0.11472,4.1,0.22723334,0.14833778,-0.7133405443436015,0.54,341.21143,346,344,"1/18/24, 12:00 AM",CUDDALORE,96,2024-12-31T00:00:00,7.72,3.3355167,351,354,303,302,2.9365127,2024-01-01T00:00:00,30.834486486486497,Vinayaganandhal,"{""geodesic"":false,""type"":""Point"",""coordinates"":[79.029960856878,11.535850468313454]}"
195_0,0.5,0.08675,0.6,0.24,9.74,0.11101,385,4.74,95,0.291545,0.3,25,0.11117,4.1,0.27537,0.17696,-1.4660799452044029,0.68,152.99113,295,293,"3/22/24, 12:00 AM",CUDDALORE,14,2024-12-31T00:00:00,9.36,4.8637958,342,345,363,362,2.0811434,2024-01-01T00:00:00,30.52341935483871,Kaliyamedu,"{""geodesic"":false,""type"":""Point"",""coordinates"":[79.50885273484212,11.207606063496181]}"
196_0,0.5,0.11485581,0.68,0.25,10.14,0.13578604,328,5.07,88,0.30499303,0.33,25,0.15483023,4.1,0.3124372,0.22733024,-1.4673004824569107,0.78,207.03268,346,353,"3/22/24, 12:00 AM",CUDDALORE,67,2024-12-31T00:00:00,9.13,3.379877,362,353,292,295,2.0815842,2024-01-01T00:00:00,30.81913513513514,Kaliyamedu,"{""geodesic"":false,""type"":""Point"",""coordinates"":[79.1358722288757,11.500546677647558]}"
197_0,0.5,0.08712683,0.58,0.21,8.43,0.1073878,200,4.11,78,0.2776195,0.33,23.1,0.10594147,4.1,0.25136343,0.17007805,-0.16775392515771065,0.43,270.0,323,334,"3/15/24, 12:00 AM",CUDDALORE,56,2024-12-31T00:00:00,9.17,3.5048034,360,347,317,318,2.8369288,2024-01-01T00:00:00,30.783500000000004,Niramani,"{""geodesic"":false,""type"":""Point"",""coordinates"":[79.13802818555757,11.477370143317273]}"
198_0,0.5,0.116845235,0.53,0.19,7.29,0.13481905,225,4.26,90,0.32865,0.3,21,0.13668571,4.1,0.2751619,0.19080952,0.776600851088246,0.44,225.57864,326,338,"3/15/24, 12:00 AM",CUDDALORE,61,2024-12-31T00:00:00,9.09,3.5048034,374,361,299,301,1.324884,2024-01-01T00:00:00,30.856756756756752,Niramani,"{""geodesic"":false,""type"":""Point"",""coordinates"":[79.14153161516565,11.477370143317273]}"
199_0,0.5,0.1136881,1.19,0.15,8.75,0.13574524,266,3.67,98,0.32524523,0.3,29,0.13456666,4.1,0.28749523,0.1992619,-0.019973394510916318,0.72,198.78499,326,338,"3/15/24, 12:00 AM",CUDDALORE,62,2024-12-31T00:00:00,9.86,3.5048034,374,361,299,301,2.93645,2024-01-01T00:00:00,30.856756756756752,Niramani,"{""geodesic"":false,""type"":""Point"",""coordinates"":[79.14153161516565,11.47763963790251]}"
200_0,0.5,0.11581428,1.16,0.15,7.56,0.14389524,187,3.86,73,0.32156667,0.33,17,0.14995715,8.3,0.30120477,0.21125238,-2.172468380639038,0.88,296.1049,331,342,"3/15/24, 12:00 AM",CUDDALORE,62,2024-12-31T00:00:00,9,3.5048034,375,360,294,298,4.2081323,2024-01-01T00:00:00,30.856756756756752,Niramani,"{""geodesic"":false,""type"":""Point"",""coordinates"":[79.14395706643276,11.47763963790251]}"
201_0,0.5,0.10398095,1.11,0.18,12.24,0.12794286,187,3.1,80,0.30644286,0.21,19,0.12623571,8.3,0.28054523,0.18855952,-0.6785765705349953,0.39,90.0,331,342,"3/15/24, 12:00 AM",CUDDALORE,64,2024-12-31T00:00:00,9.16,3.5048034,375,360,294,298,0.9463304,2024-01-01T00:00:00,30.856756756756752,Niramani,"{""geodesic"":false,""type"":""Point"",""coordinates"":[79.144226561018,11.477370143317273]}"
202_0,0.5,0.10398095,1.4,0.21,9.27,0.12794286,187,3.86,96,0.30644286,0.18,23,0.12623571,4.1,0.28054523,0.18855952,-0.6785765705349953,0.86,90.0,331,342,"3/15/24, 12:00 AM",CUDDALORE,64,2024-12-31T00:00:00,9.2,3.5048034,375,360,294,298,0.9463304,2024-01-01T00:00:00,30.856756756756752,Niramani,"{""geodesic"":false,""type"":""Point"",""coordinates"":[79.144226561018,11.477370143317273]}"
203_0,0.5,0.09379524,0.42,0.22,10.56,0.115342855,312,5.14,90,0.31088808,0.33,25,0.10604762,4.1,0.24102858,0.16253096,-1.1347391994550222,0.55,288.09055,309,323,"3/15/24, 12:00 AM",CUDDALORE,60,2024-12-31T00:00:00,9.03,3.5048034,370,355,321,322,2.984197,2024-01-01T00:00:00,30.783500000000004,Niramani,"{""geodesic"":false,""type"":""Point"",""coordinates"":[79.13910616389852,11.477100648732037]}"
204_0,0.5,0.09727805,0.55,0.22,10.26,0.120709755,359,5.12,73,0.27293658,0.36,25,0.1294195,4.1,0.25255853,0.17679513,0.6001214893520709,0.6,296.1049,325,338,"3/15/24, 12:00 AM",CUDDALORE,59,2024-12-31T00:00:00,9.02,3.5048034,358,349,316,314,2.1069074,2024-01-01T00:00:00,30.801611111111104,Niramani,"{""geodesic"":false,""type"":""Point"",""coordinates"":[79.13236879926762,11.477909132487746]}"
205_0,0.5,0.1230093,0.65,0.21,10.12,0.14236744,266,4.82,78,0.26407906,0.42,33.3,0.1444186,4.1,0.24579535,0.1849,2.6797220230554117,0.55,303.15674,329,334,"1/5/24, 12:00 AM",CUDDALORE,65,2024-12-31T00:00:00,9.03,3.5048034,365,358,306,308,3.387665,2024-01-01T00:00:00,30.872444444444447,Niramani,"{""geodesic"":false,""type"":""Point"",""coordinates"":[79.14099262599517,11.491114367164302]}"
206_0,0.5,0.12759523,0.53,0.22,10.08,0.14341904,406,4.59,78,0.27395,0.3,23.1,0.15299286,4.1,0.3059095,0.25546667,-0.7740777697393202,0.58,207.0312,316,318,"1/5/24, 12:00 AM",CUDDALORE,66,2024-12-31T00:00:00,9,3.5048034,366,360,319,322,2.0815568,2024-01-01T00:00:00,30.783500000000004,Niramani,"{""geodesic"":false,""type"":""Point"",""coordinates"":[79.13479425053475,11.482490540436755]}"
207_0,0.5,0.11177381,0.58,0.21,10.14,0.13056667,385,4.98,80,0.33395237,0.3,29.1,0.122478575,4.1,0.29127142,0.20014524,-1.0151801031044836,0.62,134.42085,316,318,"1/9/24, 12:00 AM",CUDDALORE,68,2024-12-31T00:00:00,9.11,3.5048034,366,360,319,322,1.324896,2024-01-01T00:00:00,30.783500000000004,Niramani,"{""geodesic"":false,""type"":""Point"",""coordinates"":[79.1366807126314,11.482490540436755]}"
208_0,0.477,0.093735,1.165,0.26,12.78,0.11462,354,8.118,160,0.272245,0.3,10,0.11831,13.421,0.258675,0.174985,-0.6787827679829161,0.619,90.0,290,299,"3/11/24, 12:00 AM",CUDDALORE,5,2024-12-31T00:00:00,7.28,4.293007,315,313,395,388,0.9464293,2024-01-01T00:00:00,30.76220689655172,Poovalai West - 933693,"{""geodesic"":false,""type"":""Point"",""coordinates"":[79.67620887227358,11.507014547693217]}"
209_0,0.565,0.088925,1.016,0.15,12.23,0.108449996,333,7.412,165,0.28675002,0.18,10,0.10464,11.579,0.25064,0.164895,-0.658478561719299,0.634,180.0,290,299,"3/11/24, 12:00 AM",CUDDALORE,4,2024-12-31T00:00:00,7.25,4.293007,315,313,395,388,0.92740995,2024-01-01T00:00:00,30.76220689655172,Poovalai West - 933693,"{""geodesic"":false,""type"":""Point"",""coordinates"":[79.67620887227358,11.506745053107982]}"
210_0,0.4,0.096315786,1.25,0.14,17.22,0.11478947,458,10.49,35,0.28371578,0.27,43.8,0.11241579,26,0.23582105,0.15803684,-1.01531138277561,0.92,134.41829,290,299,"1/10/24, 12:00 AM",CUDDALORE,2,2024-12-31T00:00:00,7.15,4.293007,315,313,395,388,1.3249567,2024-01-01T00:00:00,30.76220689655172,Poovalai West - 933693,"{""geodesic"":false,""type"":""Point"",""coordinates"":[79.67566988310311,11.507823031448925]}"
211_0,0.5,0.18973637,0.95,0.06,9.63,0.20091364,162,5.31,120,0.2981,0.42,44,0.19547728,4.1,0.24527727,0.18421818,-1.3717887212260234,0.75,270.0,294,317,"2/13/24, 12:00 AM",CUDDALORE,11,2024-12-31T00:00:00,6.58,4.4323535,332,320,374,363,1.8922063,2024-01-01T00:00:00,30.492193548387107,Thalaikulam (Vada),"{""geodesic"":false,""type"":""Point"",""coordinates"":[79.58565869163434,11.486802453800529]}"
212_0,0.5,0.17960952,0.59,0.18,10.15,0.19267143,281,5.13,138,0.2753238,0.33,33.3,0.19338572,8.3,0.2341,0.18054286,-1.0638735086978044,0.6,-0.0,295,318,"2/13/24, 12:00 AM",CUDDALORE,11,2024-12-31T00:00:00,6.55,4.4323535,334,321,371,361,2.7802885,2024-01-01T00:00:00,30.493812499999997,Thalaikulam (Vada),"{""geodesic"":false,""type"":""Point"",""coordinates"":[79.58943161582764,11.486532959215292]}"
213_0,0.5,0.19884285,0.62,0.2,10.25,0.20912857,375,5.14,130,0.28248572,0.33,40,0.20787142,4.1,0.23878571,0.18732858,-0.6786406515746737,0.65,270.0,295,318,"2/13/24, 12:00 AM",CUDDALORE,11,2024-12-31T00:00:00,6.56,4.4323535,334,321,371,361,1.8922063,2024-01-01T00:00:00,30.493812499999997,Thalaikulam (Vada),"{""geodesic"":false,""type"":""Point"",""coordinates"":[79.5891621212424,11.486802453800529]}"
214_0,0.5,0.19884285,0.65,0.21,10.2,0.20912857,312,5.01,143,0.28248572,0.3,50,0.20787142,4.1,0.23878571,0.18732858,-0.6786406515746737,0.62,270.0,295,318,"2/13/24, 12:00 AM",CUDDALORE,11,2024-12-31T00:00:00,6.68,4.4323535,334,321,371,361,1.8922063,2024-01-01T00:00:00,30.493812499999997,Thalaikulam (Vada),"{""geodesic"":false,""type"":""Point"",""coordinates"":[79.5891621212424,11.486802453800529]}"
215_0,0.5,0.19034286,0.7,0.22,10.24,0.20129047,328,5.12,158,0.28070953,0.33,37.5,0.20067143,4.1,0.23680952,0.18541905,-0.6786416603099374,0.5,90.0,295,318,"2/13/24, 12:00 AM",CUDDALORE,11,2024-12-31T00:00:00,6.61,4.4323535,334,321,371,361,1.8922082,2024-01-01T00:00:00,30.493812499999997,Thalaikulam (Vada),"{""geodesic"":false,""type"":""Point"",""coordinates"":[79.5891621212424,11.487071948385765]}"
216_0,0.5,0.18912381,0.62,0.15,10.21,0.20172857,281,5.08,133,0.28143808,0.3,40,0.20313333,4.1,0.23430476,0.18628095,-1.1186143639329524,0.57,198.78555,295,318,"2/13/24, 12:00 AM",CUDDALORE,11,2024-12-31T00:00:00,6.47,4.4323535,334,321,371,361,2.93646,2024-01-01T00:00:00,30.493812499999997,Thalaikulam (Vada),"{""geodesic"":false,""type"":""Point"",""coordinates"":[79.58889262665717,11.487071948385765]}"
217_0,0.5,0.14639048,1.21,0.33,9.36,0.16413333,137,5.36,123,0.30801427,0.36,25,0.15778571,4.1,0.2645762,0.20202857,-2.2880748048503743,1.21,270.0,300,322,"2/13/24, 12:00 AM",CUDDALORE,12,2024-12-31T00:00:00,7.99,4.4323535,337,321,363,357,4.7215056,2024-01-01T00:00:00,30.493812499999997,Thalaikulam (Vada),"{""geodesic"":false,""type"":""Point"",""coordinates"":[79.58997060499811,11.485724475459586]}"
218_0,0.5,0.104738094,0.86,0.35,10.21,0.13744286,150,5.31,155,0.23487143,0.33,38,0.1545381,4.1,0.24171428,0.16827619,10.141056070529004,0.86,-0.0,298,320,"2/13/24, 12:00 AM",CUDDALORE,9,2024-12-31T00:00:00,7.99,4.410207,336,322,366,358,0.92740995,2024-01-01T00:00:00,30.497371428571437,Thalaikulam (Vada),"{""geodesic"":false,""type"":""Point"",""coordinates"":[79.56517710315642,11.509170504375104]}"
219_0,0.5,0.104738094,0.63,0.34,9.31,0.13744286,137,4.21,138,0.23487143,0.3,38,0.1545381,4.1,0.24171428,0.16827619,10.141056070529004,1.01,-0.0,298,320,"2/13/24, 12:00 AM",CUDDALORE,9,2024-12-31T00:00:00,8.06,4.410207,336,322,366,358,0.92740995,2024-01-01T00:00:00,30.497371428571437,Thalaikulam (Vada),"{""geodesic"":false,""type"":""Point"",""coordinates"":[79.56517710315642,11.509170504375104]}"
220_0,0.5,0.074605554,0.83,0.16,12.05,0.099972226,266,6.83,155,0.35262778,0.3,25,0.0911,4.3,0.26132777,0.17831111,-1.3720436040527153,0.91,90.0,306,313,"3/14/24, 12:00 AM",CUDDALORE,7,2024-12-31T00:00:00,8.06,4.293007,328,323,367,363,1.8924489,2024-01-01T00:00:00,30.70709677419354,Velangippattu,"{""geodesic"":false,""type"":""Point"",""coordinates"":[79.6988464174334,11.522914728222133]}"
221_0,0.5,0.16581364,0.64,0.24,8.87,0.17569545,312,6.54,105,0.31706363,0.33,21,0.1587909,4.1,0.22145455,0.14978182,-1.0150802891631552,0.49,45.5772,292,314,"3/14/24, 12:00 AM",CUDDALORE,4,2024-12-31T00:00:00,8.14,4.356147,323,306,385,380,2.6482852,2024-01-01T00:00:00,30.546571428571433,Velangippattu,"{""geodesic"":false,""type"":""Point"",""coordinates"":[79.70854822250189,11.463356424885008]}"
222_0,0.5,0.092583336,0.56,0.22,8.15,0.12467223,250,7.12,133,0.3889611,0.3,21,0.12528333,8.3,0.30151665,0.2278611,-2.1727562629835493,0.48,296.1013,306,313,"3/14/24, 12:00 AM",CUDDALORE,7,2024-12-31T00:00:00,8.13,4.293007,328,323,367,363,4.2086725,2024-01-01T00:00:00,30.70709677419354,Velangippattu,"{""geodesic"":false,""type"":""Point"",""coordinates"":[79.69911591201863,11.522914728222133]}"
223_0,0.5,0.1268,0.72,0.16,11.21,0.14569524,137,5.12,70,0.32074285,0.3,12.5,0.1307381,4.1,0.25484762,0.16682857,7.72947406726109,0.91,180.0,277,303,"2/15/24, 12:00 AM",CUDDALORE,10,2024-12-31T00:00:00,6.8,4.4323535,349,336,374,361,0.92740995,2024-01-01T00:00:00,30.635359999999995,B.Udaiyur,"{""geodesic"":false,""type"":""Point"",""coordinates"":[79.59293504543571,11.465781876152132]}"
224_0,0.5,0.12327728,0.67,0.21,9.91,0.14080909,175,4.91,78,0.29607728,0.42,12.5,0.13733636,4.1,0.2556682,0.17193182,7.376129784256252,0.61,134.42262,275,300,"2/15/24, 12:00 AM",CUDDALORE,9,2024-12-31T00:00:00,6.7,4.4323535,346,334,378,366,1.3248541,2024-01-01T00:00:00,30.635359999999995,B.Udaiyur,"{""geodesic"":false,""type"":""Point"",""coordinates"":[79.59536049670282,11.464973392396423]}"
225_0,0.5,0.11952273,1.21,0.39,12.26,0.14715908,187,7.01,133,0.32152274,0.3,50,0.15830454,4.1,0.2912909,0.19704546,-0.6583170822783203,0.94,-0.0,269,295,"2/15/24, 12:00 AM",CUDDALORE,12,2024-12-31T00:00:00,6.52,4.4323535,356,342,375,364,0.92740995,2024-01-01T00:00:00,30.65971428571428,B.Udaiyur,"{""geodesic"":false,""type"":""Point"",""coordinates"":[79.5988639263109,11.46012248986218]}"
226_0,0.5,0.15513182,0.58,0.6,11.89,0.17368181,162,5.95,148,0.3436091,0.3,50,0.16890454,8.3,0.28354546,0.19074546,7.714994085660552,0.5,90.0,274,300,"2/15/24, 12:00 AM",CUDDALORE,9,2024-12-31T00:00:00,6.59,4.4323535,342,328,384,373,0.94628763,2024-01-01T00:00:00,30.65971428571428,B.Udaiyur,"{""geodesic"":false,""type"":""Point"",""coordinates"":[79.59778594796995,11.464703897811187]}"
227_0,0.5,0.15924092,0.81,0.27,11.23,0.17549545,187,4.91,78,0.33715454,0.36,14.6,0.17239545,8.3,0.27984092,0.18942273,-1.3514787811137547,0.59,-0.0,274,300,"2/15/24, 12:00 AM",CUDDALORE,9,2024-12-31T00:00:00,7.1,4.4323535,342,328,384,373,1.8543341,2024-01-01T00:00:00,30.65971428571428,B.Udaiyur,"{""geodesic"":false,""type"":""Point"",""coordinates"":[79.59778594796995,11.464434403225953]}"
228_0,0.5,0.13749091,0.65,0.29,10.21,0.15916818,175,5.71,90,0.3194091,0.33,14.6,0.16182272,4.1,0.27640453,0.18570454,-1.0150825177147176,0.91,225.57726,274,300,"2/15/24, 12:00 AM",CUDDALORE,10,2024-12-31T00:00:00,6.5,4.4323535,342,328,384,373,1.3248515,2024-01-01T00:00:00,30.65971428571428,B.Udaiyur,"{""geodesic"":false,""type"":""Point"",""coordinates"":[79.59751645338471,11.46389541405548]}"
229_0,0.5,0.1288091,0.65,0.29,9.98,0.15063182,175,5.71,88,0.32592273,0.36,12.5,0.14696819,8.3,0.26668635,0.17514546,-1.0150829677718154,0.71,314.4227,274,300,"2/15/24, 12:00 AM",CUDDALORE,10,2024-12-31T00:00:00,6.4,4.4323535,342,328,384,373,1.3248521,2024-01-01T00:00:00,30.65971428571428,B.Udaiyur,"{""geodesic"":false,""type"":""Point"",""coordinates"":[79.59751645338471,11.464164908640717]}"
230_0,0.57,0.2059,1.5,0.38,6.6,0.21931304,208,3.34,177.5,0.3521348,0.34,23,0.21371305,4.69,0.30517825,0.23426956,0.3555033242410865,0.9,145.77528,286,304,"3/21/24, 12:00 AM",CUDDALORE,3,2024-12-31T00:00:00,7.814,4.356147,342,325,371,371,3.361335,2024-01-01T00:00:00,30.546571428571433,B.Mutlur,"{""geodesic"":false,""type"":""Point"",""coordinates"":[79.71178215752472,11.460930973617886]}"
231_0,0.57,0.16011304,0.91,0.31,6.35,0.17232609,309,3.28,165,0.3375435,0.34,23,0.15697391,6.25,0.2612,0.18565217,-0.13380679829488845,0.94,120.457054,306,311,"3/21/24, 12:00 AM",CUDDALORE,5,2024-12-31T00:00:00,7.88,4.356147,314,312,380,377,5.4725738,2024-01-01T00:00:00,30.546571428571433,B.Mutlur,"{""geodesic"":false,""type"":""Point"",""coordinates"":[79.71178215752472,11.461200468203122]}"
232_0,0.56,0.18439566,1.51,0.53,5.18,0.2036913,264,3.44,148,0.34903914,0.11,29,0.20485651,5.94,0.2861652,0.2039826,-2.27509383105125,0.96,217.42517,306,309,"3/21/24, 12:00 AM",CUDDALORE,9,2024-12-31T00:00:00,8.17,4.356147,318,314,376,377,4.6613183,2024-01-01T00:00:00,30.546571428571433,B.Mutlur,"{""geodesic"":false,""type"":""Point"",""coordinates"":[79.70693125499047,11.459044511521235]}"
233_0,0.38,0.16074783,1.39,0.47,5.26,0.18687391,278,3.07,168,0.38754782,0.05,27,0.18583913,4.38,0.29334784,0.20790435,-1.015051529013114,0.91,45.576725,306,309,"3/21/24, 12:00 AM",CUDDALORE,6,2024-12-31T00:00:00,8.19,4.356147,318,314,376,377,1.3248389,2024-01-01T00:00:00,30.546571428571433,B.Mutlur,"{""geodesic"":false,""type"":""Point"",""coordinates"":[79.70666176040524,11.458505522350764]}"
234_0,0.53,0.1683913,0.96,0.37,6.27,0.18697827,330,3.2,183,0.34394348,0.16,19,0.18605652,3.75,0.2865,0.20503044,-0.6583136373713014,0.92,180.0,306,309,"3/21/24, 12:00 AM",CUDDALORE,6,2024-12-31T00:00:00,8.05,4.356147,318,314,376,377,0.92740995,2024-01-01T00:00:00,30.546571428571433,B.Mutlur,"{""geodesic"":false,""type"":""Point"",""coordinates"":[79.70666176040524,11.458775016935999]}"
235_0,0.47,0.19035217,1.41,0.45,5.35,0.2107913,222,3.28,173,0.35405654,0.23,11,0.22094783,5.63,0.30044782,0.22313043,-2.0938875808163644,0.91,283.7672,306,309,"3/21/24, 12:00 AM",CUDDALORE,8,2024-12-31T00:00:00,7.92,4.356147,318,314,376,377,3.891388,2024-01-01T00:00:00,30.546571428571433,B.Mutlur,"{""geodesic"":false,""type"":""Point"",""coordinates"":[79.7072007495757,11.458505522350764]}"
236_0,0.57,0.18454762,1.46,0.4,5.63,0.2087,250,3.22,183,0.37870952,0.17,11,0.2162238,5.94,0.35026667,0.25990477,-1.4671287543948897,0.82,207.02933,311,316,"3/21/24, 12:00 AM",CUDDALORE,6,2024-12-31T00:00:00,8.26,4.356147,314,304,375,380,2.081522,2024-01-01T00:00:00,30.546833333333332,B.Mutlur,"{""geodesic"":false,""type"":""Point"",""coordinates"":[79.70504479289382,11.459583500691707]}"
237_0,0.44,0.14633334,0.86,0.37,6.51,0.16805238,330,3.14,183,0.3816762,0.55,11,0.15871428,5,0.29299048,0.19970952,-1.8277687857598555,0.93,251.9084,311,316,"3/21/24, 12:00 AM",CUDDALORE,5,2024-12-31T00:00:00,8.26,4.356147,314,304,375,380,2.98403,2024-01-01T00:00:00,30.546833333333332,B.Mutlur,"{""geodesic"":false,""type"":""Point"",""coordinates"":[79.70477529830859,11.459583500691707]}"
238_0,0.77,0.107678264,0.74,0.49,15.66,0.13376087,237.5,7.77,255.5,0.2953652,0.66,25,0.14296086,15,0.26552173,0.18233913,-1.0150865138403518,1.14,134.42265,313,325,"2/28/24, 12:00 AM",CUDDALORE,15,2024-12-31T00:00:00,7.24,4.355062,372,359,315,316,1.3248534,2024-01-01T00:00:00,30.5959375,Nellikollai,"{""geodesic"":false,""type"":""Point"",""coordinates"":[79.53337674209858,11.464703897811187]}"
239_0,0.81,0.107678264,0.84,0.54,15.82,0.13376087,212.5,7.86,238,0.2953652,0.54,25,0.14296086,16.25,0.26552173,0.18233913,-1.0150865138403518,1.09,134.42265,313,325,"2/28/24, 12:00 AM",CUDDALORE,15,2024-12-31T00:00:00,7.45,4.355062,372,359,315,316,1.3248534,2024-01-01T00:00:00,30.5959375,Nellikollai,"{""geodesic"":false,""type"":""Point"",""coordinates"":[79.53337674209858,11.464703897811187]}"
240_0,0.77,0.1137875,0.9,0.3,17.14,0.13550833,250,8.21,276.5,0.28923333,0.75,31.88,0.13722083,17.5,0.2591625,0.171225,-1.0150865138403518,0.72,134.42265,313,325,"2/28/24, 12:00 AM",CUDDALORE,16,2024-12-31T00:00:00,7.3,4.355062,372,359,315,316,1.3248534,2024-01-01T00:00:00,30.5959375,Nellikollai,"{""geodesic"":false,""type"":""Point"",""coordinates"":[79.53310724751334,11.464703897811187]}"
241_0,0.69,0.12759167,0.88,0.54,16.37,0.15007083,237.5,8.26,189,0.30066666,0.33,25,0.15594584,16.25,0.2669875,0.18075,-0.6784896089182819,0.91,90.0,298,320,"2/28/24, 12:00 AM",CUDDALORE,16,2024-12-31T00:00:00,7.14,4.355062,389,369,313,311,0.9462885,2024-01-01T00:00:00,30.5959375,Nellikollai,"{""geodesic"":false,""type"":""Point"",""coordinates"":[79.53310724751334,11.464973392396423]}"
242_0,0.73,0.12759167,0.76,0.53,16.14,0.15007083,250,7.52,276.5,0.30066666,0.75,33.13,0.15594584,15,0.2669875,0.18075,-0.6784896089182819,0.99,90.0,298,320,"2/28/24, 12:00 AM",CUDDALORE,16,2024-12-31T00:00:00,7.2,4.355062,389,369,313,311,0.9462885,2024-01-01T00:00:00,30.5959375,Nellikollai,"{""geodesic"":false,""type"":""Point"",""coordinates"":[79.53310724751334,11.464973392396423]}"
243_0,0.51,0.12759167,1.81,0.24,8.2,0.15007083,238,6.8,168,0.30066666,0.24,10,0.15594584,8.13,0.2669875,0.18075,-0.6784896089182819,0.81,90.0,298,320,"2/6/24, 12:00 AM",CUDDALORE,16,2024-12-31T00:00:00,6.4,4.355062,389,369,313,311,0.9462885,2024-01-01T00:00:00,30.5959375,Nellikollai,"{""geodesic"":false,""type"":""Point"",""coordinates"":[79.53310724751334,11.464973392396423]}"
244_0,0.2,0.13133913,1.13,0.42,8.55,0.15308696,212.5,8.22,147,0.30963042,0.12,7.5,0.16029565,6.25,0.27962175,0.1931913,-1.015087593975493,1.09,45.5774,298,320,"2/6/24, 12:00 AM",CUDDALORE,16,2024-12-31T00:00:00,7.8,4.355062,389,369,313,311,1.3248549,2024-01-01T00:00:00,30.5959375,Nellikollai,"{""geodesic"":false,""type"":""Point"",""coordinates"":[79.53310724751334,11.46524288698166]}"
245_0,0.3,0.13133913,1.18,0.53,8.7,0.15308696,187.5,7.13,147,0.30963042,0.12,12.5,0.16029565,7.5,0.27962175,0.1931913,-1.015087593975493,1.13,45.5774,298,320,"2/6/24, 12:00 AM",CUDDALORE,16,2024-12-31T00:00:00,7.5,4.355062,389,369,313,311,1.3248549,2024-01-01T00:00:00,30.5959375,Nellikollai,"{""geodesic"":false,""type"":""Point"",""coordinates"":[79.53310724751334,11.46524288698166]}"
246_0,0.3,0.12668696,1.05,0.45,8.13,0.15045652,275,6.15,147,0.30525652,0.18,28.75,0.15939565,7.5,0.2800652,0.19528261,2.560530511044659,1.12,-0.0,298,320,"2/6/24, 12:00 AM",CUDDALORE,15,2024-12-31T00:00:00,8.1,4.355062,389,369,313,311,1.8543341,2024-01-01T00:00:00,30.5959375,Nellikollai,"{""geodesic"":false,""type"":""Point"",""coordinates"":[79.53310724751334,11.465512381566896]}"
247_0,0.71,0.11615,1.08,0.53,16.18,0.13809167,225,8.61,241.5,0.28656667,0.57,25,0.14032084,15.63,0.2751625,0.19151667,-0.6583427527656126,0.83,-0.0,300,321,"2/28/24, 12:00 AM",CUDDALORE,17,2024-12-31T00:00:00,7.85,4.355062,378,360,322,319,0.92740995,2024-01-01T00:00:00,30.559000000000008,Nellikollai,"{""geodesic"":false,""type"":""Point"",""coordinates"":[79.53445472043953,11.467398843663547]}"
248_0,0.69,0.104666665,0.96,0.54,15.94,0.123966664,262.5,7.83,147,0.27052084,0.15,25,0.12369166,17.5,0.25875416,0.1725875,1.4613872034592963,0.87,76.23319,303,322,"2/28/24, 12:00 AM",CUDDALORE,13,2024-12-31T00:00:00,7.24,4.355062,373,357,325,320,3.891503,2024-01-01T00:00:00,30.559000000000008,Nellikollai,"{""geodesic"":false,""type"":""Point"",""coordinates"":[79.53688017170664,11.467398843663547]}"
249_0,0.5,0.11888182,0.53,0.44,11.08,0.14621818,225,5.54,143,0.29647273,0.33,40,0.15882728,4.1,0.2833,0.20192727,-0.38064375542184786,0.68,63.894276,280,290,"2/14/24, 12:00 AM",CUDDALORE,11,2024-12-31T00:00:00,7.21,4.4323535,349,344,371,367,2.1068456,2024-01-01T00:00:00,30.572928571428573,Uluthur,"{""geodesic"":false,""type"":""Point"",""coordinates"":[79.58080778910009,11.467398843663547]}"
250_0,0.5,0.17862001,0.52,0.69,11.06,0.196625,237,5.06,140,0.38305,0.3,44.1,0.186575,4.1,0.29635,0.20834,-0.6583643838045717,0.59,180.0,296,305,"2/14/24, 12:00 AM",CUDDALORE,13,2024-12-31T00:00:00,7.85,4.4323535,345,338,359,356,1.8543341,2024-01-01T00:00:00,30.579785714285713,Uluthur,"{""geodesic"":false,""type"":""Point"",""coordinates"":[79.57999930534439,11.473327724538736]}"
251_0,0.5,0.1776,0.68,0.6,11.6,0.19814584,237,5.62,140,0.34988332,0.36,46.6,0.2041625,4.1,0.312375,0.22559583,-0.6785005867849502,0.71,270.0,279,284,"2/14/24, 12:00 AM",CUDDALORE,8,2024-12-31T00:00:00,7.9,4.4323535,349,346,372,370,0.94629323,2024-01-01T00:00:00,30.562285714285714,Uluthur,"{""geodesic"":false,""type"":""Point"",""coordinates"":[79.57595688656585,11.466320865322603]}"
252_0,0.5,0.07262,0.65,0.67,10.19,0.099955,237,5.12,143,0.333775,0.3,9.4,0.087985,4.1,0.245865,0.15003,-1.5951234773486094,0.69,191.53516,301,324,"1/24/24, 12:00 AM",CUDDALORE,12,2024-12-31T00:00:00,7.49,4.2665224,332,319,367,357,4.7223296,2024-01-01T00:00:00,30.50832258064516,Marudur,"{""geodesic"":false,""type"":""Point"",""coordinates"":[79.60075038840755,11.491653356334774]}"
253_0,0.5,0.11061,0.65,0.68,10.89,0.13259,237,5.63,125,0.24820499,0.36,9.4,0.140945,4.1,0.220815,0.14982,5.736739568730965,0.76,-0.0,303,328,"3/8/24, 12:00 AM",CUDDALORE,7,2024-12-31T00:00:00,7.09,4.2665224,330,316,366,356,0.0,2024-01-01T00:00:00,30.5135,Marudur,"{""geodesic"":false,""type"":""Point"",""coordinates"":[79.60425381801561,11.490844872579066]}"
254_0,0.5,0.11169,0.66,0.6,9.11,0.13424501,162,6.78,130,0.232275,0.39,14.6,0.144295,8.3,0.217195,0.154915,2.6557558571543343,0.58,-0.0,303,328,"3/8/24, 12:00 AM",CUDDALORE,9,2024-12-31T00:00:00,7.35,4.2665224,330,316,366,356,1.8543341,2024-01-01T00:00:00,30.5135,Marudur,"{""geodesic"":false,""type"":""Point"",""coordinates"":[79.60479280718609,11.490305883408594]}"
255_0,0.5,0.11655909,0.71,0.5,9.82,0.13795,427,5.36,150,0.2473591,0.36,18.9,0.14932273,8.3,0.23227727,0.16807728,0.5860098414529704,0.96,161.21243,332,347,"3/8/24, 12:00 AM",CUDDALORE,7,2024-12-31T00:00:00,6.96,4.3084235,317,307,350,345,2.936495,2024-01-01T00:00:00,30.55264516129032,Kummudimulai,"{""geodesic"":false,""type"":""Point"",""coordinates"":[79.62796934151636,11.519411298614067]}"
256_0,0.5,0.10321905,1.01,0.55,11.48,0.12749048,349,6.21,150,0.23270953,0.33,21,0.14462857,4.1,0.2353619,0.17219047,-1.479579955806344,1.21,63.89836,328,344,"3/8/24, 12:00 AM",CUDDALORE,8,2024-12-31T00:00:00,6.88,4.3084235,318,308,354,348,2.1071517,2024-01-01T00:00:00,30.55264516129032,Kummudimulai,"{""geodesic"":false,""type"":""Point"",""coordinates"":[79.62796934151636,11.518333320273124]}"
257_0,0.5,0.100033335,0.68,0.71,10.51,0.12556191,187,5.21,143,0.39070475,0.3,33.3,0.103190474,4.1,0.26658097,0.16452381,-1.0638706191562002,0.76,-0.0,308,326,"2/9/24, 12:00 AM",CUDDALORE,11,2024-12-31T00:00:00,7.61,4.2665224,316,312,375,361,2.7802885,2024-01-01T00:00:00,30.603600000000004,Vadakkuthittai,"{""geodesic"":false,""type"":""Point"",""coordinates"":[79.63847963034057,11.48545498087435]}"
258_0,0.5,0.12763043,0.58,0.49,11.15,0.1400913,200,5.58,158,0.26911303,0.42,37.5,0.13958696,4.1,0.22459565,0.16575217,-0.6783907312542196,0.63,270.0,294,313,"2/9/24, 12:00 AM",CUDDALORE,14,2024-12-31T00:00:00,6.01,4.4323535,344,337,362,350,0.9462402,2024-01-01T00:00:00,30.617214285714287,Vadakkuthittai,"{""geodesic"":false,""type"":""Point"",""coordinates"":[79.59293504543571,11.450690179378924]}"
259_0,0.5,0.13580455,0.57,0.71,10.12,0.15496819,187,5.86,148,0.34502274,0.3,37.5,0.14719546,8.3,0.26537272,0.17636363,7.07378312183915,0.6,251.91008,310,332,"2/9/24, 12:00 AM",CUDDALORE,7,2024-12-31T00:00:00,7.67,4.2665224,309,304,381,364,2.9842975,2024-01-01T00:00:00,30.603600000000004,Vadakkuthittai,"{""geodesic"":false,""type"":""Point"",""coordinates"":[79.63767114658485,11.487880432141472]}"
260_0,0.5,0.13580455,0.6,0.63,10,0.15496819,212,5.78,133,0.34502274,0.27,33.3,0.14719546,8.3,0.26537272,0.17636363,7.07378312183915,0.63,251.91008,310,332,"2/9/24, 12:00 AM",CUDDALORE,7,2024-12-31T00:00:00,7.58,4.2665224,309,304,381,364,2.9842975,2024-01-01T00:00:00,30.603600000000004,Vadakkuthittai,"{""geodesic"":false,""type"":""Point"",""coordinates"":[79.63767114658485,11.487880432141472]}"
261_0,0.5,0.13866,0.63,0.2,11.06,0.165575,125,5.26,113,0.35201,0.27,40,0.18008,8.3,0.378265,0.307325,-2.2885040398122785,0.75,270.0,312,317,"2/20/24, 12:00 AM",CUDDALORE,8,2024-12-31T00:00:00,7.78,4.2700086,340,327,349,356,4.7225275,2024-01-01T00:00:00,30.7908125,Silambimangalam,"{""geodesic"":false,""type"":""Point"",""coordinates"":[79.72849082180934,11.546899746308124]}"
262_0,0.5,0.15961578,0.65,0.59,12.01,0.1956579,125,5.26,120,0.35876316,0.36,51,0.22118421,4.1,0.4166263,0.3552421,-2.3073746871012264,0.75,258.91342,322,332,"2/16/24, 12:00 AM",CUDDALORE,2,2024-12-31T00:00:00,7.65,4.399262,323,313,355,355,4.8119946,2024-01-01T00:00:00,30.746000000000002,Silambimangalam,"{""geodesic"":false,""type"":""Point"",""coordinates"":[79.73307222975835,11.551481154257134]}"
263_0,0.5,0.08816667,0.65,0.2,10.12,0.112980954,187,5.91,123,0.3542905,0.27,37.5,0.09076667,8.3,0.25576666,0.17245714,0.014474623405640312,0.7,90.0,304,317,"2/12/24, 12:00 AM",CUDDALORE,8,2024-12-31T00:00:00,7.41,4.356147,325,312,372,370,0.9463752,2024-01-01T00:00:00,30.689515151515156,Periyakumatti,"{""geodesic"":false,""type"":""Point"",""coordinates"":[79.70800923333141,11.490844872579066]}"
264_0,0.5,0.12825714,0.7,0.18,10.31,0.15399048,212,5.59,108,0.34006667,0.33,40,0.16034286,4.1,0.3214762,0.24862382,-0.20234758176196244,0.75,341.2141,295,312,"2/12/24, 12:00 AM",CUDDALORE,4,2024-12-31T00:00:00,7.92,4.356147,321,307,385,381,2.936466,2024-01-01T00:00:00,30.69329032258065,Periyakumatti,"{""geodesic"":false,""type"":""Point"",""coordinates"":[79.70612277123476,11.492461840090481]}"
265_0,0.5,0.145175,0.65,0.2,10.14,0.178705,212,5.76,123,0.342985,0.36,40,0.20117,4.1,0.35235,0.276245,1.8179854690152424,0.7,45.579967,315,332,"2/12/24, 12:00 AM",CUDDALORE,8,2024-12-31T00:00:00,6.71,4.356147,339,323,346,345,1.3249153,2024-01-01T00:00:00,30.689515151515156,Periyakumatti,"{""geodesic"":false,""type"":""Point"",""coordinates"":[79.71070417918378,11.49057537799383]}"
266_0,0.5,0.093757145,1.21,0.5,9.21,0.109961905,137,5.36,113,0.21745715,0.36,29,0.11187143,4.1,0.2273143,0.1554619,-1.0152360610615534,0.82,314.41977,322,326,"2/12/24, 12:00 AM",CUDDALORE,3,2024-12-31T00:00:00,6.1,4.356147,321,315,357,358,1.3249214,2024-01-01T00:00:00,30.661161290322585,Periyakumatti,"{""geodesic"":false,""type"":""Point"",""coordinates"":[79.72013648966703,11.493000829260954]}"
268_0,0.5,0.09935238,0.72,0.26,10.26,0.12934285,125,6.31,155,0.32598096,0.39,25,0.13884285,4.1,0.30523333,0.20048572,0.9309151850949583,0.86,134.42451,276,299,"2/12/24, 12:00 AM",CUDDALORE,16,2024-12-31T00:00:00,7.98,4.293934,363,349,362,352,1.3248097,2024-01-01T00:00:00,30.53490322580645,Periya Nerkunam,"{""geodesic"":false,""type"":""Point"",""coordinates"":[79.506427283575,11.44637826601515]}"
269_0,0.5,0.103266664,0.92,0.47,9.36,0.13120477,125,5.36,160,0.31761906,0.36,29,0.13902381,4.1,0.28352857,0.18457143,-0.7739239314956317,1.01,207.02821,276,299,"2/12/24, 12:00 AM",CUDDALORE,16,2024-12-31T00:00:00,7.88,4.293934,363,349,362,352,2.0815015,2024-01-01T00:00:00,30.519870967741937,Periya Nerkunam,"{""geodesic"":false,""type"":""Point"",""coordinates"":[79.50588829440453,11.446108771429914]}"
270_0,0.5,0.10162608,0.65,0.25,11.26,0.12674783,175,5.2,140,0.31802174,0.27,40,0.12088696,4.1,0.25254783,0.16372609,-1.0149638075095233,0.7,134.42499,304,327,"2/12/24, 12:00 AM",CUDDALORE,20,2024-12-31T00:00:00,7.89,4.2203307,355,341,341,333,1.3247983,2024-01-01T00:00:00,30.519870967741937,Periya Nerkunam,"{""geodesic"":false,""type"":""Point"",""coordinates"":[79.4967254785065,11.44179685806614]}"
271_0,0.5,0.1015381,0.68,0.29,11.18,0.12938571,125,5.06,123,0.3042857,0.36,23.1,0.13699047,8.3,0.27453333,0.18510476,1.6242594016739176,0.75,270.0,293,318,"2/12/24, 12:00 AM",CUDDALORE,16,2024-12-31T00:00:00,7.99,4.293934,360,344,346,338,0.9462133,2024-01-01T00:00:00,30.519870967741937,Periya Nerkunam,"{""geodesic"":false,""type"":""Point"",""coordinates"":[79.50103739187028,11.442605341821848]}"
272_0,0.5,0.083895236,0.51,0.25,10.5,0.11203333,114,4.59,148,0.31446666,0.33,29.1,0.117300004,8.3,0.27682382,0.17960952,-2.4642695782206148,0.51,350.34937,304,327,"2/12/24, 12:00 AM",CUDDALORE,18,2024-12-31T00:00:00,8.13,4.2203307,355,341,341,333,5.626672,2024-01-01T00:00:00,30.519870967741937,Periya Nerkunam,"{""geodesic"":false,""type"":""Point"",""coordinates"":[79.49726446767697,11.442335847236611]}"
273_0,0.483,0.1474421,0.862,0.17,11.65,0.16066316,386,6.165,173,0.3173737,0.27,11.3,0.15826842,14.211,0.2724158,0.20433158,-1.3380983351575189,0.612,300.45242,308,321,"3/13/24, 12:00 AM",CUDDALORE,5,2024-12-31T00:00:00,7.2,4.293007,305,305,387,374,5.4733224,2024-01-01T00:00:00,30.727133333333335,Poovalai East,"{""geodesic"":false,""type"":""Point"",""coordinates"":[79.67270544266552,11.513212923153642]}"
274_0,0.5,0.1474421,0.86,0.23,9.872,0.16066316,375,6.832,140,0.3173737,0.33,10,0.15826842,14.474,0.2724158,0.20433158,-1.3380983351575189,0.63,300.45242,308,321,"3/11/24, 12:00 AM",CUDDALORE,5,2024-12-31T00:00:00,6.88,4.293007,305,305,387,374,5.4733224,2024-01-01T00:00:00,30.727133333333335,Poovalai East,"{""geodesic"":false,""type"":""Point"",""coordinates"":[79.67270544266552,11.513212923153642]}"
275_0,0.548,0.1474421,1.28,0.18,13.21,0.16066316,365,7.412,153,0.3173737,0.24,12.5,0.15826842,11.316,0.2724158,0.20433158,-1.3380983351575189,0.639,300.45242,308,321,"3/11/24, 12:00 AM",CUDDALORE,5,2024-12-31T00:00:00,7.4,4.293007,305,305,387,374,5.4733224,2024-01-01T00:00:00,30.727133333333335,Poovalai East,"{""geodesic"":false,""type"":""Point"",""coordinates"":[79.67270544266552,11.513212923153642]}"
276_0,0.532,0.095955,1.236,0.17,10.02,0.11359,398,7.184,193,0.30938,0.3,14.1,0.103405,11.579,0.242625,0.17103499,-1.0153468896064617,0.52,314.41763,307,318,"3/13/24, 12:00 AM",CUDDALORE,8,2024-12-31T00:00:00,7.39,4.293007,317,313,375,369,1.324972,2024-01-01T00:00:00,30.727133333333335,Poovalai East,"{""geodesic"":false,""type"":""Point"",""coordinates"":[79.67351392642122,11.514290901494586]}"
277_0,0.532,0.095955,0.904,0.16,10.72,0.11359,477,6.885,173,0.30938,0.24,14.1,0.103405,11.579,0.242625,0.17103499,-1.0153468896064617,0.419,314.41763,307,318,"3/13/24, 12:00 AM",CUDDALORE,8,2024-12-31T00:00:00,7.32,4.293007,317,313,375,369,1.324972,2024-01-01T00:00:00,30.727133333333335,Poovalai East,"{""geodesic"":false,""type"":""Point"",""coordinates"":[79.67351392642122,11.514290901494586]}"
278_0,0.516,0.1191,1.312,0.18,10.15,0.137095,420,7.221,183,0.31132,0.33,12.5,0.122825,10.526,0.23197,0.161165,-1.0153473396226516,0.48,225.5824,311,321,"3/13/24, 12:00 AM",CUDDALORE,8,2024-12-31T00:00:00,7.32,4.293007,327,322,362,357,1.3249726,2024-01-01T00:00:00,30.727133333333335,Poovalai East,"{""geodesic"":false,""type"":""Point"",""coordinates"":[79.67351392642122,11.51456039607982]}"
279_0,0.548,0.1191,1.004,0.2,12.06,0.137095,365,6.895,183,0.31132,0.3,12.5,0.122825,10,0.23197,0.161165,-1.0153473396226516,0.449,225.5824,311,321,"3/13/24, 12:00 AM",CUDDALORE,8,2024-12-31T00:00:00,7.27,4.293007,327,322,362,357,1.3249726,2024-01-01T00:00:00,30.727133333333335,Poovalai East,"{""geodesic"":false,""type"":""Point"",""coordinates"":[79.67351392642122,11.51456039607982]}"
280_0,0.5,0.20764783,1.46,0.11,9.72,0.22474782,137.5,7.81,196,0.38111305,0.36,16.25,0.22172174,7.5,0.3228261,0.23027392,-0.7860870950999103,0.99,116.10603,291,306,"2/6/24, 12:00 AM",CUDDALORE,18,2024-12-31T00:00:00,7.7,4.355062,367,354,342,340,2.1068223,2024-01-01T00:00:00,30.536057142857143,Valayamadevi kilpathi,"{""geodesic"":false,""type"":""Point"",""coordinates"":[79.50211537021121,11.463625919470244]}"
281_0,0.77,0.104819044,0.86,0.64,15.98,0.1277,225,6.91,154,0.25378573,0.18,28.75,0.14154285,25.63,0.25002858,0.17455238,5.88711030373187,0.92,-0.0,292,316,"3/4/24, 12:00 AM",CUDDALORE,16,2024-12-31T00:00:00,8.01,4.355062,374,354,334,330,0.0,2024-01-01T00:00:00,30.629705882352937,Valayamadevi kilpathi,"{""geodesic"":false,""type"":""Point"",""coordinates"":[79.50211537021121,11.470632778686378]}"
282_0,0.36,0.19879565,1.68,0.39,11.56,0.20994782,137.5,7.64,182,0.34360436,0.3,19.38,0.20183913,8.75,0.2889261,0.21281305,-2.0647894793327133,0.63,90.0,288,303,"2/6/24, 12:00 AM",CUDDALORE,20,2024-12-31T00:00:00,7.4,4.355062,367,355,346,342,3.7800157,2024-01-01T00:00:00,30.534705882352938,Valayamadevi kilpathi,"{""geodesic"":false,""type"":""Point"",""coordinates"":[79.5034628431374,11.465781876152132]}"
283_0,0.2,0.16680908,0.99,0.39,12.26,0.18267272,125,7.81,182,0.32258636,0.03,8.75,0.17347728,7.5,0.25446817,0.17558181,-1.7771009801906286,0.62,90.0,285,301,"2/6/24, 12:00 AM",CUDDALORE,20,2024-12-31T00:00:00,7.4,4.355062,374,361,341,338,2.8368008,2024-01-01T00:00:00,30.534705882352938,Valayamadevi kilpathi,"{""geodesic"":false,""type"":""Point"",""coordinates"":[79.50400183230788,11.464703897811187]}"
284_0,0.51,0.16786364,1.2,0.38,12.99,0.18208636,137.5,6.2,182,0.32487273,0.3,16.25,0.17192273,8.75,0.25917727,0.18005909,-1.7771019061964564,0.48,90.0,285,301,"2/6/24, 12:00 AM",CUDDALORE,21,2024-12-31T00:00:00,7.6,4.355062,374,361,341,338,2.8368034,2024-01-01T00:00:00,30.534705882352938,Valayamadevi kilpathi,"{""geodesic"":false,""type"":""Point"",""coordinates"":[79.50400183230788,11.464973392396423]}"
285_0,0.25,0.15797272,1.19,0.37,9.87,0.17693636,200,8.14,147,0.30025,0.12,16.25,0.17990455,6.25,0.26534545,0.19295454,-1.9470940490174597,1.17,34.225025,285,301,"2/6/24, 12:00 AM",CUDDALORE,20,2024-12-31T00:00:00,7.5,4.355062,374,361,341,338,3.3613477,2024-01-01T00:00:00,30.534705882352938,Valayamadevi kilpathi,"{""geodesic"":false,""type"":""Point"",""coordinates"":[79.50454082147834,11.464164908640717]}"
286_0,0.41,0.17224286,1.18,0.38,9.89,0.19030476,225,6.19,154,0.32580954,0.18,22.5,0.19033334,8.75,0.26575238,0.1906762,2.819070388747026,1.24,-0.0,285,301,"2/6/24, 12:00 AM",CUDDALORE,18,2024-12-31T00:00:00,7.2,4.355062,374,361,341,338,0.0,2024-01-01T00:00:00,30.534705882352938,Valayamadevi kilpathi,"{""geodesic"":false,""type"":""Point"",""coordinates"":[79.50481031606358,11.464434403225953]}"
287_0,0.71,0.16875714,0.74,0.46,16.53,0.18671905,175,6.91,154,0.3146,0.18,22.5,0.18453333,25,0.2574381,0.18382858,0.014660858157525113,1.18,270.0,285,301,"3/2/24, 12:00 AM",CUDDALORE,18,2024-12-31T00:00:00,8.4,4.355062,374,361,341,338,0.9462867,2024-01-01T00:00:00,30.534705882352938,Valayamadevi kilpathi,"{""geodesic"":false,""type"":""Point"",""coordinates"":[79.50507981064881,11.464434403225953]}"
288_0,0.3,0.11162,0.98,0.32,9.86,0.135515,175,6.24,147,0.298525,0.12,14.38,0.148045,5,0.285455,0.197545,-0.6583554933252748,1.22,180.0,277,297,"2/6/24, 12:00 AM",CUDDALORE,19,2024-12-31T00:00:00,7.1,4.355062,378,361,345,342,1.8543341,2024-01-01T00:00:00,30.621542857142856,Valayamadevi kilpathi,"{""geodesic"":false,""type"":""Point"",""coordinates"":[79.50885273484212,11.471171767856848]}"
289_0,0.3,0.15214,1.66,0.11,11.45,0.169395,150,7.81,196,0.280015,0.36,14.38,0.174755,11.88,0.262105,0.19688,-1.063815497192173,0.82,-0.0,282,304,"2/6/24, 12:00 AM",CUDDALORE,19,2024-12-31T00:00:00,7.9,4.355062,375,356,343,340,2.7802885,2024-01-01T00:00:00,30.629705882352937,Valayamadevi kilpathi,"{""geodesic"":false,""type"":""Point"",""coordinates"":[79.5042713268931,11.470093789515905]}"
290_0,0.51,0.15214,1.69,0.29,10.11,0.169395,150,7.72,182,0.280015,0.3,19.38,0.174755,10,0.262105,0.19688,-1.063815497192173,0.49,-0.0,282,304,"2/6/24, 12:00 AM",CUDDALORE,19,2024-12-31T00:00:00,7.6,4.355062,375,356,343,340,2.7802885,2024-01-01T00:00:00,30.629705882352937,Valayamadevi kilpathi,"{""geodesic"":false,""type"":""Point"",""coordinates"":[79.5042713268931,11.470093789515905]}"
291_0,0.41,0.16656,1.14,0.34,7.6,0.18425,200,7.13,147,0.31914,0.12,25,0.19194,6.25,0.301305,0.227395,-1.3515010069291513,1.2,-0.0,282,304,"2/6/24, 12:00 AM",CUDDALORE,20,2024-12-31T00:00:00,7.2,4.355062,375,356,343,340,1.8543341,2024-01-01T00:00:00,30.629705882352937,Valayamadevi kilpathi,"{""geodesic"":false,""type"":""Point"",""coordinates"":[79.50400183230788,11.470902273271612]}"
292_0,0.25,0.16656,0.98,0.38,7.28,0.18425,237.5,6.19,168,0.31914,0.24,14.38,0.19194,8.75,0.301305,0.227395,-1.3515010069291513,1.22,-0.0,282,304,"2/6/24, 12:00 AM",CUDDALORE,20,2024-12-31T00:00:00,7.3,4.355062,375,356,343,340,1.8543341,2024-01-01T00:00:00,30.629705882352937,Valayamadevi kilpathi,"{""geodesic"":false,""type"":""Point"",""coordinates"":[79.50400183230788,11.470902273271612]}"
293_0,0.3,0.170115,0.98,0.44,9.85,0.182695,187.5,7.19,147,0.29371,0.12,16.25,0.18373,9.38,0.27575,0.209855,2.125902204778694,1.19,-0.0,282,304,"2/6/24, 12:00 AM",CUDDALORE,20,2024-12-31T00:00:00,7.3,4.355062,375,356,343,340,0.0,2024-01-01T00:00:00,30.629705882352937,Valayamadevi kilpathi,"{""geodesic"":false,""type"":""Point"",""coordinates"":[79.5042713268931,11.470902273271612]}"
294_0,0.2,0.195085,1.09,0.24,9.86,0.21115,225,8.13,168,0.337715,0.24,19.38,0.22237,7.5,0.33346,0.25133,-1.4792832578996102,1.18,63.89459,282,304,"2/6/24, 12:00 AM",CUDDALORE,17,2024-12-31T00:00:00,7.5,4.355062,375,356,343,340,2.106869,2024-01-01T00:00:00,30.621542857142856,Valayamadevi kilpathi,"{""geodesic"":false,""type"":""Point"",""coordinates"":[79.50534930523405,11.471441262442085]}"
295_0,0.3,0.16833334,1.13,0.29,7.13,0.1879,225,6.15,154,0.3503619,0.18,22.5,0.19112857,6.25,0.3076381,0.21872857,-0.658353048457325,1.24,-0.0,282,304,"2/6/24, 12:00 AM",CUDDALORE,17,2024-12-31T00:00:00,7.2,4.355062,375,356,343,340,1.8543341,2024-01-01T00:00:00,30.621542857142856,Valayamadevi kilpathi,"{""geodesic"":false,""type"":""Point"",""coordinates"":[79.50588829440453,11.471171767856848]}"
296_0,0.71,0.16340952,1.08,0.63,15.98,0.1826619,225,6.91,147,0.34756666,0.15,25,0.18376191,27,0.2994238,0.20717143,-0.658353048457325,0.95,-0.0,282,304,"3/6/24, 12:00 AM",CUDDALORE,18,2024-12-31T00:00:00,7.74,4.355062,375,356,343,340,1.8543341,2024-01-01T00:00:00,30.621542857142856,Valayamadevi kilpathi,"{""geodesic"":false,""type"":""Point"",""coordinates"":[79.50588829440453,11.470902273271612]}"
297_0,0.77,0.16015239,0.92,0.69,16.49,0.1790143,200,7.04,47,0.35168096,0.15,19,0.18043333,26,0.29582858,0.20512381,0.03478875847171556,1.34,180.0,282,304,"3/2/24, 12:00 AM",CUDDALORE,18,2024-12-31T00:00:00,7.97,4.355062,375,356,343,340,0.92740995,2024-01-01T00:00:00,30.621542857142856,Valayamadevi kilpathi,"{""geodesic"":false,""type"":""Point"",""coordinates"":[79.506427283575,11.47171075702732]}"
298_0,0.73,0.12914285,0.74,0.51,15.9,0.1478619,175,6.83,168,0.3512,0.24,25,0.14031428,28,0.28242382,0.18529047,-1.0151256652515874,1.08,225.57811,274,289,"3/2/24, 12:00 AM",CUDDALORE,18,2024-12-31T00:00:00,7.7,4.355062,371,357,355,353,1.3248714,2024-01-01T00:00:00,30.621542857142856,Valayamadevi kilpathi,"{""geodesic"":false,""type"":""Point"",""coordinates"":[79.50669677816023,11.472249746197791]}"
299_0,0.81,0.14916956,0.82,0.6,15.88,0.16465217,175,7.36,140,0.36597827,0.12,29,0.15428695,25,0.27625653,0.18314783,1.7395406897674042,0.84,180.0,281,298,"3/2/24, 12:00 AM",CUDDALORE,16,2024-12-31T00:00:00,7.96,4.355062,368,352,352,350,0.92740995,2024-01-01T00:00:00,30.621542857142856,Valayamadevi kilpathi,"{""geodesic"":false,""type"":""Point"",""coordinates"":[79.50615778898975,11.472519240783027]}"
300_0,0.46,0.13372381,1.41,0.25,8.21,0.1626857,250,8.66,147,0.3766238,0.18,19.38,0.16895714,8.13,0.32326666,0.21813333,-1.7079927366757637,0.98,134.42726,312,323,"3/19/24, 12:00 AM",CUDDALORE,16,2024-12-31T00:00:00,7.5,4.2203307,357,347,332,330,2.6480746,2024-01-01T00:00:00,30.556740740740747,Kavalagudi,"{""geodesic"":false,""type"":""Point"",""coordinates"":[79.49618648933603,11.419159312906329]}"
301_0,0.41,0.116466664,0.96,0.4,7.66,0.14568095,165,7.89,168,0.3237762,0.24,25,0.16315715,9.38,0.31820476,0.22154285,0.14248443655523546,1.21,27.025919,312,323,"3/19/24, 12:00 AM",CUDDALORE,16,2024-12-31T00:00:00,6.3,4.2203307,357,347,332,330,2.0814588,2024-01-01T00:00:00,30.556740740740747,Kavalagudi,"{""geodesic"":false,""type"":""Point"",""coordinates"":[79.49564750016556,11.418081334565384]}"
302_0,0.25,0.14545909,1.68,0.46,8.45,0.16228181,137.5,6.4,210,0.30755,0.42,12.5,0.16718636,5.63,0.2923091,0.21180454,-1.946860740147872,0.83,34.22027,316,324,"3/19/24, 12:00 AM",CUDDALORE,18,2024-12-31T00:00:00,5.4,4.2203307,349,342,335,335,3.3611581,2024-01-01T00:00:00,30.55022222222222,Kavalagudi,"{""geodesic"":false,""type"":""Point"",""coordinates"":[79.48864064094943,11.413499926616375]}"
303_0,0.25,0.11914545,1.24,0.13,9.89,0.14383182,175,5.99,182,0.30296364,0.3,14.38,0.16186818,6.88,0.29750454,0.21245909,-1.8274706775086642,0.85,251.90575,321,330,"3/19/24, 12:00 AM",CUDDALORE,18,2024-12-31T00:00:00,6.2,4.2203307,348,341,331,329,2.9836078,2024-01-01T00:00:00,30.598620689655178,Kavalagudi,"{""geodesic"":false,""type"":""Point"",""coordinates"":[79.48513721134137,11.415386388713026]}"
304_0,0.2,0.11914545,1.13,0.11,9.4,0.14383182,112.5,7.87,196,0.30296364,0.36,18,0.16186818,8.75,0.29750454,0.21245909,-1.8274706775086642,0.6,251.90575,321,330,"3/19/24, 12:00 AM",CUDDALORE,18,2024-12-31T00:00:00,7.9,4.2203307,348,341,331,329,2.9836078,2024-01-01T00:00:00,30.598620689655178,Kavalagudi,"{""geodesic"":false,""type"":""Point"",""coordinates"":[79.48513721134137,11.415386388713026]}"
305_0,0.51,0.11914545,0.76,0.22,10.28,0.14383182,125,6.4,210,0.30296364,0.42,28.75,0.16186818,6.25,0.29750454,0.21245909,-1.8274706775086642,0.81,251.90575,321,330,"3/19/24, 12:00 AM",CUDDALORE,18,2024-12-31T00:00:00,6.2,4.2203307,348,341,331,329,2.9836078,2024-01-01T00:00:00,30.598620689655178,Kavalagudi,"{""geodesic"":false,""type"":""Point"",""coordinates"":[79.48513721134137,11.415386388713026]}"
306_0,0.41,0.14052609,0.86,0.2,11.8,0.16145217,112.5,6.6,168,0.34193912,0.24,14.38,0.15202174,5.63,0.28147826,0.19563043,1.5775958064302238,0.76,332.97455,310,328,"3/19/24, 12:00 AM",CUDDALORE,15,2024-12-31T00:00:00,7.5,4.2203307,348,335,341,337,2.08145,2024-01-01T00:00:00,30.598620689655178,Kavalagudi,"{""geodesic"":false,""type"":""Point"",""coordinates"":[79.4854067059266,11.412152453690195]}"
307_0,0.25,0.11153478,1.34,0.17,8.8,0.1338913,125,6.8,182,0.32505652,0.3,22.5,0.12631305,8.13,0.2777,0.1833913,-1.0147884095984314,0.82,225.57164,290,314,"3/19/24, 12:00 AM",CUDDALORE,20,2024-12-31T00:00:00,6.5,4.2203307,385,366,325,320,1.324719,2024-01-01T00:00:00,30.598620689655178,Kavalagudi,"{""geodesic"":false,""type"":""Point"",""coordinates"":[79.4794778250514,11.408379529496894]}"
308_0,0.41,0.11695417,0.72,0.4,10.18,0.14295,125,7.24,168,0.3249875,0.24,12.75,0.13558334,6.88,0.27417916,0.19465,2.029935693297494,0.62,270.0,311,328,"3/19/24, 12:00 AM",CUDDALORE,17,2024-12-31T00:00:00,6.8,4.2203307,348,334,341,338,0.9461095,2024-01-01T00:00:00,30.598620689655178,Kavalagudi,"{""geodesic"":false,""type"":""Point"",""coordinates"":[79.4832507492447,11.411343969934489]}"
309_0,0.25,0.12614545,0.78,0.6,8.85,0.14780454,225,6.8,196,0.31694546,0.36,22.5,0.15372728,10,0.28975454,0.2055909,-2.436144230443471,0.82,300.4606,319,323,"2/5/24, 12:00 AM",CUDDALORE,18,2024-12-31T00:00:00,6.7,4.2203307,349,341,332,335,5.472003,2024-01-01T00:00:00,30.617200000000008,Kavalagudi,"{""geodesic"":false,""type"":""Point"",""coordinates"":[79.48567620051183,11.421045775002979]}"
310_0,0.3,0.12614545,1.08,0.17,11.76,0.14780454,162.5,5.89,182,0.31694546,0.3,11.25,0.15372728,7.5,0.28975454,0.2055909,-2.436144230443471,0.92,300.4606,319,323,"2/5/24, 12:00 AM",CUDDALORE,18,2024-12-31T00:00:00,7,4.2203307,349,341,332,335,5.472003,2024-01-01T00:00:00,30.617200000000008,Kavalagudi,"{""geodesic"":false,""type"":""Point"",""coordinates"":[79.48567620051183,11.421045775002979]}"
311_0,0.3,0.12614545,0.69,0.2,10.12,0.14780454,112.5,7.81,182,0.31694546,0.3,14.38,0.15372728,9.38,0.28975454,0.2055909,-2.436144230443471,0.88,300.4606,319,323,"2/5/24, 12:00 AM",CUDDALORE,18,2024-12-31T00:00:00,6.2,4.2203307,349,341,332,335,5.472003,2024-01-01T00:00:00,30.617200000000008,Kavalagudi,"{""geodesic"":false,""type"":""Point"",""coordinates"":[79.48567620051183,11.421045775002979]}"
312_0,0.41,0.119009525,1.42,0.24,7.96,0.13824286,190,9.1,113,0.29931906,0.09,19.38,0.13630477,7.5,0.26559523,0.1870762,-0.11856473106720657,0.82,90.0,319,324,"2/5/24, 12:00 AM",CUDDALORE,17,2024-12-31T00:00:00,7.8,4.2203307,346,339,335,337,3.779424,2024-01-01T00:00:00,30.617200000000008,Kavalagudi,"{""geodesic"":false,""type"":""Point"",""coordinates"":[79.48486771675613,11.421315269588215]}"
313_0,0.25,0.119009525,1.33,0.18,10.07,0.13824286,265,6.14,147,0.29931906,0.12,10,0.13630477,7.5,0.26559523,0.1870762,-0.11856473106720657,1.02,90.0,319,324,"3/19/24, 12:00 AM",CUDDALORE,17,2024-12-31T00:00:00,7.6,4.2203307,346,339,335,337,3.779424,2024-01-01T00:00:00,30.617200000000008,Kavalagudi,"{""geodesic"":false,""type"":""Point"",""coordinates"":[79.48486771675613,11.421315269588215]}"
314_0,0.3,0.12206364,1.28,0.47,12.26,0.14566363,137.5,7.81,182,0.31912273,0.3,14.38,0.15614545,6.88,0.29802272,0.2089909,-0.08067064750263642,0.62,27.026236,319,324,"2/5/24, 12:00 AM",CUDDALORE,17,2024-12-31T00:00:00,6,4.2203307,346,339,335,337,2.0814648,2024-01-01T00:00:00,30.617200000000008,Kavalagudi,"{""geodesic"":false,""type"":""Point"",""coordinates"":[79.48405923300042,11.421854258758687]}"
315_0,0.25,0.12206364,1.32,0.12,11.88,0.14566363,125,6.8,231,0.31912273,0.51,26.25,0.15614545,6.88,0.29802272,0.2089909,-0.08067064750263642,0.32,27.026236,319,324,"2/5/24, 12:00 AM",CUDDALORE,17,2024-12-31T00:00:00,6.3,4.2203307,346,339,335,337,2.0814648,2024-01-01T00:00:00,30.617200000000008,Kavalagudi,"{""geodesic"":false,""type"":""Point"",""coordinates"":[79.48405923300042,11.421854258758687]}"
316_0,0.46,0.105961904,0.96,0.39,8.2,0.13114285,162.5,7.75,168,0.27260953,0.24,13.75,0.15607142,11.25,0.2935095,0.21411905,1.6240136719366782,0.91,314.42352,323,349,"3/19/24, 12:00 AM",CUDDALORE,27,2024-12-31T00:00:00,7.6,4.001365,345,325,332,325,2.6482506,2024-01-01T00:00:00,30.6880625,Keeranur,"{""geodesic"":false,""type"":""Point"",""coordinates"":[79.37626139890608,11.45608007108364]}"
317_0,0.25,0.105961904,1.7,0.3,9.69,0.13114285,187.5,6.09,147,0.27260953,0.12,16.25,0.15607142,5,0.2935095,0.21411905,1.6240136719366782,0.52,314.42352,323,349,"3/19/24, 12:00 AM",CUDDALORE,27,2024-12-31T00:00:00,6.8,4.001365,345,325,332,325,2.6482506,2024-01-01T00:00:00,30.6880625,Keeranur,"{""geodesic"":false,""type"":""Point"",""coordinates"":[79.37626139890608,11.45608007108364]}"
318_0,0.41,0.10546364,1.3,0.36,7.24,0.12787272,275,6.8,168,0.30089545,0.24,10,0.13529545,11.88,0.3069,0.21692728,-1.8116423393137784,1.09,198.7836,327,348,"3/19/24, 12:00 AM",CUDDALORE,27,2024-12-31T00:00:00,6.8,4.001365,349,333,325,319,2.936426,2024-01-01T00:00:00,30.6880625,Keeranur,"{""geodesic"":false,""type"":""Point"",""coordinates"":[79.37922583934368,11.455271587327934]}"
319_0,0.2,0.13560909,1.47,0.18,9.82,0.16182274,137.5,7.76,155,0.31972727,0.3,25,0.18722272,8.13,0.32781363,0.24110909,-1.4671113274105718,1.28,207.02899,329,354,"3/19/24, 12:00 AM",CUDDALORE,29,2024-12-31T00:00:00,6.8,4.001365,343,323,328,323,2.0815158,2024-01-01T00:00:00,30.6880625,Keeranur,"{""geodesic"":false,""type"":""Point"",""coordinates"":[79.3794953339289,11.45554108191317]}"
320_0,0.25,0.12840454,1.24,0.2,7.56,0.15542728,225,6.16,196,0.32393637,0.36,14.38,0.17680909,7.5,0.31265908,0.22734545,-0.6583008579811905,0.9,180.0,336,347,"3/19/24, 12:00 AM",CUDDALORE,30,2024-12-31T00:00:00,7.5,4.001365,344,334,320,319,0.92740995,2024-01-01T00:00:00,30.6880625,Keeranur,"{""geodesic"":false,""type"":""Point"",""coordinates"":[79.38003432309938,11.455271587327934]}"
321_0,0.41,0.12840454,1.81,0.57,11.77,0.15542728,112.5,6.01,168,0.32393637,0.24,22.5,0.17680909,11.88,0.31265908,0.22734545,-0.6583008579811905,0.91,180.0,336,347,"3/19/24, 12:00 AM",CUDDALORE,30,2024-12-31T00:00:00,7.2,4.001365,344,334,320,319,0.92740995,2024-01-01T00:00:00,30.6880625,Keeranur,"{""geodesic"":false,""type"":""Point"",""coordinates"":[79.38003432309938,11.455271587327934]}"
322_0,0.2,0.1362,0.56,0.14,8.4,0.15776,112.5,5.55,196,0.29716,0.36,12.5,0.16404,10,0.2989,0.21785,-2.4833647230184828,0.85,80.72294,339,368,"3/19/24, 12:00 AM",CUDDALORE,29,2024-12-31T00:00:00,7.8,4.001365,349,331,312,302,5.7341332,2024-01-01T00:00:00,30.6880625,Keeranur,"{""geodesic"":false,""type"":""Point"",""coordinates"":[79.38003432309938,11.457697038595056]}"
323_0,0.3,0.073175,1.09,0.47,7.33,0.08857,265,8.53,147,0.193205,0.12,28.75,0.089475,8.13,0.16135,0.11499,-1.9548199297805833,0.84,56.840397,328,351,"2/5/24, 12:00 AM",CUDDALORE,35,2024-12-31T00:00:00,6.6,4.001365,338,322,334,326,3.3874063,2024-01-01T00:00:00,30.6129375,Keeranur,"{""geodesic"":false,""type"":""Point"",""coordinates"":[79.37787836641749,11.460391984447414]}"
324_0,0.41,0.121926315,1.24,0.11,8.26,0.14403684,137,8.54,210,0.25567368,0.42,22.5,0.15854737,8.13,0.27968946,0.2357421,2.1259424331424515,0.81,-0.0,318,347,"2/5/24, 12:00 AM",CUDDALORE,32,2024-12-31T00:00:00,6.8,4.001365,352,329,330,324,0.0,2024-01-01T00:00:00,30.6129375,Keeranur,"{""geodesic"":false,""type"":""Point"",""coordinates"":[79.3749139259799,11.459044511521235]}"
325_0,0.5,0.077078946,1.68,0.38,7.6,0.094842106,250,9.18,148,0.20916316,0.18,14.38,0.10563684,9.38,0.19952631,0.14423157,-2.044611419184571,0.88,-0.0,328,351,"3/19/24, 12:00 AM",CUDDALORE,34,2024-12-31T00:00:00,5.6,4.001365,338,322,334,326,3.7047918,2024-01-01T00:00:00,30.6129375,Keeranur,"{""geodesic"":false,""type"":""Point"",""coordinates"":[79.3765308934913,11.46012248986218]}"
326_0,0.51,0.086975,1.68,0.15,9.89,0.111264996,200,6.21,147,0.28051,0.09,16.25,0.124315,6.88,0.280805,0.19998,0.014689038651955793,0.85,90.0,328,351,"3/19/24, 12:00 AM",CUDDALORE,29,2024-12-31T00:00:00,6.8,4.001365,338,322,334,326,0.9462737,2024-01-01T00:00:00,30.6129375,Keeranur,"{""geodesic"":false,""type"":""Point"",""coordinates"":[79.37626139890608,11.46066147903265]}"
327_0,0.2,0.082155,0.8,0.24,12.11,0.106,150,5.55,210,0.266305,0.42,26.25,0.116505,5.63,0.266015,0.187875,-2.2677549818194143,1.17,-0.0,328,351,"3/19/24, 12:00 AM",CUDDALORE,30,2024-12-31T00:00:00,5.9,4.001365,338,322,334,326,4.6273675,2024-01-01T00:00:00,30.6129375,Keeranur,"{""geodesic"":false,""type"":""Point"",""coordinates"":[79.37626139890608,11.460391984447414]}"
328_0,0.2,0.086975,1.24,0.09,8.22,0.111264996,100,8.8,147,0.28051,0.12,28.75,0.124315,6.25,0.280805,0.19998,0.014689038651955793,0.81,90.0,328,351,"2/5/24, 12:00 AM",CUDDALORE,29,2024-12-31T00:00:00,6.4,4.001365,338,322,334,326,0.9462737,2024-01-01T00:00:00,30.6129375,Keeranur,"{""geodesic"":false,""type"":""Point"",""coordinates"":[79.37626139890608,11.46066147903265]}"
329_0,0.3,0.084995,1.26,0.14,8.14,0.10864,137,8.67,182,0.245775,0.3,28.75,0.12151,8.13,0.280775,0.20203,-0.6784603093022351,0.82,90.0,332,360,"2/5/24, 12:00 AM",CUDDALORE,34,2024-12-31T00:00:00,6.8,4.001365,341,320,327,320,0.9462746,2024-01-01T00:00:00,30.6129375,Keeranur,"{""geodesic"":false,""type"":""Point"",""coordinates"":[79.3757224097356,11.460930973617886]}"
330_0,0.25,0.084995,1.24,0.26,8.34,0.10864,125,8.26,147,0.245775,0.12,8.75,0.12151,7.5,0.280775,0.20203,-0.6784603093022351,0.81,90.0,332,360,"2/5/24, 12:00 AM",CUDDALORE,34,2024-12-31T00:00:00,6.7,4.001365,341,320,327,320,0.9462746,2024-01-01T00:00:00,30.6129375,Keeranur,"{""geodesic"":false,""type"":""Point"",""coordinates"":[79.3757224097356,11.460930973617886]}"
331_0,0.41,0.1028,1.28,0.39,11.45,0.12138,112.5,5.93,196,0.2167,0.36,18.75,0.137,8.13,0.269265,0.206655,1.0262867035082057,0.52,270.0,332,360,"2/5/24, 12:00 AM",CUDDALORE,30,2024-12-31T00:00:00,7.5,4.001365,341,320,327,320,1.892037,2024-01-01T00:00:00,30.6129375,Keeranur,"{""geodesic"":false,""type"":""Point"",""coordinates"":[79.37518342056514,11.461469962788359]}"
332_0,0.36,0.1028,1.66,0.62,9.93,0.12138,162.5,7.64,168,0.2167,0.24,10,0.137,7.5,0.269265,0.206655,1.0262867035082057,0.69,270.0,332,360,"2/5/24, 12:00 AM",CUDDALORE,30,2024-12-31T00:00:00,6.9,4.001365,341,320,327,320,1.892037,2024-01-01T00:00:00,30.6129375,Keeranur,"{""geodesic"":false,""type"":""Point"",""coordinates"":[79.37518342056514,11.461469962788359]}"
333_0,0.5,0.2243,0.93,0.46,12.17,0.23924762,113,7.89,154,0.3605,0.18,22.5,0.25533333,6.25,0.34219524,0.26418573,-0.6783094202640267,0.79,270.0,330,348,"3/6/24, 12:00 AM",CUDDALORE,31,2024-12-31T00:00:00,7,4.0091286,361,348,308,304,0.94620216,2024-01-01T00:00:00,30.63516129032258,Kunamangalam,"{""geodesic"":false,""type"":""Point"",""coordinates"":[79.37706988266179,11.439101912213781]}"
334_0,0.25,0.2205381,0.72,0.21,9.38,0.23578095,250,6.8,168,0.3622,0.24,12.5,0.25380477,5.63,0.35353333,0.27394286,-1.9546965022885778,0.99,303.16153,328,345,"2/5/24, 12:00 AM",CUDDALORE,30,2024-12-31T00:00:00,6.8,4.0091286,355,344,317,311,3.3872318,2024-01-01T00:00:00,30.63516129032258,Kunamangalam,"{""geodesic"":false,""type"":""Point"",""coordinates"":[79.37706988266179,11.439371406799017]}"
335_0,0.25,0.19331905,0.98,0.1,9.93,0.21313334,112.5,6.8,168,0.33615714,0.24,6.25,0.23682381,8.13,0.33705714,0.25635237,-1.371461169920247,0.7,270.0,328,345,"2/5/24, 12:00 AM",CUDDALORE,29,2024-12-31T00:00:00,6.9,4.0091286,355,344,317,311,1.891894,2024-01-01T00:00:00,30.63516129032258,Kunamangalam,"{""geodesic"":false,""type"":""Point"",""coordinates"":[79.37706988266179,11.43991039596949]}"
336_0,0.51,0.1492,1.54,0.51,8.7,0.17124091,115,6.19,182,0.29174092,0.3,6.25,0.19065455,6.88,0.29398182,0.21476364,-0.6783185571456071,0.88,270.0,328,345,"3/6/24, 12:00 AM",CUDDALORE,30,2024-12-31T00:00:00,6.8,4.0091286,355,344,317,311,0.9462068,2024-01-01T00:00:00,30.60483870967742,Kunamangalam,"{""geodesic"":false,""type"":""Point"",""coordinates"":[79.3757224097356,11.440449385139962]}"
337_0,0.25,0.17048095,1.07,0.15,8.4,0.1925381,138,7.81,182,0.33174762,0.3,14.38,0.21860476,8.75,0.33354285,0.24531905,8.12745685399813,0.89,-0.0,325,342,"2/5/24, 12:00 AM",CUDDALORE,27,2024-12-31T00:00:00,6.9,4.0091286,362,349,313,309,0.0,2024-01-01T00:00:00,30.63516129032258,Kunamangalam,"{""geodesic"":false,""type"":""Point"",""coordinates"":[79.38111230144033,11.439371406799017]}"
338_0,0.25,0.17048095,0.98,0.3,7.2,0.1925381,175,7.05,196,0.33174762,0.36,8.75,0.21860476,6.25,0.33354285,0.24531905,8.12745685399813,0.63,-0.0,325,342,"2/5/24, 12:00 AM",CUDDALORE,27,2024-12-31T00:00:00,7.2,4.0091286,362,349,313,309,0.0,2024-01-01T00:00:00,30.63516129032258,Kunamangalam,"{""geodesic"":false,""type"":""Point"",""coordinates"":[79.38111230144033,11.439371406799017]}"
339_0,0.25,0.17048095,1.68,0.26,12.16,0.1925381,175,6.8,182,0.33174762,0.3,11.25,0.21860476,7.5,0.33354285,0.24531905,8.12745685399813,0.79,-0.0,325,342,"2/5/24, 12:00 AM",CUDDALORE,27,2024-12-31T00:00:00,7,4.0091286,362,349,313,309,0.0,2024-01-01T00:00:00,30.63516129032258,Kunamangalam,"{""geodesic"":false,""type"":""Point"",""coordinates"":[79.38111230144033,11.439371406799017]}"
340_0,0.5,0.17048095,1.41,0.24,9.91,0.1925381,225,7.13,147,0.33174762,0.12,12.5,0.21860476,6.25,0.33354285,0.24531905,8.12745685399813,0.63,-0.0,325,342,"3/6/24, 12:00 AM",CUDDALORE,27,2024-12-31T00:00:00,7,4.0091286,362,349,313,309,0.0,2024-01-01T00:00:00,30.63516129032258,Kunamangalam,"{""geodesic"":false,""type"":""Point"",""coordinates"":[79.38111230144033,11.439371406799017]}"
341_0,0.41,0.15891905,1.41,0.15,10.23,0.17879048,87.5,5.93,147,0.3085143,0.18,18.75,0.19452381,8.75,0.29903808,0.21967143,4.953789109082281,0.88,45.5747,326,343,"2/5/24, 12:00 AM",CUDDALORE,26,2024-12-31T00:00:00,7,4.0091286,358,346,315,312,1.3247911,2024-01-01T00:00:00,30.63516129032258,Kunamangalam,"{""geodesic"":false,""type"":""Point"",""coordinates"":[79.37976482851414,11.43856292304331]}"
342_0,0.41,0.15891905,1.02,0.46,12.18,0.17879048,212.5,7.87,168,0.3085143,0.24,14.38,0.19452381,10,0.29903808,0.21967143,4.953789109082281,0.63,45.5747,326,343,"2/5/24, 12:00 AM",CUDDALORE,26,2024-12-31T00:00:00,7.2,4.0091286,358,346,315,312,1.3247911,2024-01-01T00:00:00,30.63516129032258,Kunamangalam,"{""geodesic"":false,""type"":""Point"",""coordinates"":[79.37976482851414,11.43856292304331]}"
343_0,0.2,0.13491905,1.42,0.25,10.2,0.16131428,112.5,7.75,168,0.32748094,0.24,12.5,0.18544285,9.38,0.33830953,0.24192858,8.094750420550865,0.64,-0.0,326,343,"2/5/24, 12:00 AM",CUDDALORE,27,2024-12-31T00:00:00,6.8,4.0091286,358,346,315,312,0.0,2024-01-01T00:00:00,30.63516129032258,Kunamangalam,"{""geodesic"":false,""type"":""Point"",""coordinates"":[79.38030381768462,11.438293428458074]}"
344_0,0.2,0.14419167,0.85,0.3,8,0.16051249,120,7.4,72.8,0.36535418,0.3,18.25,0.14760417,8.13,0.27552918,0.188675,-1.4668457968966049,0.89,27.023832,338,351,"2/9/24, 12:00 AM",CUDDALORE,30,2024-12-31T00:00:00,6.2,4.231674,342,334,320,315,2.0814202,2024-01-01T00:00:00,30.555687499999998,Thethambattu,"{""geodesic"":false,""type"":""Point"",""coordinates"":[79.43339425097608,11.392479348967978]}"
345_0,0.51,0.07849545,1.48,0.13,9.87,0.10483636,250,6.28,196,0.30380908,0.36,10,0.105254546,11.8,0.25779545,0.17196818,2.6155701390575956,0.29,243.88835,321,333,"2/9/24, 12:00 AM",CUDDALORE,28,2024-12-31T00:00:00,7.4,4.231674,336,329,343,338,2.1064014,2024-01-01T00:00:00,30.5649375,Thethambattu,"{""geodesic"":false,""type"":""Point"",""coordinates"":[79.429890821368,11.393287832723686]}"
346_0,0.5,0.07849545,1.08,0.17,7.21,0.10483636,112.5,7.9,168,0.30380908,0.24,10,0.105254546,5.63,0.25779545,0.17196818,2.6155701390575956,0.76,243.88835,321,333,"2/21/24, 12:00 AM",CUDDALORE,28,2024-12-31T00:00:00,6.2,4.231674,336,329,343,338,2.1064014,2024-01-01T00:00:00,30.5649375,Thethambattu,"{""geodesic"":false,""type"":""Point"",""coordinates"":[79.429890821368,11.393287832723686]}"
347_0,0.2,0.17228334,0.97,0.36,7.5,0.19289583,125,7.5,67.2,0.30790833,0.24,19.25,0.19800834,8.13,0.262525,0.19866666,0.08390453250552066,0.78,134.42987,338,351,"2/9/24, 12:00 AM",CUDDALORE,27,2024-12-31T00:00:00,6.2,4.231674,342,334,320,315,1.3246833,2024-01-01T00:00:00,30.555687499999998,Thethambattu,"{""geodesic"":false,""type"":""Point"",""coordinates"":[79.43366374556132,11.393287832723686]}"
348_0,0.25,0.12692174,0.96,0.27,9.5,0.16491304,115,7.8,67.2,0.29004782,0.24,19.25,0.19211304,8.75,0.30714348,0.208,1.6445257014499606,1,180.0,323,349,"2/9/24, 12:00 AM",CUDDALORE,33,2024-12-31T00:00:00,6.7,4.231674,382,353,296,298,0.92740995,2024-01-01T00:00:00,30.594967741935484,Thethambattu,"{""geodesic"":false,""type"":""Point"",""coordinates"":[79.429890821368,11.387897941018968]}"
349_0,0.51,0.11277826,1.28,0.18,7.21,0.15434347,137.5,7.87,210,0.29487392,0.42,11.25,0.19353478,6.25,0.31631303,0.23776087,-0.7736702481833767,1.24,152.97672,311,343,"2/21/24, 12:00 AM",CUDDALORE,36,2024-12-31T00:00:00,6.8,4.231674,380,345,309,312,2.0814102,2024-01-01T00:00:00,30.606799999999996,Thethambattu,"{""geodesic"":false,""type"":""Point"",""coordinates"":[79.43123829429419,11.385741984337082]}"
350_0,0.51,0.11277826,1.66,0.21,14.3,0.15434347,137.5,6.46,196,0.29487392,0.36,6.25,0.19353478,5.63,0.31631303,0.23776087,-0.7736702481833767,0.81,152.97672,311,343,"2/21/24, 12:00 AM",CUDDALORE,36,2024-12-31T00:00:00,6.8,4.231674,380,345,309,312,2.0814102,2024-01-01T00:00:00,30.606799999999996,Thethambattu,"{""geodesic"":false,""type"":""Point"",""coordinates"":[79.43123829429419,11.385741984337082]}"
351_0,0.51,0.154544,1.38,0.19,7.46,0.175324,145,8.66,210,0.312336,0.42,8.75,0.17256,5,0.27032802,0.206688,4.323406038288857,0.82,-0.0,340,354,"2/21/24, 12:00 AM",CUDDALORE,26,2024-12-31T00:00:00,6.2,4.231674,355,343,304,303,0.0,2024-01-01T00:00:00,30.606799999999996,Thethambattu,"{""geodesic"":false,""type"":""Point"",""coordinates"":[79.43635869141367,11.391131876041799]}"
352_0,0.51,0.120885715,1.02,0.4,10.21,0.13912381,175,7.82,196,0.30088094,0.36,14.38,0.13458095,11.88,0.25410476,0.17799523,1.4655935474867676,1.03,296.11108,329,340,"2/9/24, 12:00 AM",CUDDALORE,14,2024-12-31T00:00:00,6.9,4.293934,334,328,336,331,2.1064446,2024-01-01T00:00:00,30.55820689655172,Nangudi,"{""geodesic"":false,""type"":""Point"",""coordinates"":[79.50534930523405,11.400564186525054]}"
353_0,0.25,0.13608095,1.41,0.14,8.06,0.15834762,212,7.9,168,0.3330095,0.24,8.75,0.15718572,9.38,0.27278095,0.20155238,-0.6780437663293059,0.64,90.0,319,330,"3/5/24, 12:00 AM",CUDDALORE,17,2024-12-31T00:00:00,6.9,4.293934,340,330,342,340,0.9460752,2024-01-01T00:00:00,30.55820689655172,Nangudi,"{""geodesic"":false,""type"":""Point"",""coordinates"":[79.50696627274547,11.401103175695527]}"
354_0,0.5,0.11090952,1.58,0.25,9.87,0.13184285,112.5,7.81,168,0.30529046,0.24,16.25,0.13595238,9.38,0.26886666,0.1818619,-2.1719992314899357,0.88,63.889126,330,340,"2/9/24, 12:00 AM",CUDDALORE,16,2024-12-31T00:00:00,6.7,4.293934,335,327,335,333,4.2072396,2024-01-01T00:00:00,30.56006896551724,Nangudi,"{""geodesic"":false,""type"":""Point"",""coordinates"":[79.50238486479645,11.402989637792176]}"
355_0,0.51,0.11090952,1.51,0.15,10.18,0.13184285,112.5,7.87,168,0.30529046,0.24,11.25,0.13595238,8.75,0.26886666,0.1818619,-2.1719992314899357,0.88,63.889126,330,340,"3/5/24, 12:00 AM",CUDDALORE,16,2024-12-31T00:00:00,7.4,4.293934,335,327,335,333,4.2072396,2024-01-01T00:00:00,30.56006896551724,Nangudi,"{""geodesic"":false,""type"":""Point"",""coordinates"":[79.50238486479645,11.402989637792176]}"
356_0,0.51,0.10388571,1.32,0.15,9.87,0.124809526,250,6.6,210,0.26959524,0.42,6.25,0.12657619,5,0.23455238,0.15806668,-1.0147619582905552,0.81,225.5711,330,340,"3/5/24, 12:00 AM",CUDDALORE,15,2024-12-31T00:00:00,7.3,4.293934,335,327,335,333,1.3247064,2024-01-01T00:00:00,30.55820689655172,Nangudi,"{""geodesic"":false,""type"":""Point"",""coordinates"":[79.50319334855216,11.402989637792176]}"
357_0,0.36,0.1014381,1.82,0.17,7.12,0.12294762,135,7.89,154,0.25344285,0.18,19.38,0.12330952,10.63,0.22225714,0.15605715,-0.32161235853273135,0.88,45.571026,328,339,"3/5/24, 12:00 AM",CUDDALORE,18,2024-12-31T00:00:00,6.9,4.293934,338,332,334,329,1.3247044,2024-01-01T00:00:00,30.55820689655172,Nangudi,"{""geodesic"":false,""type"":""Point"",""coordinates"":[79.5034628431374,11.40218115403647]}"
358_0,0.2,0.10085,1.2,0.1,10.07,0.12645909,262,7.82,210,0.28274545,0.42,25,0.13317727,7.5,0.26845455,0.18274091,0.08385542176614033,0.85,314.42902,328,339,"3/5/24, 12:00 AM",CUDDALORE,18,2024-12-31T00:00:00,7.6,4.293934,338,332,334,329,1.3247038,2024-01-01T00:00:00,30.55820689655172,Nangudi,"{""geodesic"":false,""type"":""Point"",""coordinates"":[79.5026543593817,11.401911659451233]}"
359_0,0.51,0.10085,1.41,0.6,12.07,0.12645909,87.5,7.64,182,0.28274545,0.3,14.38,0.13317727,8.13,0.26845455,0.18274091,0.08385542176614033,0.82,314.42902,328,339,"2/9/24, 12:00 AM",CUDDALORE,18,2024-12-31T00:00:00,6.8,4.293934,338,332,334,329,1.3247038,2024-01-01T00:00:00,30.55820689655172,Nangudi,"{""geodesic"":false,""type"":""Point"",""coordinates"":[79.5026543593817,11.401911659451233]}"
360_0,0.2,0.1366,1.56,0.22,10.1,0.15478571,137.5,7.75,182,0.33910477,0.3,8.75,0.15322381,6.88,0.29301906,0.19687143,-1.0147664941613495,1.03,45.57122,330,340,"3/5/24, 12:00 AM",CUDDALORE,18,2024-12-31T00:00:00,6.9,4.293934,335,327,335,333,1.324709,2024-01-01T00:00:00,30.55820689655172,Nangudi,"{""geodesic"":false,""type"":""Point"",""coordinates"":[79.5034628431374,11.404067616133121]}"
361_0,0.51,0.13338572,1.58,0.22,10.17,0.15524761,175,6.28,196,0.33815238,0.36,6.25,0.15918571,7.5,0.28898096,0.20541428,1.6593780463666905,0.71,134.42876,314,326,"3/5/24, 12:00 AM",CUDDALORE,16,2024-12-31T00:00:00,7.6,4.293934,343,333,343,341,2.6480048,2024-01-01T00:00:00,30.55820689655172,Nangudi,"{""geodesic"":false,""type"":""Point"",""coordinates"":[79.50885273484212,11.404337110718357]}"
362_0,0.51,0.13347143,0.92,0.22,10.01,0.15784286,125,6.6,168,0.3127619,0.24,12.5,0.16914286,10,0.28530952,0.206,0.9311478989012936,0.85,225.57117,314,326,"3/5/24, 12:00 AM",CUDDALORE,16,2024-12-31T00:00:00,6.8,4.293934,343,333,343,341,1.3247077,2024-01-01T00:00:00,30.55820689655172,Nangudi,"{""geodesic"":false,""type"":""Point"",""coordinates"":[79.5080442510864,11.403528626962649]}"
363_0,0.41,0.13009524,1.02,0.39,9.55,0.15411429,125,7.82,168,0.31640476,0.24,18.75,0.16549048,7.5,0.3085619,0.22259048,1.287790217013826,0.58,180.0,314,326,"2/9/24, 12:00 AM",CUDDALORE,15,2024-12-31T00:00:00,7.5,4.293934,343,333,343,341,0.92740995,2024-01-01T00:00:00,30.55820689655172,Nangudi,"{""geodesic"":false,""type"":""Point"",""coordinates"":[79.5080442510864,11.402989637792176]}"
364_0,0.51,0.14925714,1.41,0.4,10.29,0.17559524,200,5.93,182,0.33264762,0.3,18.75,0.19285238,10,0.33531427,0.24449047,-1.3827712490304322,0.98,14.307365,319,330,"2/9/24, 12:00 AM",CUDDALORE,16,2024-12-31T00:00:00,7.4,4.293934,340,330,342,340,3.8230317,2024-01-01T00:00:00,30.55820689655172,Nangudi,"{""geodesic"":false,""type"":""Point"",""coordinates"":[79.5080442510864,11.402450648621706]}"
365_0,0.25,0.13464285,0.84,0.32,8.21,0.16034763,237,6.8,210,0.31393808,0.42,16.25,0.17681429,8.75,0.32164285,0.23497619,-0.773739499460402,1.02,27.024626,319,330,"3/5/24, 12:00 AM",CUDDALORE,16,2024-12-31T00:00:00,7.5,4.293934,340,330,342,340,2.081435,2024-01-01T00:00:00,30.55820689655172,Nangudi,"{""geodesic"":false,""type"":""Point"",""coordinates"":[79.50858324025688,11.40218115403647]}"
366_0,0.51,0.11255238,1.82,0.33,12.15,0.13351429,150,5.12,182,0.28880477,0.3,12.5,0.13413334,9.38,0.2649381,0.19040953,-1.0148360989009575,0.85,134.42746,327,349,"3/21/24, 12:00 AM",CUDDALORE,35,2024-12-31T00:00:00,7.3,4.0091286,383,364,290,286,1.3247402,2024-01-01T00:00:00,30.632600000000004,Sathamangalam,"{""geodesic"":false,""type"":""Point"",""coordinates"":[79.37006302344565,11.417272850809677]}"
367_0,0.5,0.09870952,0.82,0.31,9.98,0.1195381,240,6.46,182,0.25208095,0.3,6,0.11113334,8.13,0.21595715,0.15292858,-1.371303164105849,1.11,90.0,327,349,"3/21/24, 12:00 AM",CUDDALORE,36,2024-12-31T00:00:00,7.5,4.0091286,383,364,290,286,1.8917421,2024-01-01T00:00:00,30.632600000000004,Sathamangalam,"{""geodesic"":false,""type"":""Point"",""coordinates"":[79.36979352886041,11.417272850809677]}"
368_0,0.41,0.14966522,1.46,0.12,10.12,0.17445217,112.5,7.05,196,0.30642608,0.36,16.25,0.20383044,5.63,0.33779564,0.2608522,-1.7080277284190128,0.69,45.573406,338,360,"3/21/24, 12:00 AM",CUDDALORE,33,2024-12-31T00:00:00,5.6,4.0091286,361,341,302,299,2.6481063,2024-01-01T00:00:00,30.58478571428572,Sathamangalam,"{""geodesic"":false,""type"":""Point"",""coordinates"":[79.368176561349,11.425896677537224]}"
369_0,0.25,0.078135,0.56,0.16,10.18,0.102735,112.5,7.89,154,0.24271,0.18,16.25,0.105605,7.5,0.217245,0.148815,-0.7859991435059871,1.05,243.89284,317,341,"3/19/24, 12:00 AM",CUDDALORE,20,2024-12-31T00:00:00,7.3,4.0988355,345,328,338,331,4.2077928,2024-01-01T00:00:00,30.567612903225818,Devangudi,"{""geodesic"":false,""type"":""Point"",""coordinates"":[79.4358197022432,11.449342706452745]}"
370_0,0.41,0.1124,0.79,0.27,9.23,0.13385001,125,9.56,147,0.3053875,0.12,22.5,0.13070834,8.75,0.2627375,0.18396667,-1.0150703493409072,0.22,45.577007,331,359,"2/5/24, 12:00 AM",CUDDALORE,23,2024-12-31T00:00:00,6.8,4.0379386,347,329,322,313,1.3248456,2024-01-01T00:00:00,30.594133333333332,Devangudi,"{""geodesic"":false,""type"":""Point"",""coordinates"":[79.43123829429419,11.461469962788359]}"
371_0,0.41,0.14277826,0.72,0.63,9.69,0.1668913,115,6.14,182,0.33326522,0.3,13.75,0.17234348,7.5,0.30296087,0.21525653,-1.4792214872965537,0.63,296.1062,331,359,"2/5/24, 12:00 AM",CUDDALORE,24,2024-12-31T00:00:00,6.4,4.0379386,347,329,322,313,2.106809,2024-01-01T00:00:00,30.594133333333332,Devangudi,"{""geodesic"":false,""type"":""Point"",""coordinates"":[79.42935183219754,11.461469962788359]}"
372_0,0.2,0.13448696,1.48,0.1,8.86,0.15848261,212.5,6.6,196,0.3225739,0.36,25,0.1636087,7.5,0.31828696,0.23084782,1.6239004897928595,0.57,152.9705,319,352,"2/5/24, 12:00 AM",CUDDALORE,24,2024-12-31T00:00:00,6.5,4.0379386,359,337,322,311,2.081525,2024-01-01T00:00:00,30.594133333333332,Devangudi,"{""geodesic"":false,""type"":""Point"",""coordinates"":[79.42854334844183,11.461739457373593]}"
373_0,0.2,0.11725714,1.66,0.44,11.723,0.14475238,200,8.54,138,0.32016668,0.12,18.75,0.15593334,5.63,0.29271904,0.20430477,0.2377291197227601,0.81,134.42375,317,350,"3/19/24, 12:00 AM",CUDDALORE,23,2024-12-31T00:00:00,7.3,4.0379386,351,330,331,320,2.64824,2024-01-01T00:00:00,30.59774193548387,Devangudi,"{""geodesic"":false,""type"":""Point"",""coordinates"":[79.43797565892508,11.453924114401755]}"
374_0,0.41,0.11929524,0.84,0.39,9.48,0.1379857,122,9.23,147,0.30050477,0.12,7.5,0.14803809,8.13,0.28554285,0.20489047,-0.6583008579811905,1.29,180.0,312,345,"2/5/24, 12:00 AM",CUDDALORE,24,2024-12-31T00:00:00,6.3,4.0379386,350,329,338,325,0.92740995,2024-01-01T00:00:00,30.59774193548387,Devangudi,"{""geodesic"":false,""type"":""Point"",""coordinates"":[79.4358197022432,11.455002092742697]}"
375_0,0.25,0.08494091,1.42,0.22,9.86,0.10767727,200,7.12,182,0.22997728,0.3,10,0.105645455,11.88,0.18813182,0.12882727,-1.479180929755822,0.85,63.8933,322,349,"3/19/24, 12:00 AM",CUDDALORE,23,2024-12-31T00:00:00,7.5,4.0379386,349,330,329,321,2.1067722,2024-01-01T00:00:00,30.59774193548387,Devangudi,"{""geodesic"":false,""type"":""Point"",""coordinates"":[79.43447222931702,11.455271587327934]}"
376_0,0.3,0.08494091,1.21,0.4,14.5,0.10767727,150,7.87,168,0.22997728,0.24,14.38,0.105645455,5.63,0.18813182,0.12882727,-1.479180929755822,0.98,63.8933,322,349,"3/19/24, 12:00 AM",CUDDALORE,23,2024-12-31T00:00:00,7.3,4.0379386,349,330,329,321,2.1067722,2024-01-01T00:00:00,30.59774193548387,Devangudi,"{""geodesic"":false,""type"":""Point"",""coordinates"":[79.43447222931702,11.455271587327934]}"
377_0,0.2,0.15348695,0.78,0.11,10.21,0.17321305,240,5.93,182,0.30805218,0.3,18.75,0.17603044,7.5,0.28773478,0.20926522,-0.6583367518134615,1.24,-0.0,318,349,"3/19/24, 12:00 AM",CUDDALORE,25,2024-12-31T00:00:00,7.1,4.0379386,356,336,326,316,0.92740995,2024-01-01T00:00:00,30.594133333333332,Devangudi,"{""geodesic"":false,""type"":""Point"",""coordinates"":[79.42881284302707,11.466051370737368]}"
378_0,0.25,0.09202727,1.66,0.46,12.55,0.12315454,175,7.75,182,0.32805908,0.3,14.38,0.13177273,9.38,0.2771818,0.18724091,-1.954806053849244,0.66,56.840164,317,350,"2/5/24, 12:00 AM",CUDDALORE,28,2024-12-31T00:00:00,7.2,4.0379386,351,330,332,320,3.3873854,2024-01-01T00:00:00,30.59774193548387,Devangudi,"{""geodesic"":false,""type"":""Point"",""coordinates"":[79.43635869141367,11.457697038595056]}"
379_0,0.25,0.112118185,1.82,0.21,9.92,0.13367273,130,7.75,210,0.28646365,0.42,19.38,0.14715908,7.5,0.27922273,0.19437273,-0.6783195022157755,0.81,270.0,337,356,"3/19/24, 12:00 AM",CUDDALORE,26,2024-12-31T00:00:00,7.2,4.0988355,329,316,334,328,0.9462077,2024-01-01T00:00:00,30.61858064516129,Kavanur,"{""geodesic"":false,""type"":""Point"",""coordinates"":[79.40590580328202,11.440718879725196]}"
380_0,0.2,0.158125,1.49,0.39,9.3,0.18003334,112.5,5.93,147,0.31902084,0.18,22.5,0.2048625,7.5,0.331725,0.24653333,0.5838075410695984,0.48,101.09114,336,361,"2/5/24, 12:00 AM",CUDDALORE,25,2024-12-31T00:00:00,8.2,4.0988355,325,312,339,327,4.810054,2024-01-01T00:00:00,30.605187499999996,Kavanur,"{""geodesic"":false,""type"":""Point"",""coordinates"":[79.40967872747532,11.432903536753358]}"
381_0,0.25,0.122266665,0.8,0.27,10.17,0.1409625,237.5,6.4,182,0.2756,0.3,18.75,0.1454625,6.88,0.26776248,0.18962917,-1.0149232979645502,0.59,45.574223,341,366,"3/19/24, 12:00 AM",CUDDALORE,25,2024-12-31T00:00:00,5.8,4.0988355,327,313,332,321,1.3247799,2024-01-01T00:00:00,30.585935483870966,Kavanur,"{""geodesic"":false,""type"":""Point"",""coordinates"":[79.40967872747532,11.4339815150943]}"
382_0,0.51,0.122266665,1.09,0.39,11.79,0.1409625,112.5,6.88,210,0.2756,0.42,18.75,0.1454625,5,0.26776248,0.18962917,-1.0149232979645502,0.99,45.574223,341,366,"3/19/24, 12:00 AM",CUDDALORE,25,2024-12-31T00:00:00,7.4,4.0988355,327,313,332,321,1.3247799,2024-01-01T00:00:00,30.585935483870966,Kavanur,"{""geodesic"":false,""type"":""Point"",""coordinates"":[79.40967872747532,11.4339815150943]}"
383_0,0.2,0.123772725,1.02,0.11,10.93,0.14125909,175,7.87,147,0.31380454,0.18,11.25,0.13223636,9.38,0.25106364,0.17700909,-1.7080754448322746,0.48,225.57431,339,364,"2/5/24, 12:00 AM",CUDDALORE,26,2024-12-31T00:00:00,7.7,4.0988355,319,305,342,331,2.6481488,2024-01-01T00:00:00,30.61858064516129,Kavanur,"{""geodesic"":false,""type"":""Point"",""coordinates"":[79.40455833035584,11.434789998850007]}"
384_0,0.2,0.10683,1.35,0.14,7.66,0.13134,250,6.45,210,0.317175,0.42,22.5,0.138145,8.75,0.297515,0.21311,-1.4790572961234059,0.88,243.89172,343,362,"3/19/24, 12:00 AM",CUDDALORE,23,2024-12-31T00:00:00,7.4,4.0988355,325,306,333,332,2.106654,2024-01-01T00:00:00,30.61858064516129,Kavanur,"{""geodesic"":false,""type"":""Point"",""coordinates"":[79.40294136284443,11.435598482605716]}"
385_0,0.51,0.17976087,1.32,0.09,9.72,0.19172174,175,8.58,178,0.28852174,0.32,19.25,0.19924782,7.5,0.26473042,0.20040435,-0.6581966287060262,0.71,180.0,346,368,"3/19/24, 12:00 AM",CUDDALORE,24,2024-12-31T00:00:00,7.3,4.0988355,327,315,327,317,0.92740995,2024-01-01T00:00:00,30.605187499999996,Kavanur,"{""geodesic"":false,""type"":""Point"",""coordinates"":[79.4072532762082,11.425357688366754]}"
386_0,0.2,0.17976087,1.02,0.12,8.7,0.19172174,212.5,6.8,182,0.28852174,0.3,16.25,0.19924782,8.13,0.26473042,0.20040435,-0.6581966287060262,0.96,180.0,346,368,"2/5/24, 12:00 AM",CUDDALORE,24,2024-12-31T00:00:00,6.4,4.0988355,327,315,327,317,0.92740995,2024-01-01T00:00:00,30.605187499999996,Kavanur,"{""geodesic"":false,""type"":""Point"",""coordinates"":[79.4072532762082,11.425357688366754]}"
387_0,0.51,0.19894348,1.69,0.4,12.11,0.21187827,137.5,7.89,182,0.3745565,0.3,25,0.2099087,8.75,0.30931738,0.22329566,0.44039143706969336,0.63,-0.0,330,357,"2/5/24, 12:00 AM",CUDDALORE,25,2024-12-31T00:00:00,7.6,4.0988355,335,318,335,325,0.92740995,2024-01-01T00:00:00,30.605187499999996,Kavanur,"{""geodesic"":false,""type"":""Point"",""coordinates"":[79.41156518957197,11.431286569241943]}"
388_0,0.2,0.08296,1.24,0.28,9.83,0.109405,162.5,6.6,210,0.270645,0.42,6.25,0.115215,7.5,0.25279,0.17118,-0.6783122656854498,0.49,270.0,342,364,"3/19/24, 12:00 AM",CUDDALORE,25,2024-12-31T00:00:00,7.7,4.0988355,334,319,323,317,1.8918922,2024-01-01T00:00:00,30.579032258064526,Kavanur,"{""geodesic"":false,""type"":""Point"",""coordinates"":[79.41991952171428,11.439640901384253]}"
389_0,0.2,0.08296,1.2,0.34,9.89,0.109405,137.5,7.87,182,0.270645,0.3,19.38,0.115215,9.38,0.25279,0.17118,-0.6783122656854498,0.41,270.0,342,364,"2/5/24, 12:00 AM",CUDDALORE,25,2024-12-31T00:00:00,7.6,4.0988355,334,319,323,317,1.8918922,2024-01-01T00:00:00,30.579032258064526,Kavanur,"{""geodesic"":false,""type"":""Point"",""coordinates"":[79.41991952171428,11.439640901384253]}"
390_0,0.5,0.13076667,0.96,0.4,10.87,0.14387143,150,5.93,182,0.39715713,0.3,10,0.1230619,7.5,0.25640476,0.1616,2.8191621762441446,0.63,-0.0,338,359,"2/5/24, 12:00 AM",CUDDALORE,27,2024-12-31T00:00:00,7.9,4.0988355,333,318,329,323,0.0,2024-01-01T00:00:00,30.585935483870966,Kavanur,"{""geodesic"":false,""type"":""Point"",""coordinates"":[79.41156518957197,11.43856292304331]}"
391_0,0.3,0.12297,1.21,0.27,10.68,0.14534,150,6.1,210,0.28761,0.42,14.38,0.160565,7.5,0.28416,0.199835,-0.7738964621889604,1.08,152.97226,339,362,"3/19/24, 12:00 AM",CUDDALORE,24,2024-12-31T00:00:00,6.2,4.0988355,336,318,326,320,2.0814924,2024-01-01T00:00:00,30.61858064516129,Kavanur,"{""geodesic"":false,""type"":""Point"",""coordinates"":[79.41048721123103,11.440179890554726]}"
392_0,0.51,0.17759565,0.82,0.14,12.16,0.18817826,125,7.13,182,0.3271565,0.3,22.5,0.18038261,8.13,0.26249132,0.18292174,-0.2527557041243988,0.57,-0.0,330,357,"3/19/24, 12:00 AM",CUDDALORE,24,2024-12-31T00:00:00,6.9,4.0988355,335,318,335,325,1.8543341,2024-01-01T00:00:00,30.605187499999996,Kavanur,"{""geodesic"":false,""type"":""Point"",""coordinates"":[79.41129569498673,11.431556063827177]}"
393_0,0.25,0.093460865,0.86,0.54,9.92,0.12285652,135,7.13,168,0.3450087,0.24,25,0.116495654,5,0.2705,0.17051739,-1.0148985235512489,0.76,314.42627,331,344,"2/5/24, 12:00 AM",CUDDALORE,21,2024-12-31T00:00:00,6.5,4.0988355,329,319,340,337,1.3247685,2024-01-01T00:00:00,30.623749999999994,Kavanur,"{""geodesic"":false,""type"":""Point"",""coordinates"":[79.4223449729814,11.429130612560055]}"
394_0,0.46,0.093460865,1.66,0.15,9.98,0.12285652,112.5,8.66,182,0.3450087,0.3,19.38,0.116495654,8.13,0.2705,0.17051739,-1.0148985235512489,0.32,314.42627,331,344,"3/19/24, 12:00 AM",CUDDALORE,21,2024-12-31T00:00:00,6.7,4.0988355,329,319,340,337,1.3247685,2024-01-01T00:00:00,30.623749999999994,Kavanur,"{""geodesic"":false,""type"":""Point"",""coordinates"":[79.4223449729814,11.429130612560055]}"
395_0,0.2,0.11562917,1.69,0.53,7.88,0.13476667,213,6.8,196,0.3412125,0.36,10,0.11805833,5,0.23785834,0.1577125,-1.014913009259697,0.88,314.42596,336,361,"3/19/24, 12:00 AM",CUDDALORE,25,2024-12-31T00:00:00,7.4,4.0988355,325,312,339,327,1.3247752,2024-01-01T00:00:00,30.605187499999996,Kavanur,"{""geodesic"":false,""type"":""Point"",""coordinates"":[79.41048721123103,11.431825558412413]}"
396_0,0.2,0.11562917,0.56,0.22,14.32,0.13476667,137.5,8.9,196,0.3412125,0.36,7.5,0.11805833,7.5,0.23785834,0.1577125,-1.014913009259697,1.03,314.42596,336,361,"3/19/24, 12:00 AM",CUDDALORE,25,2024-12-31T00:00:00,6.2,4.0988355,325,312,339,327,1.3247752,2024-01-01T00:00:00,30.605187499999996,Kavanur,"{""geodesic"":false,""type"":""Point"",""coordinates"":[79.41048721123103,11.431825558412413]}"
397_0,0.36,0.11562917,1.6,0.2,10.01,0.13476667,212.5,6.2,165,0.3412125,0.18,14.38,0.11805833,9.38,0.23785834,0.1577125,-1.014913009259697,0.89,314.42596,336,361,"3/19/24, 12:00 AM",CUDDALORE,25,2024-12-31T00:00:00,6.5,4.0988355,325,312,339,327,1.3247752,2024-01-01T00:00:00,30.605187499999996,Kavanur,"{""geodesic"":false,""type"":""Point"",""coordinates"":[79.41048721123103,11.431825558412413]}"
398_0,0.2,0.115009524,1.46,0.27,10.12,0.14005238,130,7.62,147,0.28094763,0.12,7.5,0.16274285,10,0.31504285,0.24816191,2.125946655915511,0.82,-0.0,312,326,"3/19/24, 12:00 AM",CUDDALORE,31,2024-12-31T00:00:00,6.9,4.001365,370,356,318,318,0.0,2024-01-01T00:00:00,30.669724137931027,Karmangudi,"{""geodesic"":false,""type"":""Point"",""coordinates"":[79.35065941330866,11.457158049424583]}"
399_0,0.25,0.115009524,1.2,0.18,7.63,0.14005238,125,7.81,182,0.28094763,0.3,12.5,0.16274285,9.38,0.31504285,0.24816191,2.125946655915511,0.71,-0.0,312,326,"3/19/24, 12:00 AM",CUDDALORE,31,2024-12-31T00:00:00,5.8,4.001365,370,356,318,318,0.0,2024-01-01T00:00:00,30.669724137931027,Karmangudi,"{""geodesic"":false,""type"":""Point"",""coordinates"":[79.35065941330866,11.457158049424583]}"
400_0,0.41,0.115009524,0.56,0.11,8.21,0.14005238,275,7.67,231,0.28094763,0.51,19.38,0.16274285,7.5,0.31504285,0.24816191,2.125946655915511,0.81,-0.0,312,326,"3/19/24, 12:00 AM",CUDDALORE,31,2024-12-31T00:00:00,7.2,4.001365,370,356,318,318,0.0,2024-01-01T00:00:00,30.669724137931027,Karmangudi,"{""geodesic"":false,""type"":""Point"",""coordinates"":[79.35065941330866,11.457158049424583]}"
401_0,0.3,0.115009524,1.25,0.27,7.85,0.14005238,175,6.4,203,0.28094763,0.39,20.25,0.16274285,8.13,0.31504285,0.24816191,2.125946655915511,0.51,-0.0,312,326,"3/19/24, 12:00 AM",CUDDALORE,31,2024-12-31T00:00:00,6.3,4.001365,370,356,318,318,0.0,2024-01-01T00:00:00,30.669724137931027,Karmangudi,"{""geodesic"":false,""type"":""Point"",""coordinates"":[79.35065941330866,11.457158049424583]}"
402_0,0.51,0.12459048,1.02,0.19,9.47,0.1424381,162.5,7.87,182,0.2744238,0.3,18.75,0.1506,10,0.2883381,0.22359523,3.512250240398759,0.98,-0.0,315,331,"2/5/24, 12:00 AM",CUDDALORE,29,2024-12-31T00:00:00,6.8,4.001365,369,354,316,316,0.0,2024-01-01T00:00:00,30.669724137931027,Karmangudi,"{""geodesic"":false,""type"":""Point"",""coordinates"":[79.3501204241382,11.455271587327934]}"
403_0,0.51,0.12459048,1.42,0.31,11.77,0.1424381,125,7.9,196,0.2744238,0.36,16.25,0.1506,8.75,0.2883381,0.22359523,3.512250240398759,0.57,-0.0,315,331,"2/5/24, 12:00 AM",CUDDALORE,29,2024-12-31T00:00:00,6.8,4.001365,369,354,316,316,0.0,2024-01-01T00:00:00,30.669724137931027,Karmangudi,"{""geodesic"":false,""type"":""Point"",""coordinates"":[79.3501204241382,11.455271587327934]}"
404_0,0.36,0.12459048,1.24,0.28,14.32,0.1424381,237,8.64,148,0.2744238,0.18,10,0.1506,5.63,0.2883381,0.22359523,3.512250240398759,1,-0.0,315,331,"2/5/24, 12:00 AM",CUDDALORE,29,2024-12-31T00:00:00,7.4,4.001365,369,354,316,316,0.0,2024-01-01T00:00:00,30.669724137931027,Karmangudi,"{""geodesic"":false,""type"":""Point"",""coordinates"":[79.3501204241382,11.455271587327934]}"
405_0,0.25,0.11280476,1.44,0.28,8.64,0.13005239,262,7.1,148,0.25948095,0.12,23,0.14470953,8.13,0.28897142,0.22084285,-1.587566091486501,0.68,126.31809,312,326,"2/5/24, 12:00 AM",CUDDALORE,30,2024-12-31T00:00:00,7.3,3.899294,370,356,318,318,4.687513,2024-01-01T00:00:00,30.669724137931027,Karmangudi,"{""geodesic"":false,""type"":""Point"",""coordinates"":[79.34985092955296,11.45554108191317]}"
406_0,0.25,0.118357144,1.32,0.27,9.86,0.13833334,212,7.68,155,0.2871476,0.12,25,0.14619523,6.88,0.293,0.22150476,-1.0150401100766873,1.02,134.42358,312,326,"2/5/24, 12:00 AM",CUDDALORE,28,2024-12-31T00:00:00,7.1,4.001365,370,356,318,318,2.648248,2024-01-01T00:00:00,30.669724137931027,Karmangudi,"{""geodesic"":false,""type"":""Point"",""coordinates"":[79.3501204241382,11.45554108191317]}"
407_0,0.3,0.12459048,1.24,0.26,9.27,0.1424381,225,6.88,138,0.2744238,0.09,10,0.1506,7.5,0.2883381,0.22359523,3.512250240398759,1.04,-0.0,315,331,"2/5/24, 12:00 AM",CUDDALORE,29,2024-12-31T00:00:00,7.4,4.001365,369,354,316,316,0.0,2024-01-01T00:00:00,30.669724137931027,Karmangudi,"{""geodesic"":false,""type"":""Point"",""coordinates"":[79.3501204241382,11.455271587327934]}"
408_0,0.5,0.14017391,0.61,0.54,10.15,0.16490218,375,5.24,130,0.32068914,0.3,23.1,0.20380434,4.1,0.36765218,0.2709326,-0.6782901464266585,0.72,270.0,348,345,"1/9/24, 12:00 AM",CUDDALORE,84,2024-12-31T00:00:00,8.84,3.3910737,350,357,302,298,0.94619286,2024-01-01T00:00:00,30.9269,Korakkai,"{""geodesic"":false,""type"":""Point"",""coordinates"":[79.04747800491833,11.436406966361423]}"
409_0,0.25,0.07093774,0.89,0.18,8.77,0.10074717,275,8.66,173,0.29315472,0.26,19.38,0.114290565,8.13,0.2932283,0.20547359,-0.6589204574178734,0.89,180.0,302,288,"2/8/24, 12:00 AM",CUDDALORE,68,2024-12-31T00:00:00,7.4,3.6248455,396,403,303,308,0.92740995,2024-01-01T00:00:00,30.781692307692303,Kattuparur,"{""geodesic"":false,""type"":""Point"",""coordinates"":[79.24879046008951,11.63232952982789]}"
410_0,0.5,0.22855455,1.25,0.3,8.5,0.24598181,162.5,7.86,196,0.39447728,0.36,22.5,0.27095,8.75,0.44150454,0.36111364,-1.0643488407944712,0.63,-0.0,328,324,"2/22/24, 12:00 AM",CUDDALORE,69,2024-12-31T00:00:00,7,3.7082067,372,370,300,306,2.7802885,2024-01-01T00:00:00,30.768358974358982,Kattuparur,"{""geodesic"":false,""type"":""Point"",""coordinates"":[79.25876175974324,11.622358230174164]}"
411_0,0.71,0.100144945,1.34,0.26,10.64,0.11613146,337.5,8.2,189,0.2669899,0.33,37.5,0.11692135,10.63,0.25768653,0.1825191,-1.7090177231139594,0.81,45.592426,300,309,"2/23/24, 12:00 AM",CUDDALORE,61,2024-12-31T00:00:00,4.81,3.6248455,374,367,327,324,2.6490023,2024-01-01T00:00:00,30.83872222222222,Siruvambur,"{""geodesic"":false,""type"":""Point"",""coordinates"":[79.22130201239545,11.612386930520437]}"
412_0,0.629,0.09759474,1.216,0.22,11.043,0.11496842,489,7.715,190,0.26176843,0.33,12.5,0.11610526,16.842,0.24455263,0.16036843,-0.27181088664294234,0.568,270.0,336,341,"3/20/24, 12:00 AM",CUDDALORE,8,2024-12-31T00:00:00,7.76,4.618501,331,329,332,330,1.8909049,2024-01-01T00:00:00,30.586580645161288,Vetchiyur,"{""geodesic"":false,""type"":""Point"",""coordinates"":[79.61799804186263,11.290879890334061]}"
413_0,0.5,0.11531739,0.85,0.17,12.36,0.1341913,250,6.26,90,0.33851305,0.33,21,0.12638696,4.1,0.2779261,0.18553044,-0.7747100698260397,1.05,207.04358,315,328,"2/19/24, 12:00 AM",CUDDALORE,37,2024-12-31T00:00:00,5.56,4.3789372,387,376,297,296,2.081786,2024-01-01T00:00:00,30.648777777777777,Krishnankuppam,"{""geodesic"":false,""type"":""Point"",""coordinates"":[79.63605417907344,11.632060035242654]}"
414_0,0.2,0.07227895,0.56,0.15,9.82,0.09042632,138,6.5,175,0.26065263,0.27,24,0.08522632,5.63,0.21708421,0.14511053,-0.6585359137557845,1.31,180.0,342,341,"2/6/24, 12:00 AM",CUDDALORE,43,2024-12-31T00:00:00,5.6,3.6978943,381,378,277,281,0.92740995,2024-01-01T00:00:00,30.65725,Manavalanallur,"{""geodesic"":false,""type"":""Point"",""coordinates"":[79.28894515328966,11.522106244466425]}"
415_0,0.267,0.17322105,0.847,0.19,9.457,0.1896,625,6.211,178,0.35942104,0.36,12.5,0.18422632,16.05,0.3133421,0.23669474,-1.0166784564835272,0.427,225.60797,331,354,"1/24/24, 12:00 AM",CUDDALORE,21,2024-12-31T00:00:00,8.02,4.609324,338,321,331,325,1.3255763,2024-01-01T00:00:00,30.526074074074078,Chittarasur,"{""geodesic"":false,""type"":""Point"",""coordinates"":[79.63416771697679,11.762764909082046]}"
417_0,0.5,0.10306191,0.56,0.19,9.31,0.12635714,150,6.01,173,0.29691666,0.42,33,0.12738572,4.1,0.3037,0.2139,0.65725291009733,0.75,251.90732,345,336,"3/19/24, 12:00 AM",CUDDALORE,85,2024-12-31T00:00:00,8.2,3.3910737,363,366,292,298,2.9838583,2024-01-01T00:00:00,30.853222222222225,Endal T.,"{""geodesic"":false,""type"":""Point"",""coordinates"":[79.02942186770753,11.44179685806614]}"
418_0,0.73,0.091975,0.71,0.42,16.54,0.1167125,262.5,8.37,255.5,0.30651668,0.66,33.13,0.1135125,16.88,0.2531625,0.1644875,-1.4671599276518437,1.19,152.97005,300,321,"2/28/24, 12:00 AM",CUDDALORE,17,2024-12-31T00:00:00,8.11,4.355062,378,360,322,319,2.0815334,2024-01-01T00:00:00,30.559000000000008,Nellikollai,"{""geodesic"":false,""type"":""Point"",""coordinates"":[79.53472421502475,11.467129349078311]}"
419_0,0.4,0.16883157,1.29,0.04,14.13,0.18611053,111,7.96,35,0.36417368,0.12,59,0.19184211,18,0.31972104,0.23757894,-2.093307706513352,0.84,103.77123,322,336,"1/10/24, 12:00 AM",CUDDALORE,74,2024-12-31T00:00:00,5.47,3.982774,383,369,296,295,3.8902812,2024-01-01T00:00:00,30.662000000000006,Pelandurai,"{""geodesic"":false,""type"":""Point"",""coordinates"":[79.28517222909636,11.37280624424576]}"
420_0,0.5,0.11609091,0.82,0.26,8.31,0.13029091,237,5.26,125,0.2647409,0.42,23.1,0.12662272,8.3,0.24124545,0.16568182,-1.0833807192759317,0.82,90.0,330,335,"3/13/24, 12:00 AM",CUDDALORE,6,2024-12-31T00:00:00,7.28,4.487395,319,311,352,353,2.8359797,2024-01-01T00:00:00,30.666999999999998,Poolamedu,"{""geodesic"":false,""type"":""Point"",""coordinates"":[79.66542908886414,11.382508049314252]}"
421_0,0.42,0.08259432,0.51,0.12,4.13,0.10739659,135.85,1.98,123.5,0.28642386,0.27,26.68,0.12226477,18.7,0.26209658,0.17824659,-1.9471088586651344,0.34,34.225338,344,359,"2/23/24, 12:00 AM",CUDDALORE,61,2024-12-31T00:00:00,7.9,3.650546,378,361,278,280,3.36136,2024-01-01T00:00:00,30.86,Nidhinatham,"{""geodesic"":false,""type"":""Point"",""coordinates"":[79.1757574274906,11.467398843663547]}"
422_0,0.5,0.0759381,0.75,0.66,7.65,0.098371424,328,5.31,108,0.32903334,0.36,23.1,0.07433333,8.3,0.19222857,0.10982857,-1.3827302087206,0.82,194.30682,315,310,"3/14/24, 12:00 AM",CUDDALORE,4,2024-12-31T00:00:00,7.14,4.4413977,328,330,356,360,3.8230226,2024-01-01T00:00:00,30.569750000000003,Nakkaravanthangudi,"{""geodesic"":false,""type"":""Point"",""coordinates"":[79.71205165210995,11.391401370627035]}"
423_0,0.5,0.1400375,1.21,0.21,11.21,0.16054167,344,6.28,138,0.35970834,0.36,12.5,0.15742916,8.3,0.3041875,0.201225,-1.4783154687005635,0.85,63.88233,339,352,"3/20/24, 12:00 AM",CUDDALORE,9,2024-12-31T00:00:00,5.8,4.582335,305,301,356,347,2.1059504,2024-01-01T00:00:00,30.340162162162162,Tiruchinnapuram,"{""geodesic"":false,""type"":""Point"",""coordinates"":[79.55520580350269,11.31755985427241]}"
424_0,0.5,0.10956905,1,0.11,10.24,0.12926428,375,4.27,98,0.2523607,0.36,9,0.14103928,4.1,0.24452977,0.1906631,0.7716480948915411,0.3,63.899143,317,319,"3/20/24, 12:00 AM",CUDDALORE,52,2024-12-31T00:00:00,9.38,3.56644,369,370,314,311,4.208736,2024-01-01T00:00:00,30.927575757575756,T. Poudaiyur,"{""geodesic"":false,""type"":""Point"",""coordinates"":[79.20836627230413,11.528035125341614]}"
425_0,0.5,0.06369474,0.75,0.09,10.13,0.08359474,385,5.21,120,0.29968947,0.27,9.4,0.07014737,4.1,0.21277368,0.13298948,-0.7742993509976186,1.06,152.96445,317,334,"2/16/24, 12:00 AM",CUDDALORE,16,2024-12-31T00:00:00,7.77,4.410207,352,340,331,326,2.0816374,2024-01-01T00:00:00,30.751272727272724,Arangamangalam,"{""geodesic"":false,""type"":""Point"",""coordinates"":[79.57353143529872,11.535311479142983]}"
426_0,0.565,0.09628,0.939,0.3,10.527,0.12745,212,7.513,168,0.32828,0.27,10,0.1215,12.368,0.293715,0.19841,-2.276932177393809,0.689,217.4628,371,397,"2/29/24, 12:00 AM",CUDDALORE,43,2024-12-31T00:00:00,8.23,4.3971405,362,341,267,262,4.6636524,2024-01-01T00:00:00,30.543419354838708,Alagapperumalkuppam,"{""geodesic"":false,""type"":""Point"",""coordinates"":[79.4748964171024,11.837145414607141]}"
427_0,0.5,0.13015443,0.75,0.2,8.26,0.14888355,359,6.35,130,0.28490254,0.36,21,0.15770507,8.3,0.28014177,0.2120924,-0.36870060401097926,0.82,27.032963,318,325,"1/3/24, 12:00 AM",CUDDALORE,56,2024-12-31T00:00:00,8.9,3.4041796,380,373,302,302,2.0815892,2024-01-01T00:00:00,30.87994117647059,T. Poudaiyur,"{""geodesic"":false,""type"":""Point"",""coordinates"":[79.18788468382621,11.503780612670388]}"
428_0,0.392,0.08920244,0.847,0.21,11.14,0.10859146,597,6.823,173,0.2265622,0.27,12.5,0.1268183,13.68,0.25933048,0.20139635,-1.0155204180800002,0.598,225.58568,315,312,"3/21/24, 12:00 AM",CUDDALORE,63,2024-12-31T00:00:00,7.87,3.4041796,373,375,312,313,1.3250502,2024-01-01T00:00:00,30.93163636363636,Nagar,"{""geodesic"":false,""type"":""Point"",""coordinates"":[79.17548793290537,11.546630251722888]}"
429_0,0.5,0.07577143,0.86,0.19,10.22,0.09124286,312,5.12,123,0.25851905,0.42,23,0.07331429,4.1,0.18556191,0.11148095,-1.3725884256545167,0.92,90.0,303,321,"2/22/24, 12:00 AM",CUDDALORE,25,2024-12-31T00:00:00,6.493,4.27471,371,359,326,320,1.8929703,2024-01-01T00:00:00,30.58451428571428,Kesavanarayanapuram,"{""geodesic"":false,""type"":""Point"",""coordinates"":[79.63416771697679,11.599990179599589]}"
430_0,0.5,0.10577826,0.63,0.09,11.26,0.1263087,359,4.36,88,0.3788435,0.5,21,0.10949565,8.3,0.26042607,0.16628696,-0.7873525962575806,1.01,296.09,351,377,"2/19/24, 12:00 AM",CUDDALORE,37,2024-12-31T00:00:00,5.28,4.6911206,348,326,301,298,2.1080248,2024-01-01T00:00:00,30.519096774193553,Puliyur East,"{""geodesic"":false,""type"":""Point"",""coordinates"":[79.67135796973933,11.661973934203836]}"
431_0,0.5,0.1208125,1.14,0.26,7.18,0.14701666,375,5.13,141,0.32782084,0.36,30,0.15484166,10.73,0.3166375,0.21269584,-0.6581112583202067,0.56,180.0,293,308,"1/10/24, 12:00 AM",CUDDALORE,13,2024-12-31T00:00:00,6.9,4.3748055,352,341,355,351,1.8543341,2024-01-01T00:00:00,30.48400000000001,Velliyakudi,"{""geodesic"":false,""type"":""Point"",""coordinates"":[79.5538583305765,11.40083368111029]}"
432_0,0.5,0.11601429,0.44,0.19,8.03,0.1340881,187,4.03,73,0.33008572,0.27,18.9,0.13415477,4.1,0.26771906,0.1835,0.776600851088246,0.6,225.57864,309,323,"3/15/24, 12:00 AM",CUDDALORE,60,2024-12-31T00:00:00,9.22,3.5048034,370,355,321,322,1.324884,2024-01-01T00:00:00,30.856756756756752,Niramani,"{""geodesic"":false,""type"":""Point"",""coordinates"":[79.14126212058041,11.477370143317273]}"
433_0,0.5,0.15140526,0.98,0.16,11.21,0.17325263,212,5.36,120,0.3586421,0.39,16.8,0.15937895,4.1,0.2941842,0.20549473,-1.8128920841179612,0.65,18.803743,335,361,"3/1/24, 12:00 AM",CUDDALORE,14,2024-12-31T00:00:00,6.12,4.5885277,339,322,326,317,2.9367766,2024-01-01T00:00:00,30.484125000000002,Tottappattu,"{""geodesic"":false,""type"":""Point"",""coordinates"":[79.73630616478118,11.77677862751431]}"
434_0,0.48,0.0956325,0.8,0.36,9.3,0.1193,325,6.26,262,0.287045,0.69,37.5,0.1217,11.25,0.28671,0.2146825,1.7390937638514772,0.66,180.0,307,303,"1/30/24, 12:00 AM",CUDDALORE,60,2024-12-31T00:00:00,8.23,3.7524238,379,377,314,320,1.8543341,2024-01-01T00:00:00,30.752594594594594,Parur,"{""geodesic"":false,""type"":""Point"",""coordinates"":[79.2547193409647,11.59594776082105]}"
435_0,0.438,0.10263412,1.174,0.11,12.942,0.117254116,240,8.232,158,0.23254353,0.21,15.6,0.13525765,14.474,0.29075766,0.21728589,-1.812049440072231,0.887,161.20985,316,325,"3/19/24, 12:00 AM",CUDDALORE,63,2024-12-31T00:00:00,7.88,3.3938396,384,374,300,302,2.93654,2024-01-01T00:00:00,30.825000000000006,Nallur,"{""geodesic"":false,""type"":""Point"",""coordinates"":[79.18977114592286,11.56091346474039]}"
436_0,0.47,0.15598421,1.41,0.29,6.35,0.17799474,181,3.28,147.5,0.27721053,0.28,11,0.20462105,5.94,0.32604736,0.27726316,1.1323073665602998,0.84,-0.0,322,350,"3/13/24, 12:00 AM",CUDDALORE,31,2024-12-31T00:00:00,6.68,4.649809,367,343,312,307,0.92740995,2024-01-01T00:00:00,30.665533333333332,Manappakkam,"{""geodesic"":false,""type"":""Point"",""coordinates"":[79.50966121859783,11.78324649755997]}"
437_0,0.5,0.11042609,0.69,0.33,10.21,0.13651304,594,5.16,123,0.36108696,0.27,23.1,0.12229565,8.3,0.25711304,0.16073912,-0.677567635445938,0.71,90.0,331,345,"2/1/24, 12:00 AM",CUDDALORE,9,2024-12-31T00:00:00,7.3,4.582335,301,295,367,361,1.8911798,2024-01-01T00:00:00,30.483085714285703,Rayanallur,"{""geodesic"":false,""type"":""Point"",""coordinates"":[79.56005670603693,11.332382056460382]}"
438_0,0.5,0.098733336,0.72,0.29,10.02,0.12003809,250,5.61,131,0.31887618,0.39,23.1,0.112500004,4.1,0.25215238,0.17319524,5.12560099788036,0.65,134.41833,305,321,"2/13/24, 12:00 AM",CUDDALORE,17,2024-12-31T00:00:00,7.6,4.299684,362,345,333,334,2.648495,2024-01-01T00:00:00,30.483771428571423,Kolakkudi,"{""geodesic"":false,""type"":""Point"",""coordinates"":[79.53391573126905,11.507284042278453]}"
439_0,0.6,0.075394444,1.4,0.33,6.21,0.106572226,236,3.25,143,0.29575,0.16,5,0.1112,7.19,0.3172,0.22903334,4.675772007724419,0.93,90.0,323,350,"3/13/24, 12:00 AM",CUDDALORE,31,2024-12-31T00:00:00,6.69,4.649809,380,354,297,295,0.9473887,2024-01-01T00:00:00,30.66006451612903,Manappakkam,"{""geodesic"":false,""type"":""Point"",""coordinates"":[79.51316464820589,11.788636389264688]}"
440_0,0.5,0.12420952,0.65,0.18,11.36,0.15198572,297,5.21,115,0.2739095,0.24,21,0.1725,8.3,0.30106667,0.24874762,-1.7574147453409747,0.75,180.0,302,324,"1/24/24, 12:00 AM",CUDDALORE,25,2024-12-31T00:00:00,6.97,4.27471,368,352,330,323,2.7802885,2024-01-01T00:00:00,30.58451428571428,Tambipettai,"{""geodesic"":false,""type"":""Point"",""coordinates"":[79.62958630902779,11.59918169584388]}"
441_0,0.5,0.12420952,0.81,0.083,12.31,0.15198572,312,6.32,88,0.2739095,0.36,23,0.1725,4.1,0.30106667,0.24874762,-1.7574147453409747,0.75,180.0,302,324,"2/22/24, 12:00 AM",CUDDALORE,25,2024-12-31T00:00:00,5.104,4.27471,368,352,330,323,2.7802885,2024-01-01T00:00:00,30.58451428571428,Tambipettai,"{""geodesic"":false,""type"":""Point"",""coordinates"":[79.62958630902779,11.59918169584388]}"
442_0,0.2,0.108247824,1.32,0.43,11.79,0.13267826,162.5,7.62,196,0.2879652,0.36,11.25,0.13908696,7.5,0.26551303,0.17906521,-1.756946452914091,0.57,180.0,313,325,"2/6/24, 12:00 AM",CUDDALORE,15,2024-12-31T00:00:00,7.8,4.355062,372,359,315,316,2.7802885,2024-01-01T00:00:00,30.5959375,Nellikollai,"{""geodesic"":false,""type"":""Point"",""coordinates"":[79.53364623668382,11.464703897811187]}"
443_0,0.5,0.13713479,0.59,0.6,12.06,0.16343479,200,6.14,88,0.31226522,0.3,21,0.17251739,4.1,0.2982478,0.20374782,-1.9463535527407856,0.6,34.20984,305,318,"3/13/24, 12:00 AM",CUDDALORE,6,2024-12-31T00:00:00,8.73,4.582335,327,318,368,364,3.3607433,2024-01-01T00:00:00,30.608758620689663,Elleri West,"{""geodesic"":false,""type"":""Point"",""coordinates"":[79.5891621212424,11.30192916832873]}"
444_0,0.5,0.08907143,0.65,0.4,12.01,0.11848095,437,5.98,105,0.29136428,0.3,33.3,0.13010238,4.1,0.27452382,0.19122618,0.42055754188776723,0.65,90.0,331,314,"1/10/24, 12:00 AM",CUDDALORE,79,2024-12-31T00:00:00,7.63,3.3910737,359,373,310,313,0.9460789,2024-01-01T00:00:00,30.842888888888897,Vagaiyur,"{""geodesic"":false,""type"":""Point"",""coordinates"":[79.0434355861398,11.40218115403647]}"
445_0,0.3,0.099803485,1.19,0.15,15.19,0.11791279,188,7.93,168,0.22115232,0.45,12.5,0.12999302,15.5,0.24568023,0.19013953,-1.372280417309627,0.83,270.0,322,330,"1/19/24, 12:00 AM",CUDDALORE,64,2024-12-31T00:00:00,8.43,3.3938396,375,365,304,305,1.8926754,2024-01-01T00:00:00,30.923764705882355,Periyanesalur,"{""geodesic"":false,""type"":""Point"",""coordinates"":[79.17467944914965,11.55633205679138]}"
446_0,0.5,0.12472941,0.81,0.21,13.22,0.14070882,385,5.16,88,0.28764412,0.33,33,0.13800295,8.3,0.2447647,0.17285,0.46666727524452445,0.62,116.10588,344,362,"3/20/24, 12:00 AM",CUDDALORE,46,2024-12-31T00:00:00,9.07,3.7461221,389,374,267,264,2.106834,2024-01-01T00:00:00,30.689575757575753,Sirumangalam,"{""geodesic"":false,""type"":""Point"",""coordinates"":[79.21968504488405,11.465512381566896]}"
447_0,0.5,0.14814048,0.59,0.2,10.18,0.16577858,328,4.68,85,0.25204763,0.27,25,0.17893095,4.1,0.3120714,0.26713333,-1.7772191221389253,0.62,90.0,305,320,"1/5/24, 12:00 AM",CUDDALORE,64,2024-12-31T00:00:00,9,3.5048034,370,357,324,323,2.8369708,2024-01-01T00:00:00,30.783500000000004,Niramani,"{""geodesic"":false,""type"":""Point"",""coordinates"":[79.13452475594951,11.481682056681047]}"
448_0,0.5,0.15772608,0.92,0.43,10.29,0.16917826,250,4.98,248,0.26575217,0.33,23,0.17887826,4.1,0.2795913,0.23749131,1.0784628495868722,0.55,161.21222,308,322,"2/29/24, 12:00 AM",CUDDALORE,58,2024-12-31T00:00:00,7.17,3.8134,375,359,317,319,2.9364986,2024-01-01T00:00:00,30.696484848484847,Ka.Elamangalam,"{""geodesic"":false,""type"":""Point"",""coordinates"":[79.34877295121201,11.522914728222133]}"
449_0,0.726,0.09378421,1.284,0.28,11.25,0.11477895,477,8.821,185,0.28967896,0.3,15.6,0.10989474,20.789,0.24557368,0.16868947,-2.4261627665286007,0.229,31.460003,337,341,"3/20/24, 12:00 AM",CUDDALORE,11,2024-12-31T00:00:00,7.87,4.618501,328,326,335,333,5.4203825,2024-01-01T00:00:00,30.586580645161288,Vetchiyur,"{""geodesic"":false,""type"":""Point"",""coordinates"":[79.62015399854452,11.290610395748825]}"
450_0,0.5,0.100033335,0.55,0.63,10.76,0.12556191,225,5.36,140,0.39070475,0.3,25,0.103190474,4.1,0.26658097,0.16452381,-1.0638706191562002,0.59,-0.0,308,326,"2/9/24, 12:00 AM",CUDDALORE,11,2024-12-31T00:00:00,7.58,4.2665224,316,312,375,361,2.7802885,2024-01-01T00:00:00,30.603600000000004,Vadakkuthittai,"{""geodesic"":false,""type"":""Point"",""coordinates"":[79.63847963034057,11.48545498087435]}"
451_0,0.5,0.124495454,0.89,0.15,10.5,0.15011819,212,5.2,138,0.32191363,0.33,37.5,0.15484546,4.1,0.32112274,0.24462727,-1.3720178508553322,0.86,270.0,326,342,"2/19/24, 12:00 AM",CUDDALORE,23,2024-12-31T00:00:00,6.37,4.299684,364,349,310,309,1.8924246,2024-01-01T00:00:00,30.62971428571428,Karunguli,"{""geodesic"":false,""type"":""Point"",""coordinates"":[79.54361753633754,11.51914180402883]}"
452_0,0.36,0.13581428,0.82,0.17,8.5,0.16002858,150,6.4,224,0.33249524,0.48,19.38,0.1589381,5.63,0.30667144,0.20997143,-1.7083277738411702,0.89,134.42082,314,328,"2/6/24, 12:00 AM",CUDDALORE,38,2024-12-31T00:00:00,5.7,3.7538059,391,375,295,298,2.648378,2024-01-01T00:00:00,30.68050000000001,Sathukudal (Melpathi),"{""geodesic"":false,""type"":""Point"",""coordinates"":[79.28544172368159,11.48276003502199]}"
453_0,0.51,0.13581428,1.68,0.2,12.17,0.16002858,150,7.89,182,0.33249524,0.3,14.38,0.1589381,6.88,0.30667144,0.20997143,-1.7083277738411702,0.48,134.42082,314,328,"2/6/24, 12:00 AM",CUDDALORE,38,2024-12-31T00:00:00,6.1,3.7538059,391,375,295,298,2.648378,2024-01-01T00:00:00,30.68050000000001,Sathukudal (Melpathi),"{""geodesic"":false,""type"":""Point"",""coordinates"":[79.28544172368159,11.48276003502199]}"
454_0,0.5,0.13295263,0.71,0.56,12.15,0.16175263,137,5.31,123,0.32513684,0.36,51,0.18081579,4.1,0.3768579,0.31039473,1.287043970594659,0.85,45.586136,322,332,"2/16/24, 12:00 AM",CUDDALORE,1,2024-12-31T00:00:00,7.31,4.399262,323,313,355,355,1.3250608,2024-01-01T00:00:00,30.746000000000002,Silambimangalam,"{""geodesic"":false,""type"":""Point"",""coordinates"":[79.73280273517311,11.551211659671898]}"
455_0,0.256,0.1227,0.653,0.3,6.123,0.148,477,6.448,193,0.32408422,0.3,15.6,0.15951578,15.526,0.33414736,0.23262104,0.3722263579589616,0.574,134.44226,336,354,"3/7/24, 12:00 AM",CUDDALORE,8,2024-12-31T00:00:00,7.98,4.618501,334,326,329,320,1.3243915,2024-01-01T00:00:00,30.534533333333332,Puliyangudi (Mannargudi),"{""geodesic"":false,""type"":""Point"",""coordinates"":[79.60236735591896,11.269589818100428]}"
456_0,0.5,0.1102,1.46,0.46,11.79,0.1296619,137.5,6.16,182,0.29958096,0.3,12.5,0.12728572,8.13,0.27017143,0.1840381,-0.678075677823415,0.82,270.0,320,338,"2/9/24, 12:00 AM",CUDDALORE,17,2024-12-31T00:00:00,7.3,4.293934,343,330,338,332,0.94609004,2024-01-01T00:00:00,30.56006896551724,Nangudi,"{""geodesic"":false,""type"":""Point"",""coordinates"":[79.5026543593817,11.405684583644536]}"
458_0,0.188,0.078195,0.796,0.67,8.374,0.103775,569,5.537,173,0.276275,0.24,10,0.104025,16.32,0.25246,0.16847,-1.9466635994741142,0.425,34.216183,320,314,"1/24/24, 12:00 AM",CUDDALORE,8,2024-12-31T00:00:00,7,4.487395,317,316,363,369,3.3609955,2024-01-01T00:00:00,30.654965517241383,C.Vakkaramari,"{""geodesic"":false,""type"":""Point"",""coordinates"":[79.66704605637557,11.370111298393402]}"
459_0,0.57,0.08676053,1.67,0.11,5.18,0.110526316,83,3.17,175,0.34878948,0.28,16,0.096310526,5,0.25126317,0.15415527,2.0283344443318923,0.55,134.4013,299,321,"3/20/24, 12:00 AM",CUDDALORE,91,2024-12-31T00:00:00,4.82,4.2817693,378,359,323,320,1.3253572,2024-01-01T00:00:00,30.487588235294115,Kilkangeyankuppam,"{""geodesic"":false,""type"":""Point"",""coordinates"":[79.48594569509707,11.67329270678374]}"
460_0,0.5,0.144745,0.68,0.63,11.15,0.1696,212,5.06,160,0.371575,0.27,37.5,0.158295,4.1,0.28245,0.19679,-1.4792889853118683,0.69,243.89468,291,305,"2/14/24, 12:00 AM",CUDDALORE,10,2024-12-31T00:00:00,7.08,4.4323535,346,337,363,359,2.1068757,2024-01-01T00:00:00,30.579785714285713,Uluthur,"{""geodesic"":false,""type"":""Point"",""coordinates"":[79.58134677827056,11.472519240783027]}"
461_0,0.409,0.08920244,0.814,0.29,10.21,0.10859146,514,6.292,168,0.2265622,0.24,10,0.1268183,15,0.25933048,0.20139635,-1.0155204180800002,0.604,225.58568,315,312,"3/21/24, 12:00 AM",CUDDALORE,63,2024-12-31T00:00:00,7.95,3.4041796,373,375,312,313,1.3250502,2024-01-01T00:00:00,30.93163636363636,Nagar,"{""geodesic"":false,""type"":""Point"",""coordinates"":[79.17548793290537,11.546630251722888]}"
462_0,0.42,0.095582925,0.796,0.27,10.27,0.1111939,569,6.665,178,0.19570366,0.27,8.8,0.12603171,12.9,0.23710732,0.19842927,2.8187849713721955,0.617,-0.0,318,312,"3/21/24, 12:00 AM",CUDDALORE,61,2024-12-31T00:00:00,7.85,3.4041796,374,378,308,310,0.0,2024-01-01T00:00:00,30.93163636363636,Nagar,"{""geodesic"":false,""type"":""Point"",""coordinates"":[79.17629641666107,11.546091262552416]}"
463_0,0.21,0.120430954,0.64,0.1,4.31,0.15232381,233.17,2.31,115.6,0.34202382,0.2,12.35,0.17836905,6.25,0.33553332,0.24690953,-2.0758643552481097,0.59,165.69334,322,343,"2/29/24, 12:00 AM",CUDDALORE,63,2024-12-31T00:00:00,8.1,3.7742417,366,353,313,304,3.8230195,2024-01-01T00:00:00,30.75725,Pattur,"{""geodesic"":false,""type"":""Point"",""coordinates"":[79.15527583901267,11.387897941018968]}"
464_0,0.5,0.09727805,0.52,0.29,10.58,0.120709755,225,4.18,80,0.27293658,0.27,25,0.1294195,4.1,0.25255853,0.17679513,0.6001214893520709,0.59,296.1049,325,338,"1/3/24, 12:00 AM",CUDDALORE,59,2024-12-31T00:00:00,8.83,3.5048034,358,349,316,314,2.1069074,2024-01-01T00:00:00,30.801611111111104,Poolambadi,"{""geodesic"":false,""type"":""Point"",""coordinates"":[79.13236879926762,11.477909132487746]}"
465_0,0.5,0.1648925,0.61,0.25,12.12,0.1744775,150,6.3,113,0.312985,0.33,23.1,0.1677275,4.1,0.27642,0.19439,-0.7292157942409594,0.81,71.90896,328,345,"1/9/24, 12:00 AM",CUDDALORE,59,2024-12-31T00:00:00,7.98,3.5048034,367,352,305,303,2.9841201,2024-01-01T00:00:00,30.73815789473684,A. Agaram,"{""geodesic"":false,""type"":""Point"",""coordinates"":[79.13452475594951,11.469285305760197]}"
466_0,0.63,0.08270527,0.83,0.12,7.52,0.10322105,312.5,6.7,175,0.26864737,0.27,25,0.11843684,11.25,0.25116315,0.1833579,-0.65859827115563,1.08,-0.0,314,316,"1/29/24, 12:00 AM",CUDDALORE,74,2024-12-31T00:00:00,5.4,3.8134,373,364,313,320,0.92740995,2024-01-01T00:00:00,30.665625000000006,Kuppanatham,"{""geodesic"":false,""type"":""Point"",""coordinates"":[79.3425745757516,11.5407013708477]}"
467_0,0.5,0.06814,0.71,0.18,8.71,0.09036,250,8.29,88,0.2678625,0.39,14.6,0.082195,4.1,0.23073749,0.1526975,-0.7141019961113666,0.99,198.80083,324,351,"3/5/24, 12:00 AM",CUDDALORE,22,2024-12-31T00:00:00,6.78,4.6249967,352,339,324,310,2.936726,2024-01-01T00:00:00,30.506333333333338,Tirumanikkuli,"{""geodesic"":false,""type"":""Point"",""coordinates"":[79.6891446123649,11.730964548024215]}"
468_0,0.8,0.14590476,0.87,0.37,12.73,0.16756667,525,4.39,125,0.32159048,0.27,30,0.18488096,14.3,0.31425238,0.22571905,2.2121430747051525,0.85,90.0,300,321,"1/10/24, 12:00 AM",CUDDALORE,7,2024-12-31T00:00:00,7.5,4.3063784,330,323,371,356,0.9461604,2024-01-01T00:00:00,30.546312500000003,Sakkangudi,"{""geodesic"":false,""type"":""Point"",""coordinates"":[79.62635237400495,11.426705161292933]}"
469_0,0.4,0.090655,1.8,0.21,6.47,0.1037,111,2.47,155,0.304715,0.11,63,0.091425,3.13,0.228325,0.144435,-0.7748142615528046,1.42,152.95433,296,317,"2/22/24, 12:00 AM",CUDDALORE,100,2024-12-31T00:00:00,5.08,4.2817693,380,357,325,326,2.0818245,2024-01-01T00:00:00,30.490647058823523,Virasingankuppam,"{""geodesic"":false,""type"":""Point"",""coordinates"":[79.4606132040849,11.656853537084354]}"
470_0,0.51,0.15031305,0.99,0.21,9.83,0.17371304,237,6.12,147,0.31787825,0.12,22.5,0.17773478,8.13,0.2901435,0.20796087,0.1422836172824713,1.24,332.97015,318,349,"3/19/24, 12:00 AM",CUDDALORE,26,2024-12-31T00:00:00,6.1,4.0379386,356,336,326,316,2.0815313,2024-01-01T00:00:00,30.594133333333332,Devangudi,"{""geodesic"":false,""type"":""Point"",""coordinates"":[79.42854334844183,11.465781876152132]}"
471_0,0.25,0.12206364,0.86,0.1,7.13,0.14566363,125,8.76,203,0.31912273,0.39,12.75,0.15614545,7.5,0.29802272,0.2089909,-0.08067064750263642,0.86,27.026236,319,324,"2/5/24, 12:00 AM",CUDDALORE,17,2024-12-31T00:00:00,6.5,4.2203307,346,339,335,337,2.0814648,2024-01-01T00:00:00,30.617200000000008,Kavalagudi,"{""geodesic"":false,""type"":""Point"",""coordinates"":[79.48405923300042,11.421854258758687]}"
472_0,0.5,0.123323806,0.73,0.07,16.32,0.13488571,178.6,6.12,140,0.33818096,0.19,31.9,0.13373333,18.75,0.29772857,0.21241428,0.08290795650701901,0.51,225.58917,290,322,"1/3/24, 12:00 AM",CUDDALORE,70,2024-12-31T00:00:00,3.82,4.0401964,394,365,316,313,1.3251326,2024-01-01T00:00:00,30.565823529411766,Kolliruppu,"{""geodesic"":false,""type"":""Point"",""coordinates"":[79.43716717516938,11.580856064047842]}"
473_0,0.5,0.12740667,1.06,0.27,8.8,0.15473555,237,3.24,120,0.30136,0.33,19,0.1764689,4.1,0.3383822,0.25724888,0.1305108696743453,0.64,243.89008,327,324,"3/20/24, 12:00 AM",CUDDALORE,98,2024-12-31T00:00:00,8.26,3.3910737,374,373,299,303,2.106531,2024-01-01T00:00:00,30.899294117647052,Endal T.,"{""geodesic"":false,""type"":""Point"",""coordinates"":[79.00786230088866,11.41511689412779]}"
474_0,0.5,0.195315,0.82,0.14,11.41,0.25945,200,5.32,80,0.36908498,0.36,23.1,0.310065,8.3,0.39973,0.279125,-1.4782728916118366,1.01,296.1182,290,312,"2/26/24, 12:00 AM",CUDDALORE,28,2024-12-31T00:00:00,7.6,4.5082707,366,347,344,341,2.105911,2024-01-01T00:00:00,30.60367567567567,Karunakaranallur,"{""geodesic"":false,""type"":""Point"",""coordinates"":[79.49753396226221,11.310822489641515]}"
475_0,0.42,0.075645454,0.28,0.09,4.2,0.09226137,414.96,2.12,131.4,0.2755,0.33,16.3,0.08894091,25,0.231025,0.15114318,0.7764135271806094,0.46,45.58234,345,344,"2/26/24, 12:00 AM",CUDDALORE,102,2024-12-31T00:00:00,7.6,3.469905,361,361,294,295,1.3249713,2024-01-01T00:00:00,30.778764705882356,Malayanur,"{""geodesic"":false,""type"":""Point"",""coordinates"":[78.99923847416112,11.51402140690935]}"
476_0,0.5,0.14814048,0.68,0.24,10.18,0.16577858,312,4.6,95,0.25204763,0.36,33.3,0.17893095,4.1,0.3120714,0.26713333,-1.7772191221389253,0.7,90.0,305,320,"1/5/24, 12:00 AM",CUDDALORE,64,2024-12-31T00:00:00,9.02,3.5048034,370,357,324,323,2.8369708,2024-01-01T00:00:00,30.783500000000004,Niramani,"{""geodesic"":false,""type"":""Point"",""coordinates"":[79.13452475594951,11.481682056681047]}"
477_0,0.42,0.123076744,0.4,0.08,4.19,0.14158605,76.57,2.06,107.69,0.28888604,0.16,24.7,0.14920698,12.5,0.2717651,0.1988279,-1.7082301346217361,0.31,225.57729,350,361,"2/23/24, 12:00 AM",CUDDALORE,52,2024-12-31T00:00:00,8.2,3.650546,356,348,294,291,2.648289,2024-01-01T00:00:00,30.85624242424244,Nidhinatham,"{""geodesic"":false,""type"":""Point"",""coordinates"":[79.1660556224221,11.464164908640717]}"
478_0,0.5,0.13024783,0.91,0.2,11.62,0.14997827,525,4.19,117,0.3169174,0.24,30,0.14994782,17.88,0.27566087,0.1864,-1.4789689980194458,0.42,296.10938,305,326,"1/10/24, 12:00 AM",CUDDALORE,9,2024-12-31T00:00:00,8,4.3063784,346,336,349,338,2.1065724,2024-01-01T00:00:00,30.594687500000003,Sakkangudi,"{""geodesic"":false,""type"":""Point"",""coordinates"":[79.61260815015793,11.421854258758687]}"
479_0,0.5,0.11258182,1.09,0.6,7.62,0.13198636,328,6,143,0.2771727,0.29,17,0.12898636,8.3,0.21737728,0.15246363,0.4203980102648677,0.8,270.0,284,293,"3/20/24, 12:00 AM",CUDDALORE,3,2024-12-31T00:00:00,7.36,4.3593955,340,332,376,375,0.94615763,2024-01-01T00:00:00,30.674071428571434,Nakkaravanthangudi,"{""geodesic"":false,""type"":""Point"",""coordinates"":[79.72849082180934,11.425896677537224]}"
480_0,0.5,0.07290953,0.63,0.64,8.26,0.102080956,344,6.21,95,0.34547618,0.33,17,0.09479047,8.3,0.25729525,0.18404762,-2.2748040802402945,0.71,217.4192,293,311,"2/27/24, 12:00 AM",CUDDALORE,5,2024-12-31T00:00:00,6.47,4.293876,335,321,372,368,4.6609488,2024-01-01T00:00:00,30.63733333333333,Thirukazhipalai (Kezh),"{""geodesic"":false,""type"":""Point"",""coordinates"":[79.7853541792941,11.398138735257932]}"
481_0,0.8,0.06700909,1.21,0.39,14.22,0.092845455,400,4.1,133,0.31609544,0.33,27.5,0.08148182,7.15,0.23490454,0.13554546,2.126190101970607,0.7,-0.0,316,329,"1/19/24, 12:00 AM",CUDDALORE,12,2024-12-31T00:00:00,7.4,4.4148474,328,322,356,349,0.0,2024-01-01T00:00:00,30.44805714285714,Vazhakollai,"{""geodesic"":false,""type"":""Point"",""coordinates"":[79.53957511755901,11.387628446433734]}"
482_0,0.5,0.15074545,0.45,0.21,8.73,0.17170455,117,3.25,80,0.37953636,0.27,17.5,0.16842727,4.1,0.3359091,0.2353,-1.813020657312858,0.53,341.1942,349,379,"7/10/24, 12:00 AM",CUDDALORE,38,2024-12-31T00:00:00,7.54,4.3971405,379,355,272,266,2.9368124,2024-01-01T00:00:00,30.57186206896551,Manamthavizhnthaputhur,"{""geodesic"":false,""type"":""Point"",""coordinates"":[79.49403053265415,11.808848483157377]}"
483_0,0.5,0.09602381,0.88,0.26,11.36,0.116657145,135,4.96,83,0.3725095,0.36,34,0.102885716,8.3,0.25156668,0.16123809,-1.3526987084775037,0.91,-0.0,343,373,"7/9/24, 12:00 AM",CUDDALORE,39,2024-12-31T00:00:00,7.76,4.3971405,379,355,278,273,1.8543341,2024-01-01T00:00:00,30.55966666666667,Manamthavizhnthaputhur,"{""geodesic"":false,""type"":""Point"",""coordinates"":[79.49052710304608,11.80992646149832]}"
484_0,0.5,0.080065,0.77,0.21,10.36,0.09926,125,4.28,62,0.34228998,0.42,34,0.08466,4.1,0.218265,0.131855,-0.3237773792859965,0.88,225.6126,346,374,"7/9/24, 12:00 AM",CUDDALORE,37,2024-12-31T00:00:00,7.61,4.3971405,375,351,279,275,1.3256859,2024-01-01T00:00:00,30.5936,Manamthavizhnthaputhur,"{""geodesic"":false,""type"":""Point"",""coordinates"":[79.49133558680178,11.807231515645961]}"
485_0,0.5,0.03325909,0.88,0.16,11.05,0.050063636,125,5.91,73,0.32016364,0.45,25,0.03461818,4.1,0.15166818,0.083,-2.1155496833666767,0.91,45.612892,354,387,"7/9/24, 12:00 AM",CUDDALORE,45,2024-12-31T00:00:00,7.6,4.545803,376,349,270,264,3.9714155,2024-01-01T00:00:00,30.52746666666667,Manamthavizhnthaputhur,"{""geodesic"":false,""type"":""Point"",""coordinates"":[79.50076789728504,11.80992646149832]}"
486_0,0.5,0.082742855,0.57,0.15,8.83,0.11214762,117,4.32,52,0.28697142,0.24,20,0.12992857,4.1,0.3288524,0.25428572,-2.27675113223505,0.43,217.45912,320,353,"7/9/24, 12:00 AM",CUDDALORE,40,2024-12-31T00:00:00,8.03,4.545803,377,348,303,299,4.663424,2024-01-01T00:00:00,30.5674,Manamthavizhnthaputhur,"{""geodesic"":false,""type"":""Point"",""coordinates"":[79.50211537021121,11.800763645600302]}"
487_0,0.5,0.07278571,0.54,0.27,8.67,0.10014286,125,4.57,80,0.2988143,0.27,22,0.11331905,4.1,0.28317618,0.20149523,-1.3526644399089427,0.82,180.0,320,353,"7/9/24, 12:00 AM",CUDDALORE,36,2024-12-31T00:00:00,7.97,4.545803,377,348,303,299,1.8543341,2024-01-01T00:00:00,30.5674,Manamthavizhnthaputhur,"{""geodesic"":false,""type"":""Point"",""coordinates"":[79.50319334855216,11.800494151015066]}"
488_0,0.5,0.1010619,0.72,0.2,8.36,0.13698095,154,4.13,66,0.32850954,0.3,34,0.15869047,8.3,0.36662382,0.30165237,-0.680874966519624,0.89,270.0,316,350,"7/9/24, 12:00 AM",CUDDALORE,41,2024-12-31T00:00:00,7.5,4.545803,377,347,307,302,0.947429,2024-01-01T00:00:00,30.5674,Manamthavizhnthaputhur,"{""geodesic"":false,""type"":""Point"",""coordinates"":[79.50103739187028,11.80022465642983]}"
489_0,0.5,0.083561905,0.58,0.19,8.16,0.10627619,192,4.06,78,0.30609524,0.3,20,0.10978095,4.1,0.30577144,0.22363333,-1.8129847533763253,0.59,198.8052,318,349,"7/9/24, 12:00 AM",CUDDALORE,36,2024-12-31T00:00:00,7.84,4.649809,383,356,299,295,2.9368024,2024-01-01T00:00:00,30.535499999999995,Manamthavizhnthaputhur,"{""geodesic"":false,""type"":""Point"",""coordinates"":[79.50076789728504,11.799685667259357]}"
490_0,0.5,0.10714286,0.55,0.21,8.92,0.13066667,144,4.06,69,0.25437143,0.3,17.5,0.15242381,4.1,0.30156192,0.25075716,-0.6595424121013201,0.55,-0.0,343,373,"7/10/24, 12:00 AM",CUDDALORE,36,2024-12-31T00:00:00,7.71,4.3971405,372,348,285,279,2.7802885,2024-01-01T00:00:00,30.5936,Manamthavizhnthaputhur,"{""geodesic"":false,""type"":""Point"",""coordinates"":[79.49376103806891,11.806962021060725]}"
491_0,0.5,0.15161765,0.65,0.09,12.31,0.16794117,117,4.81,107,0.24719413,0.27,45.8,0.1845,4.1,0.28806472,0.24791177,-0.7312299974424388,0.76,288.073,340,361,"7/18/24, 12:00 AM",CUDDALORE,25,2024-12-31T00:00:00,6.64,4.665223,337,324,323,315,2.986995,2024-01-01T00:00:00,30.57154838709677,Melkangeyankuppam,"{""geodesic"":false,""type"":""Point"",""coordinates"":[79.56302114647453,11.766537833275347]}"
492_0,0.5,0.15161765,0.65,0.08,12.96,0.16794117,144,6.73,145,0.24719413,0.33,34,0.1845,4.1,0.28806472,0.24791177,-0.7312299974424388,0.86,288.073,340,361,"7/12/24, 12:00 AM",CUDDALORE,25,2024-12-31T00:00:00,6.5,4.665223,337,324,323,315,2.986995,2024-01-01T00:00:00,30.57154838709677,Melkangeyankuppam,"{""geodesic"":false,""type"":""Point"",""coordinates"":[79.56302114647453,11.766537833275347]}"
493_0,0.5,0.15161765,0.75,0.1,12.15,0.16794117,135,6.15,104,0.24719413,0.33,37.5,0.1845,4.1,0.28806472,0.24791177,-0.7312299974424388,0.84,288.073,340,361,"7/12/24, 12:00 AM",CUDDALORE,25,2024-12-31T00:00:00,6.46,4.665223,337,324,323,315,2.986995,2024-01-01T00:00:00,30.57154838709677,Melkangeyankuppam,"{""geodesic"":false,""type"":""Point"",""coordinates"":[79.56302114647453,11.766537833275347]}"
494_0,0.5,0.12941892,0.65,0.1,12.36,0.14272162,135,4.98,121,0.36070812,0.3,37.5,0.12854055,8.3,0.255,0.17241082,-1.3731193483113489,0.71,90.0,327,346,"7/12/24, 12:00 AM",CUDDALORE,95,2024-12-31T00:00:00,6.55,4.2817693,366,347,307,308,1.8934766,2024-01-01T00:00:00,30.494411764705887,Melkangeyankuppam,"{""geodesic"":false,""type"":""Point"",""coordinates"":[79.47705237378429,11.674370685124684]}"
495_0,0.5,0.12332703,0.76,0.1,13.78,0.14135675,144,4.21,143,0.3729865,0.24,37.5,0.12064324,8.3,0.24744865,0.15963243,-1.0162030584314101,0.81,134.4012,327,346,"7/12/24, 12:00 AM",CUDDALORE,96,2024-12-31T00:00:00,6.44,4.2817693,366,347,307,308,1.32536,2024-01-01T00:00:00,30.494411764705887,Melkangeyankuppam,"{""geodesic"":false,""type"":""Point"",""coordinates"":[79.47678287919905,11.674370685124684]}"
496_0,0.5,0.12941892,0.68,0.09,11.36,0.14272162,125,5.01,131,0.36070812,0.24,45.7,0.12854055,8.3,0.255,0.17241082,-1.3731193483113489,0.73,90.0,327,346,"7/12/24, 12:00 AM",CUDDALORE,95,2024-12-31T00:00:00,6.32,4.2817693,366,347,307,308,1.8934766,2024-01-01T00:00:00,30.494411764705887,Melkangeyankuppam,"{""geodesic"":false,""type"":""Point"",""coordinates"":[79.47705237378429,11.674370685124684]}"
497_0,0.5,0.14216316,0.5,0.335,12.31,0.16039474,183,6.98,131,0.3203263,0.36,37.5,0.16448422,4.1,0.31745788,0.2413,-0.6806649079053801,0.56,270.0,331,359,"7/5/24, 12:00 AM",CUDDALORE,27,2024-12-31T00:00:00,5.52,4.649809,357,336,312,306,1.8941371,2024-01-01T00:00:00,30.685612903225806,Alagappasamudram,"{""geodesic"":false,""type"":""Point"",""coordinates"":[79.54227006341137,11.77084974663912]}"
498_0,0.5,0.078805,0.85,0.28,10.21,0.10535,154,4.35,152,0.264395,0.33,72,0.128005,4.1,0.28153,0.193965,-2.268835601252091,0.91,-0.0,355,382,"7/3/24, 12:00 AM",CUDDALORE,29,2024-12-31T00:00:00,5.57,4.649809,324,303,320,315,4.6273675,2024-01-01T00:00:00,30.685612903225806,Alagappasamudram,"{""geodesic"":false,""type"":""Point"",""coordinates"":[79.53876663380329,11.766807327860583]}"
499_0,0.5,0.087155,0.76,0.2,10.28,0.119725,212,4.41,149,0.281975,0.27,69,0.154115,4.1,0.33051,0.23499,-2.268835601252091,0.88,-0.0,355,382,"7/3/24, 12:00 AM",CUDDALORE,29,2024-12-31T00:00:00,5.5,4.649809,324,303,320,315,4.6273675,2024-01-01T00:00:00,30.685612903225806,Alagappasamudram,"{""geodesic"":false,""type"":""Point"",""coordinates"":[79.53876663380329,11.76707682244582]}"
500_0,0.5,0.05227619,0.65,0.37,9.28,0.06819524,202,5.31,156,0.21196191,0.33,68.5,0.05965238,8.3,0.15225714,0.095714286,-2.5060022650583402,0.63,341.1969,355,382,"7/3/24, 12:00 AM",CUDDALORE,32,2024-12-31T00:00:00,5.71,4.649809,324,303,320,315,5.858181,2024-01-01T00:00:00,30.63886666666666,Alagappasamudram,"{""geodesic"":false,""type"":""Point"",""coordinates"":[79.53876663380329,11.766537833275347]}"
501_0,0.5,0.14216316,0.68,0.32,9.36,0.16039474,183,5.28,166,0.3203263,0.3,60,0.16448422,4.1,0.31745788,0.2413,-0.6806649079053801,0.95,270.0,331,359,"7/3/24, 12:00 AM",CUDDALORE,27,2024-12-31T00:00:00,5.41,4.649809,357,336,312,306,1.8941371,2024-01-01T00:00:00,30.685612903225806,Alagappasamudram,"{""geodesic"":false,""type"":""Point"",""coordinates"":[79.54227006341137,11.77084974663912]}"
502_0,0.5,0.046475,0.91,0.32,10.35,0.06732,231,5.65,159,0.26807,0.42,65.5,0.060815,4.1,0.20912,0.14233,-2.465442648541671,0.88,9.66164,355,382,"7/3/24, 12:00 AM",CUDDALORE,32,2024-12-31T00:00:00,5.52,4.649809,324,303,320,315,5.6268544,2024-01-01T00:00:00,30.63886666666666,Alagappasamudram,"{""geodesic"":false,""type"":""Point"",""coordinates"":[79.53903612838853,11.766537833275347]}"
503_0,0.5,0.057315,1.06,0.32,11.06,0.077635,269,4.41,163,0.27272,0.42,60,0.076495,4.1,0.248975,0.17075,-2.077278963009865,0.96,345.67474,355,382,"7/3/24, 12:00 AM",CUDDALORE,29,2024-12-31T00:00:00,5.62,4.649809,324,303,320,315,3.8233354,2024-01-01T00:00:00,30.685612903225806,Alagappasamudram,"{""geodesic"":false,""type"":""Point"",""coordinates"":[79.53903612838853,11.766807327860583]}"
504_0,0.5,0.14002381,0.6,0.31,10.98,0.17061429,202,5.46,111,0.3751762,0.24,12.5,0.19105238,4.1,0.36971906,0.25622857,-1.4684568242388336,0.65,207.0553,324,353,"8/1/24, 12:00 AM",CUDDALORE,39,2024-12-31T00:00:00,7.24,4.498694,390,365,286,282,2.082003,2024-01-01T00:00:00,30.550571428571434,Veerapperumanallur,"{""geodesic"":false,""type"":""Point"",""coordinates"":[79.45630129072113,11.771658230394829]}"
505_0,0.5,0.1532619,0.65,0.28,9.78,0.17970952,154,4.96,135,0.37257144,0.3,12.5,0.19540477,8.3,0.3647,0.25027618,-2.2901011680351546,0.69,270.0,324,353,"7/10/24, 12:00 AM",CUDDALORE,39,2024-12-31T00:00:00,7.41,4.498694,390,365,286,282,4.7263193,2024-01-01T00:00:00,30.550571428571434,Veerapperumanallur,"{""geodesic"":false,""type"":""Point"",""coordinates"":[79.45630129072113,11.77084974663912]}"
506_0,0.5,0.15351905,0.7,0.36,10.63,0.18310952,144,4.15,121,0.36190477,0.42,17.5,0.21620476,8.3,0.37635237,0.2722,0.8261934528831589,0.59,161.19672,310,325,"7/10/24, 12:00 AM",CUDDALORE,41,2024-12-31T00:00:00,7.09,4.1939864,406,394,284,281,2.9367688,2024-01-01T00:00:00,30.671696969696967,Veerapperumanallur,"{""geodesic"":false,""type"":""Point"",""coordinates"":[79.4425570668741,11.769502273712941]}"
507_0,0.5,0.14982857,0.61,0.31,9.63,0.1681,163,3.98,142,0.31886667,0.33,20,0.18729047,8.3,0.36416668,0.27524287,-0.3825804903634902,0.61,296.08124,310,325,"7/10/24, 12:00 AM",CUDDALORE,42,2024-12-31T00:00:00,7.13,4.1939864,408,394,283,281,2.1086824,2024-01-01T00:00:00,30.671696969696967,Veerapperumanallur,"{""geodesic"":false,""type"":""Point"",""coordinates"":[79.4433655506298,11.76896328454247]}"
508_0,0.5,0.15001905,0.68,0.23,9.3,0.16956191,212,4.65,142,0.2954857,0.27,12.5,0.18723333,8.2,0.30695716,0.24737619,0.43921299242447587,0.72,180.0,308,324,"7/16/24, 12:00 AM",CUDDALORE,41,2024-12-31T00:00:00,7.17,4.1939864,411,397,282,279,0.92740995,2024-01-01T00:00:00,30.671696969696967,Veerapperumanallur,"{""geodesic"":false,""type"":""Point"",""coordinates"":[79.44201807770362,11.768693789957235]}"
509_0,0.5,0.079904765,0.6,0.37,9.71,0.108,192,4.38,121,0.31989047,0.36,22.5,0.118190475,4.1,0.31881428,0.2207,-2.161604283911784,0.6,27.05532,310,325,"7/10/24, 12:00 AM",CUDDALORE,43,2024-12-31T00:00:00,7.21,4.1939864,406,394,284,281,4.1585236,2024-01-01T00:00:00,30.671696969696967,Veerapperumanallur,"{""geodesic"":false,""type"":""Point"",""coordinates"":[79.44094009936268,11.771927724980065]}"
510_0,0.5,0.16140476,0.66,0.3,10.74,0.18123333,192,4.11,124,0.33120954,0.42,12.5,0.20457143,8.3,0.39940953,0.30684286,-0.3825804903634902,0.55,296.08124,310,325,"7/10/24, 12:00 AM",CUDDALORE,43,2024-12-31T00:00:00,7.15,4.1939864,408,394,283,281,2.1086824,2024-01-01T00:00:00,30.671696969696967,Veerapperumanallur,"{""geodesic"":false,""type"":""Point"",""coordinates"":[79.44363504521505,11.76896328454247]}"
511_0,0.5,0.10377895,0.45,0.21,8.71,0.1299,212,4.11,128,0.3361579,0.3,17.5,0.13626842,4.1,0.3006263,0.2105,-1.8129656677623995,0.55,161.19511,311,327,"7/16/24, 12:00 AM",CUDDALORE,40,2024-12-31T00:00:00,8.22,4.498694,407,389,282,285,2.9367967,2024-01-01T00:00:00,30.54624242424242,Natham,"{""geodesic"":false,""type"":""Point"",""coordinates"":[79.48136428714805,11.794834764725111]}"
512_0,0.5,0.12636112,0.5,0.16,7.31,0.14611666,231,3.97,121,0.3075778,0.3,20,0.15985556,4.1,0.2906389,0.20705555,-0.6594832538323441,0.64,180.0,314,337,"7/5/24, 12:00 AM",CUDDALORE,40,2024-12-31T00:00:00,7.48,4.498694,407,382,280,281,0.92740995,2024-01-01T00:00:00,30.55163636363636,Natham,"{""geodesic"":false,""type"":""Point"",""coordinates"":[79.47678287919905,11.790522851361338]}"
513_0,0.5,0.11478947,0.49,0.22,8.14,0.13558948,144,3.71,138,0.25333685,0.3,17.5,0.1406,4.1,0.25701052,0.19786842,-1.373956094031375,0.59,90.0,310,328,"7/5/24, 12:00 AM",CUDDALORE,39,2024-12-31T00:00:00,7.77,4.498694,411,391,279,281,1.894275,2024-01-01T00:00:00,30.50969696969697,Natham,"{""geodesic"":false,""type"":""Point"",""coordinates"":[79.47705237378429,11.790792345946574]}"
514_0,0.5,0.13173333,0.6,0.18,7.96,0.15151112,135,3.78,142,0.26166666,0.33,20,0.16556667,8.3,0.26973334,0.21855,-1.3739550863950818,0.64,90.0,310,328,"7/5/24, 12:00 AM",CUDDALORE,39,2024-12-31T00:00:00,7.91,4.498694,411,391,279,281,1.894273,2024-01-01T00:00:00,30.50969696969697,Natham,"{""geodesic"":false,""type"":""Point"",""coordinates"":[79.47705237378429,11.790522851361338]}"
515_0,0.5,0.12636112,0.62,0.21,9.28,0.14611666,183,5.25,114,0.3075778,0.33,17.5,0.15985556,8.3,0.2906389,0.20705555,-0.6594832538323441,0.93,180.0,314,337,"7/12/24, 12:00 AM",CUDDALORE,40,2024-12-31T00:00:00,7.71,4.498694,407,382,280,281,0.92740995,2024-01-01T00:00:00,30.55163636363636,Natham,"{""geodesic"":false,""type"":""Point"",""coordinates"":[79.47678287919905,11.790522851361338]}"
516_0,0.5,0.076978944,0.91,0.22,11.36,0.10275789,173,4.36,124,0.2651316,0.3,28,0.101673685,8.3,0.23991579,0.1697421,-0.4266565134350806,1.06,341.1953,314,337,"7/12/24, 12:00 AM",CUDDALORE,37,2024-12-31T00:00:00,7.88,4.498694,407,382,280,281,2.936793,2024-01-01T00:00:00,30.55163636363636,Natham,"{""geodesic"":false,""type"":""Point"",""coordinates"":[79.47651338461381,11.791331335117047]}"
517_0,0.5,0.08381579,0.65,0.27,9.35,0.109342106,173,4.28,121,0.24018948,0.27,22.5,0.110026315,8.3,0.24889474,0.19082631,0.14089468095444624,0.2,207.05704,316,332,"7/12/24, 12:00 AM",CUDDALORE,39,2024-12-31T00:00:00,7.83,4.498694,403,382,281,286,2.0820353,2024-01-01T00:00:00,30.597312500000005,Natham,"{""geodesic"":false,""type"":""Point"",""coordinates"":[79.47624389002858,11.792139818872753]}"
518_0,0.5,0.07024737,0.62,0.27,6.03,0.09882105,202,3.21,142,0.25315264,0.3,20,0.102863155,4.1,0.23277895,0.16137895,4.961054974475062,0.72,270.0,310,336,"7/5/24, 12:00 AM",CUDDALORE,37,2024-12-31T00:00:00,7.91,4.498694,412,385,279,279,1.8942808,2024-01-01T00:00:00,30.55163636363636,Natham,"{""geodesic"":false,""type"":""Point"",""coordinates"":[79.47327944959099,11.791600829702283]}"
519_0,0.5,0.07024737,0.69,0.21,7.35,0.09882105,212,3.25,138,0.25315264,0.3,17.5,0.102863155,4.1,0.23277895,0.16137895,4.961054974475062,0.71,270.0,310,336,"7/5/24, 12:00 AM",CUDDALORE,37,2024-12-31T00:00:00,7.84,4.498694,412,385,279,279,1.8942808,2024-01-01T00:00:00,30.55163636363636,Natham,"{""geodesic"":false,""type"":""Point"",""coordinates"":[79.47327944959099,11.791600829702283]}"
520_0,0.5,0.07024737,0.68,0.22,7.24,0.09882105,240,3.64,128,0.25315264,0.3,22.5,0.102863155,4.1,0.23277895,0.16137895,4.961054974475062,0.71,270.0,310,336,"7/16/24, 12:00 AM",CUDDALORE,37,2024-12-31T00:00:00,7.86,4.498694,412,385,279,279,1.8942808,2024-01-01T00:00:00,30.55163636363636,Natham,"{""geodesic"":false,""type"":""Point"",""coordinates"":[79.47327944959099,11.791600829702283]}"
521_0,0.5,0.07024737,0.62,0.18,7.21,0.09882105,183,3.6,121,0.25315264,0.33,25,0.102863155,8.3,0.23277895,0.16137895,4.961054974475062,0.65,270.0,310,336,"7/5/24, 12:00 AM",CUDDALORE,37,2024-12-31T00:00:00,7.92,4.498694,412,385,279,279,1.8942808,2024-01-01T00:00:00,30.55163636363636,Natham,"{""geodesic"":false,""type"":""Point"",""coordinates"":[79.47327944959099,11.791600829702283]}"
522_0,0.5,0.11107368,0.75,0.35,10.25,0.1366421,202,5.36,152,0.29240525,0.33,60,0.15476316,4.1,0.3048158,0.24451579,-0.32353980208233635,1.06,225.60811,312,344,"7/1/24, 12:00 AM",CUDDALORE,29,2024-12-31T00:00:00,5.25,4.649809,379,351,309,305,1.3255796,2024-01-01T00:00:00,30.641548387096783,Anguchettipalayam,"{""geodesic"":false,""type"":""Point"",""coordinates"":[79.5215189803482,11.764112382008225]}"
523_0,0.5,0.11107368,0.95,0.34,11.21,0.1366421,202,4.36,152,0.29240525,0.33,69,0.15476316,4.1,0.3048158,0.24451579,-0.32353980208233635,0.63,225.60811,312,344,"7/15/24, 12:00 AM",CUDDALORE,29,2024-12-31T00:00:00,5.56,4.649809,379,351,309,305,1.3255796,2024-01-01T00:00:00,30.641548387096783,Anguchettipalayam,"{""geodesic"":false,""type"":""Point"",""coordinates"":[79.5215189803482,11.764112382008225]}"
524_0,0.5,0.11107368,0.65,0.3,8.91,0.1366421,144,4.98,176,0.29240525,0.3,37.5,0.15476316,4.1,0.3048158,0.24451579,-0.32353980208233635,0.71,225.60811,312,344,"7/15/24, 12:00 AM",CUDDALORE,29,2024-12-31T00:00:00,5.72,4.649809,379,351,309,305,1.3255796,2024-01-01T00:00:00,30.641548387096783,Anguchettipalayam,"{""geodesic"":false,""type"":""Point"",""coordinates"":[79.5215189803482,11.764112382008225]}"
525_0,0.5,0.11107368,0.6,0.34,9.81,0.1366421,163,4.98,176,0.29240525,0.3,55,0.15476316,4.1,0.3048158,0.24451579,-0.32353980208233635,0.65,225.60811,312,344,"7/15/24, 12:00 AM",CUDDALORE,29,2024-12-31T00:00:00,5.72,4.649809,379,351,309,305,1.3255796,2024-01-01T00:00:00,30.641548387096783,Anguchettipalayam,"{""geodesic"":false,""type"":""Point"",""coordinates"":[79.5215189803482,11.764112382008225]}"
526_0,0.5,0.101465,0.59,0.33,10.15,0.13722,117,5.06,138,0.34353,0.3,50,0.15293,8.3,0.3535,0.268395,-0.57038835183851,0.64,56.86941,341,371,"7/2/24, 12:00 AM",CUDDALORE,24,2024-12-31T00:00:00,5.33,4.649809,336,313,323,317,3.3900278,2024-01-01T00:00:00,30.69386666666667,Anguchettipalayam,"{""geodesic"":false,""type"":""Point"",""coordinates"":[79.53499370960999,11.768693789957235]}"
527_0,0.5,0.08817,0.7,0.36,9.36,0.106195,144,4.12,124,0.27079,0.36,69,0.1106,4.1,0.26201,0.19322,-1.352551628956949,0.72,180.0,345,373,"7/12/24, 12:00 AM",CUDDALORE,31,2024-12-31T00:00:00,5.21,4.649809,337,316,318,311,1.8543341,2024-01-01T00:00:00,30.69386666666667,Anguchettipalayam,"{""geodesic"":false,""type"":""Point"",""coordinates"":[79.53553269878047,11.769502273712941]}"
528_0,0.5,0.08077222,0.69,0.22,9.42,0.10208333,163,4.16,145,0.25739443,0.39,57,0.105288886,8.2,0.22782777,0.17172222,-2.115295233408354,0.7,225.60802,329,357,"7/12/24, 12:00 AM",CUDDALORE,29,2024-12-31T00:00:00,5.38,4.649809,338,316,333,327,3.971072,2024-01-01T00:00:00,30.617333333333328,Anguchettipalayam,"{""geodesic"":false,""type"":""Point"",""coordinates"":[79.5492769226275,11.763303898252516]}"
529_0,0.5,0.14044091,0.75,0.27,9.38,0.15391818,163,4.06,124,0.2497,0.3,60,0.16931364,4.1,0.31785908,0.26332727,-1.0167643874905454,0.81,225.60962,335,363,"7/2/24, 12:00 AM",CUDDALORE,35,2024-12-31T00:00:00,5.26,4.649809,360,337,305,300,1.3256153,2024-01-01T00:00:00,30.736620689655176,Anguchettipalayam,"{""geodesic"":false,""type"":""Point"",""coordinates"":[79.53957511755901,11.77866508961096]}"
530_0,0.5,0.14044091,0.65,0.31,9.8,0.15391818,173,4.98,124,0.2497,0.36,52.5,0.16931364,4.1,0.31785908,0.26332727,-1.0167643874905454,0.71,225.60962,335,363,"7/2/24, 12:00 AM",CUDDALORE,35,2024-12-31T00:00:00,5.6,4.649809,360,337,305,300,1.3256153,2024-01-01T00:00:00,30.736620689655176,Anguchettipalayam,"{""geodesic"":false,""type"":""Point"",""coordinates"":[79.53957511755901,11.77866508961096]}"
531_0,0.5,0.15341905,0.76,0.31,9.73,0.18222857,183,4.9,135,0.33996665,0.27,55,0.20615715,4.1,0.38407618,0.30571905,-0.6594309649301398,0.96,180.0,306,331,"7/16/24, 12:00 AM",CUDDALORE,32,2024-12-31T00:00:00,5.36,4.649809,382,360,312,309,0.92740995,2024-01-01T00:00:00,30.727677419354833,Anguchettipalayam,"{""geodesic"":false,""type"":""Point"",""coordinates"":[79.51585959405826,11.776509132929075]}"
532_0,0.5,0.19735238,0.63,0.19,10.18,0.22199048,117,4.89,173,0.4017857,0.24,22.5,0.24598095,4.1,0.37422857,0.2739857,2.510976225509532,0.51,270.0,298,316,"6/25/24, 12:00 AM",CUDDALORE,41,2024-12-31T00:00:00,7.66,4.498694,407,387,294,297,2.840206,2024-01-01T00:00:00,30.554374999999997,Sirugramam,"{""geodesic"":false,""type"":""Point"",""coordinates"":[79.45980472032919,11.799146678088887]}"
533_0,0.5,0.174,0.6,0.26,7.26,0.19619524,144,4.63,180,0.3776476,0.39,17,0.20183334,8.2,0.33270952,0.22878571,2.79527509417078,0.65,116.07875,298,316,"7/5/24, 12:00 AM",CUDDALORE,40,2024-12-31T00:00:00,6.98,4.498694,407,387,294,297,2.1088698,2024-01-01T00:00:00,30.554374999999997,Sirugramam,"{""geodesic"":false,""type"":""Point"",""coordinates"":[79.45926573115872,11.799146678088887]}"
534_0,0.5,0.09531,0.63,0.1,9.35,0.117095,70,4.36,138,0.34323,0.36,25,0.105845,8.3,0.241825,0.1479,-1.016071863897978,0.71,45.596283,298,325,"6/21/24, 12:00 AM",CUDDALORE,102,2024-12-31T00:00:00,5.31,4.2817693,368,345,334,330,1.3253005,2024-01-01T00:00:00,30.490647058823523,Kattugudalur,"{""geodesic"":false,""type"":""Point"",""coordinates"":[79.45522331238018,11.650116172453457]}"
535_0,0.5,0.07033846,0.95,0.29,11.06,0.083410256,117,5.26,128,0.38790768,0.3,34,0.070425645,8.3,0.21908206,0.13552308,-1.46822357968874,0.68,207.0507,322,346,"6/14/24, 12:00 AM",CUDDALORE,51,2024-12-31T00:00:00,7.72,4.5596237,392,366,285,288,2.0819182,2024-01-01T00:00:00,30.433548387096774,Kilmambattu,"{""geodesic"":false,""type"":""Point"",""coordinates"":[79.59428251836188,11.717220324177186]}"
536_0,0.5,0.09458182,0.81,0.21,9.26,0.11767273,125,4.21,145,0.34838638,0.36,34,0.10670909,4.1,0.25417727,0.16132727,-1.0160500982815215,0.86,45.595882,303,330,"6/21/24, 12:00 AM",CUDDALORE,85,2024-12-31T00:00:00,7.92,4.3667583,368,344,329,326,1.3252909,2024-01-01T00:00:00,30.497999999999998,Sorathur,"{""geodesic"":false,""type"":""Point"",""coordinates"":[79.50777475650118,11.64607375367492]}"
537_0,0.5,0.07787272,0.68,0.21,7.91,0.10588636,163,4.51,163,0.3341409,0.3,34.3,0.101731814,4.1,0.25805455,0.16199091,-0.09410105745247821,0.76,63.908684,303,330,"6/25/24, 12:00 AM",CUDDALORE,85,2024-12-31T00:00:00,7.97,4.3667583,368,344,329,326,2.1079261,2024-01-01T00:00:00,30.497999999999998,Sorathur,"{""geodesic"":false,""type"":""Point"",""coordinates"":[79.50831374567164,11.645804259089683]}"
538_0,0.5,0.084972724,0.59,0.16,8.14,0.11335909,173,4.06,138,0.31302273,0.33,37.5,0.1285,4.1,0.27012727,0.18403181,-0.4260848254464054,0.64,18.795452,303,330,"6/25/24, 12:00 AM",CUDDALORE,84,2024-12-31T00:00:00,7.86,4.3667583,368,344,329,326,2.9366324,2024-01-01T00:00:00,30.497999999999998,Sorathur,"{""geodesic"":false,""type"":""Point"",""coordinates"":[79.50858324025688,11.645534764504447]}"
539_0,0.5,0.08669048,0.6,0.18,7.71,0.112485714,117,4.63,145,0.32289523,0.33,45,0.11214762,8.2,0.25616667,0.1686619,-1.4679125906843966,0.62,27.044687,303,330,"7/8/24, 12:00 AM",CUDDALORE,86,2024-12-31T00:00:00,7.78,4.3667583,368,344,329,326,2.0818067,2024-01-01T00:00:00,30.497999999999998,Sorathur,"{""geodesic"":false,""type"":""Point"",""coordinates"":[79.50858324025688,11.645265269919213]}"
540_0,0.5,0.08725897,0.5,0.24,7.36,0.11406667,117,4.11,152,0.3445923,0.36,42,0.12424616,4.1,0.27968976,0.18541795,0.033862832479636895,0.52,-0.0,336,365,"7/8/24, 12:00 AM",CUDDALORE,45,2024-12-31T00:00:00,7.67,4.206149,388,360,276,275,0.92740995,2024-01-01T00:00:00,30.5075,Sorathur,"{""geodesic"":false,""type"":""Point"",""coordinates"":[79.49726446767697,11.73581545055846]}"
541_0,0.5,0.06323784,0.59,0.27,10.16,0.08552973,144,4.32,145,0.28986216,0.33,52,0.08440541,4.1,0.23223783,0.15505676,-0.7751531097117336,0.6,332.94775,327,353,"7/8/24, 12:00 AM",CUDDALORE,47,2024-12-31T00:00:00,7.62,4.206149,395,368,278,279,2.0819468,2024-01-01T00:00:00,30.5075,Semmedu,"{""geodesic"":false,""type"":""Point"",""coordinates"":[79.49753396226221,11.735545955973224]}"
542_0,0.5,0.0669,0.75,0.17,10.94,0.09451081,173,4.71,135,0.3397189,0.33,52.5,0.10235406,4.1,0.25515947,0.16197838,-0.7751533389476989,0.7,332.94772,327,353,"6/27/24, 12:00 AM",CUDDALORE,45,2024-12-31T00:00:00,7.47,4.206149,395,368,278,279,2.0819473,2024-01-01T00:00:00,30.5075,Semmedu,"{""geodesic"":false,""type"":""Point"",""coordinates"":[79.49753396226221,11.73581545055846]}"
543_0,0.5,0.025947368,0.55,0.42,8.75,0.043815788,135,4.73,152,0.35852632,0.36,37.5,0.024,4.1,0.1459,0.07283158,-1.0167052045488907,0.52,225.60846,317,349,"7/16/24, 12:00 AM",CUDDALORE,28,2024-12-31T00:00:00,8.04,4.649809,375,348,308,303,1.3255879,2024-01-01T00:00:00,30.701290322580647,Siruvathur,"{""geodesic"":false,""type"":""Point"",""coordinates"":[79.5236749370301,11.76761581161629]}"
544_0,0.5,0.025947368,0.62,0.56,10.15,0.043815788,94,4.98,135,0.35852632,0.3,31.25,0.024,8.3,0.1459,0.07283158,-1.0167052045488907,0.75,225.60846,317,349,"6/26/24, 12:00 AM",CUDDALORE,28,2024-12-31T00:00:00,7.49,4.649809,375,348,308,303,1.3255879,2024-01-01T00:00:00,30.701290322580647,Siruvathur,"{""geodesic"":false,""type"":""Point"",""coordinates"":[79.5236749370301,11.76761581161629]}"
545_0,0.5,0.025947368,0.65,0.44,11.32,0.043815788,86,4.8,169,0.35852632,0.3,37,0.024,8.2,0.1459,0.07283158,-1.0167052045488907,0.7,225.60846,317,349,"7/12/24, 12:00 AM",CUDDALORE,28,2024-12-31T00:00:00,7.94,4.649809,375,348,308,303,1.3255879,2024-01-01T00:00:00,30.701290322580647,Siruvathur,"{""geodesic"":false,""type"":""Point"",""coordinates"":[79.5236749370301,11.76761581161629]}"
546_0,0.5,0.025947368,1.12,0.42,11.01,0.043815788,70,4.28,166,0.35852632,0.39,34,0.024,4.1,0.1459,0.07283158,-1.0167052045488907,0.82,225.60846,317,349,"7/16/24, 12:00 AM",CUDDALORE,28,2024-12-31T00:00:00,7.65,4.649809,375,348,308,303,1.3255879,2024-01-01T00:00:00,30.701290322580647,Siruvathur,"{""geodesic"":false,""type"":""Point"",""coordinates"":[79.5236749370301,11.76761581161629]}"
547_0,0.5,0.025947368,0.49,0.37,10.15,0.043815788,144,4.31,166,0.35852632,0.33,37.5,0.024,4.1,0.1459,0.07283158,-1.0167052045488907,0.64,225.60846,317,349,"7/16/24, 12:00 AM",CUDDALORE,28,2024-12-31T00:00:00,7.67,4.649809,375,348,308,303,1.3255879,2024-01-01T00:00:00,30.701290322580647,Siruvathur,"{""geodesic"":false,""type"":""Point"",""coordinates"":[79.5236749370301,11.76761581161629]}"
548_0,0.5,0.025947368,0.52,0.36,11.36,0.043815788,70,4.85,173,0.35852632,0.33,42,0.024,4.1,0.1459,0.07283158,-1.0167052045488907,0.6,225.60846,317,349,"7/12/24, 12:00 AM",CUDDALORE,28,2024-12-31T00:00:00,7.85,4.649809,375,348,308,303,1.3255879,2024-01-01T00:00:00,30.701290322580647,Siruvathur,"{""geodesic"":false,""type"":""Point"",""coordinates"":[79.5236749370301,11.76761581161629]}"
549_0,0.5,0.025947368,0.82,0.43,11.28,0.043815788,78,4.35,169,0.35852632,0.3,37.5,0.024,4.1,0.1459,0.07283158,-1.0167052045488907,0.65,225.60846,317,349,"7/16/24, 12:00 AM",CUDDALORE,28,2024-12-31T00:00:00,7.95,4.649809,375,348,308,303,1.3255879,2024-01-01T00:00:00,30.701290322580647,Siruvathur,"{""geodesic"":false,""type"":""Point"",""coordinates"":[79.5236749370301,11.76761581161629]}"
550_0,0.5,0.025947368,0.55,0.34,9.21,0.043815788,63,4.8,173,0.35852632,0.33,28,0.024,4.1,0.1459,0.07283158,-1.0167052045488907,0.6,225.60846,317,349,"7/16/24, 12:00 AM",CUDDALORE,28,2024-12-31T00:00:00,8.15,4.649809,375,348,308,303,1.3255879,2024-01-01T00:00:00,30.701290322580647,Siruvathur,"{""geodesic"":false,""type"":""Point"",""coordinates"":[79.5236749370301,11.76761581161629]}"
551_0,0.5,0.025947368,0.72,0.39,8.95,0.043815788,125,4.55,166,0.35852632,0.3,31.3,0.024,4.1,0.1459,0.07283158,-1.0167052045488907,0.73,225.60846,317,349,"7/16/24, 12:00 AM",CUDDALORE,28,2024-12-31T00:00:00,8.03,4.649809,375,348,308,303,1.3255879,2024-01-01T00:00:00,30.701290322580647,Siruvathur,"{""geodesic"":false,""type"":""Point"",""coordinates"":[79.5236749370301,11.76761581161629]}"
552_0,0.5,0.025947368,0.63,0.32,11.01,0.043815788,63,4.8,152,0.35852632,0.27,37,0.024,8.2,0.1459,0.07283158,-1.0167052045488907,0.65,225.60846,317,349,"7/12/24, 12:00 AM",CUDDALORE,28,2024-12-31T00:00:00,7.76,4.649809,375,348,308,303,1.3255879,2024-01-01T00:00:00,30.701290322580647,Siruvathur,"{""geodesic"":false,""type"":""Point"",""coordinates"":[79.5236749370301,11.76761581161629]}"
553_0,0.5,0.025947368,0.82,0.41,12.01,0.043815788,55,4.14,166,0.35852632,0.36,25,0.024,8.3,0.1459,0.07283158,-1.0167052045488907,0.82,225.60846,317,349,"7/16/24, 12:00 AM",CUDDALORE,28,2024-12-31T00:00:00,7.21,4.649809,375,348,308,303,1.3255879,2024-01-01T00:00:00,30.701290322580647,Siruvathur,"{""geodesic"":false,""type"":""Point"",""coordinates"":[79.5236749370301,11.76761581161629]}"
554_0,0.5,0.025947368,1.21,0.43,9.41,0.043815788,47,5.36,156,0.35852632,0.3,31,0.024,4.1,0.1459,0.07283158,-1.0167052045488907,0.88,225.60846,317,349,"7/19/24, 12:00 AM",CUDDALORE,28,2024-12-31T00:00:00,6.98,4.649809,375,348,308,303,1.3255879,2024-01-01T00:00:00,30.701290322580647,Siruvathur,"{""geodesic"":false,""type"":""Point"",""coordinates"":[79.5236749370301,11.76761581161629]}"
555_0,0.5,0.025947368,0.66,0.34,11.08,0.043815788,78,4.65,163,0.35852632,0.27,22.5,0.024,4.1,0.1459,0.07283158,-1.0167052045488907,0.65,225.60846,317,349,"7/10/24, 12:00 AM",CUDDALORE,28,2024-12-31T00:00:00,7.14,4.649809,375,348,308,303,1.3255879,2024-01-01T00:00:00,30.701290322580647,Siruvathur,"{""geodesic"":false,""type"":""Point"",""coordinates"":[79.5236749370301,11.76761581161629]}"
556_0,0.5,0.025947368,0.67,0.54,9.78,0.043815788,135,4.97,153,0.35852632,0.33,34.3,0.024,4.1,0.1459,0.07283158,-1.0167052045488907,0.72,225.60846,317,349,"7/16/24, 12:00 AM",CUDDALORE,28,2024-12-31T00:00:00,8.01,4.649809,375,348,308,303,1.3255879,2024-01-01T00:00:00,30.701290322580647,Siruvathur,"{""geodesic"":false,""type"":""Point"",""coordinates"":[79.5236749370301,11.76761581161629]}"
557_0,0.5,0.025947368,0.61,0.41,11.01,0.043815788,70,4.25,159,0.35852632,0.39,31,0.024,4.1,0.1459,0.07283158,-1.0167052045488907,0.76,225.60846,317,349,"7/16/24, 12:00 AM",CUDDALORE,28,2024-12-31T00:00:00,7.91,4.649809,375,348,308,303,1.3255879,2024-01-01T00:00:00,30.701290322580647,Siruvathur,"{""geodesic"":false,""type"":""Point"",""coordinates"":[79.5236749370301,11.76761581161629]}"
558_0,0.5,0.087626316,0.66,0.43,10.87,0.12008947,102,4.54,173,0.33528948,0.3,41.63,0.10868421,4.1,0.26602632,0.18711579,-0.7879896580637349,0.65,243.91805,328,359,"7/10/24, 12:00 AM",CUDDALORE,28,2024-12-31T00:00:00,7.19,4.649809,359,333,313,309,2.1086292,2024-01-01T00:00:00,30.641548387096783,Siruvathur,"{""geodesic"":false,""type"":""Point"",""coordinates"":[79.52178847493344,11.760339457814922]}"
559_0,0.5,0.087626316,0.55,0.46,10.83,0.12008947,78,4.72,138,0.33528948,0.27,28.13,0.10868421,4.1,0.26602632,0.18711579,-0.7879896580637349,0.63,243.91805,328,359,"7/10/24, 12:00 AM",CUDDALORE,28,2024-12-31T00:00:00,7.49,4.649809,359,333,313,309,2.1086292,2024-01-01T00:00:00,30.641548387096783,Siruvathur,"{""geodesic"":false,""type"":""Point"",""coordinates"":[79.52178847493344,11.760339457814922]}"
560_0,0.5,0.09216818,0.77,0.19,7.53,0.121054545,125,6.19,166,0.34004092,0.24,50,0.13191818,4.1,0.31280455,0.20929545,1.4090580598587115,0.65,63.920147,328,344,"7/9/24, 12:00 AM",CUDDALORE,33,2024-12-31T00:00:00,7.76,4.498694,389,367,283,289,2.1087873,2024-01-01T00:00:00,30.49200000000001,Rayarpalayam,"{""geodesic"":false,""type"":""Point"",""coordinates"":[79.49052710304608,11.785941443412328]}"
561_0,0.5,0.14004286,0.56,0.18,9.63,0.17004286,117,7.67,163,0.35215715,0.27,34,0.19288096,8.3,0.36492857,0.2661,-1.016814654238919,0.65,45.610573,321,337,"7/9/24, 12:00 AM",CUDDALORE,35,2024-12-31T00:00:00,7.78,4.498694,399,377,280,286,1.3256378,2024-01-01T00:00:00,30.49200000000001,Rayarpalayam,"{""geodesic"":false,""type"":""Point"",""coordinates"":[79.49187457597226,11.78782790550898]}"
562_0,0.5,0.1300909,0.75,0.38,10.63,0.1527,163,5.18,128,0.31696364,0.39,60,0.15367272,4.1,0.29618183,0.22360454,-1.0863135129856483,0.8,90.0,313,339,"7/19/24, 12:00 AM",CUDDALORE,36,2024-12-31T00:00:00,7.6,4.498694,383,356,304,304,2.84018,2024-01-01T00:00:00,30.535499999999995,Melarungunam,"{""geodesic"":false,""type"":""Point"",""coordinates"":[79.49618648933603,11.796721226821763]}"
563_0,0.5,0.10421429,0.56,0.21,8.73,0.12077143,163,3.76,73,0.3446619,0.33,22.5,0.11539524,4.1,0.2712381,0.18236667,-1.3526558729502893,0.6,180.0,318,349,"7/11/24, 12:00 AM",CUDDALORE,38,2024-12-31T00:00:00,7.71,4.498694,383,356,299,295,1.8543341,2024-01-01T00:00:00,30.535499999999995,Melarungunam,"{""geodesic"":false,""type"":""Point"",""coordinates"":[79.4988814351884,11.798068699747942]}"
564_0,0.5,0.055626318,0.46,0.06,9.36,0.07370526,109,4.36,111,0.36830527,0.27,20,0.056636844,4.1,0.2039,0.10711579,-1.0161198318063298,0.58,134.40274,289,308,"6/24/24, 12:00 AM",CUDDALORE,100,2024-12-31T00:00:00,5.57,4.2817693,372,353,339,339,1.3253233,2024-01-01T00:00:00,30.488857142857146,Virasingankuppam,"{""geodesic"":false,""type"":""Point"",""coordinates"":[79.46384713910773,11.659548482936712]}"
565_0,0.5,0.06838421,0.42,0.08,9.24,0.08596842,102,4.54,118,0.3313737,0.3,28.12,0.0774579,4.1,0.2187421,0.13112631,-1.9479955237564008,0.45,214.24358,294,312,"6/24/24, 12:00 AM",CUDDALORE,99,2024-12-31T00:00:00,5.32,4.2817693,373,354,333,334,3.3620868,2024-01-01T00:00:00,30.488857142857146,Virasingankuppam,"{""geodesic"":false,""type"":""Point"",""coordinates"":[79.46357764452249,11.659278988351476]}"
566_0,0.5,0.06258158,0.66,0.31,10.11,0.0880921,102,4.22,183,0.33479738,0.33,34.38,0.07496053,4.1,0.23969737,0.13994473,2.0279374552898455,0.55,90.0,326,334,"6/25/24, 12:00 AM",CUDDALORE,58,2024-12-31T00:00:00,7.78,4.483492,367,357,307,309,0.9470652,2024-01-01T00:00:00,30.521500000000003,Silambinathanpettai,"{""geodesic"":false,""type"":""Point"",""coordinates"":[79.6282388361016,11.694313284432138]}"
567_0,0.5,0.13203,0.49,0.35,8.89,0.13981,221,3.7,159,0.28751498,0.21,17.5,0.135155,4.1,0.275155,0.18559,-1.481143137621896,0.44,116.08184,339,366,"7/11/24, 12:00 AM",CUDDALORE,34,2024-12-31T00:00:00,8.68,4.498694,375,351,287,283,2.1086378,2024-01-01T00:00:00,30.51024242424243,Tiruvamur,"{""geodesic"":false,""type"":""Point"",""coordinates"":[79.4816337817333,11.761686930741101]}"
568_0,0.5,0.08673684,0.91,0.38,10.15,0.10121579,183,4.35,176,0.26582104,0.33,20,0.1003,8.3,0.18708947,0.11612105,-2.2892655031488673,0.91,168.45387,314,347,"7/12/24, 12:00 AM",CUDDALORE,33,2024-12-31T00:00:00,8.28,4.498694,376,352,309,301,4.7225137,2024-01-01T00:00:00,30.541257142857148,Tiruvamur,"{""geodesic"":false,""type"":""Point"",""coordinates"":[79.46762006330103,11.763573392837753]}"
569_0,0.5,0.16014,0.45,0.37,9.11,0.161365,221,3.72,169,0.33781502,0.33,15,0.148345,4.1,0.238355,0.157685,0.5721695106132746,0.45,90.0,333,363,"7/11/24, 12:00 AM",CUDDALORE,32,2024-12-31T00:00:00,8.55,4.498694,351,329,317,308,1.8940722,2024-01-01T00:00:00,30.51024242424243,Tiruvamur,"{""geodesic"":false,""type"":""Point"",""coordinates"":[79.48217277090377,11.761417436155867]}"
570_0,0.5,0.159095,0.41,0.42,9.13,0.169515,202,3.98,176,0.308025,0.36,20,0.174845,4.1,0.28439,0.20028,-1.373742831537307,0.51,90.0,333,363,"7/11/24, 12:00 AM",CUDDALORE,33,2024-12-31T00:00:00,8.47,4.498694,351,329,317,308,1.8940722,2024-01-01T00:00:00,30.51024242424243,Tiruvamur,"{""geodesic"":false,""type"":""Point"",""coordinates"":[79.48190327631853,11.761417436155867]}"
571_0,0.5,0.17777894,0.42,0.49,5.98,0.19536842,183,2.64,166,0.36516315,0.33,22.5,0.19341579,8.3,0.32458946,0.2303579,-1.3737409338410127,0.54,270.0,340,365,"7/11/24, 12:00 AM",CUDDALORE,28,2024-12-31T00:00:00,8.54,4.498694,363,340,297,294,1.8940703,2024-01-01T00:00:00,30.51024242424243,Tiruvamur,"{""geodesic"":false,""type"":""Point"",""coordinates"":[79.48298125465948,11.76114794157063]}"
572_0,0.5,0.159095,0.43,0.36,9.33,0.169515,173,3.91,176,0.308025,0.3,25,0.174845,4.1,0.28439,0.20028,-1.373742831537307,0.4,90.0,333,363,"7/11/24, 12:00 AM",CUDDALORE,33,2024-12-31T00:00:00,8.47,4.498694,351,329,317,308,1.8940722,2024-01-01T00:00:00,30.51024242424243,Tiruvamur,"{""geodesic"":false,""type"":""Point"",""coordinates"":[79.48190327631853,11.761417436155867]}"
573_0,0.5,0.13203,0.52,0.32,8.72,0.13981,173,4.11,159,0.28751498,0.3,20,0.135155,4.1,0.275155,0.18559,-1.481143137621896,0.51,116.08184,339,366,"7/11/24, 12:00 AM",CUDDALORE,34,2024-12-31T00:00:00,8.58,4.498694,375,351,287,283,2.1086378,2024-01-01T00:00:00,30.51024242424243,Tiruvamur,"{""geodesic"":false,""type"":""Point"",""coordinates"":[79.4816337817333,11.761686930741101]}"
574_0,0.5,0.17240556,0.42,0.42,7.21,0.18859445,173,3.48,180,0.32863888,0.36,20,0.20307778,4.1,0.30427223,0.21747223,4.3063085796233755,0.51,45.607906,333,363,"7/11/24, 12:00 AM",CUDDALORE,30,2024-12-31T00:00:00,8.52,4.498694,351,329,317,308,1.3255749,2024-01-01T00:00:00,30.51024242424243,Tiruvamur,"{""geodesic"":false,""type"":""Point"",""coordinates"":[79.4832507492447,11.762225919911574]}"
575_0,0.5,0.08956316,0.62,0.39,9.32,0.10736842,202,4.92,156,0.32959473,0.42,15,0.09390526,8.3,0.24577369,0.1522,1.265292957411441,0.61,90.0,309,336,"7/11/24, 12:00 AM",CUDDALORE,34,2024-12-31T00:00:00,8.5,4.498694,382,362,308,302,0.9473045,2024-01-01T00:00:00,30.541257142857148,Tiruvamur,"{""geodesic"":false,""type"":""Point"",""coordinates"":[79.46600309578962,11.764112382008225]}"
576_0,0.5,0.086552635,0.86,0.41,8.21,0.10120527,202,4.21,159,0.31101054,0.3,22.5,0.10351053,4.1,0.23797895,0.15813684,-0.4435339409965899,0.86,251.92685,309,336,"7/12/24, 12:00 AM",CUDDALORE,36,2024-12-31T00:00:00,8.51,4.498694,382,362,308,302,2.9869704,2024-01-01T00:00:00,30.541257142857148,Tiruvamur,"{""geodesic"":false,""type"":""Point"",""coordinates"":[79.46681157954532,11.764112382008225]}"
577_0,0.5,0.17777894,0.4,0.37,6.56,0.19536842,212,3.53,176,0.36516315,0.3,20,0.19341579,4.1,0.32458946,0.2303579,-1.3737409338410127,0.49,270.0,340,365,"7/11/24, 12:00 AM",CUDDALORE,28,2024-12-31T00:00:00,8.56,4.498694,363,340,297,294,1.8940703,2024-01-01T00:00:00,30.51024242424243,Tiruvamur,"{""geodesic"":false,""type"":""Point"",""coordinates"":[79.48298125465948,11.76114794157063]}"
578_0,0.5,0.087073684,0.75,0.36,9.71,0.10495789,202,5.21,163,0.29910526,0.33,25,0.11358421,4.1,0.24481052,0.16061053,-0.5621982957043435,1.15,214.25368,314,347,"7/12/24, 12:00 AM",CUDDALORE,35,2024-12-31T00:00:00,8.51,4.498694,376,352,309,301,3.3624892,2024-01-01T00:00:00,30.541257142857148,Tiruvamur,"{""geodesic"":false,""type"":""Point"",""coordinates"":[79.46708107413056,11.763842887422989]}"
579_0,0.5,0.090121426,0.79,0.12,10.15,0.10984286,163,5.12,142,0.28833094,0.3,37.5,0.11899524,8.3,0.25534284,0.18014523,-1.4810086076387117,0.75,116.08355,333,343,"7/18/24, 12:00 AM",CUDDALORE,40,2024-12-31T00:00:00,7.04,4.5596237,400,388,267,270,2.1085093,2024-01-01T00:00:00,30.45359999999999,Melkavarapattu,"{""geodesic"":false,""type"":""Point"",""coordinates"":[79.57703486490679,11.74093584767794]}"
580_0,0.5,0.090121426,0.63,0.14,9.92,0.10984286,163,4.9,138,0.28833094,0.33,42,0.11899524,4.1,0.25534284,0.18014523,-1.4810086076387117,0.71,116.08355,333,343,"7/19/24, 12:00 AM",CUDDALORE,40,2024-12-31T00:00:00,7.03,4.5596237,400,388,267,270,2.1085093,2024-01-01T00:00:00,30.45359999999999,Melkavarapattu,"{""geodesic"":false,""type"":""Point"",""coordinates"":[79.57703486490679,11.74093584767794]}"
581_0,0.5,0.090121426,0.61,0.11,10.2,0.10984286,173,5.02,142,0.28833094,0.27,43,0.11899524,8.2,0.25534284,0.18014523,-1.4810086076387117,0.69,116.08355,333,343,"7/19/24, 12:00 AM",CUDDALORE,40,2024-12-31T00:00:00,7.06,4.5596237,400,388,267,270,2.1085093,2024-01-01T00:00:00,30.45359999999999,Melkavarapattu,"{""geodesic"":false,""type"":""Point"",""coordinates"":[79.57703486490679,11.74093584767794]}"
582_0,0.5,0.090121426,0.6,0.1,10.16,0.10984286,183,5.1,145,0.28833094,0.33,42,0.11899524,8.2,0.25534284,0.18014523,-1.4810086076387117,0.63,116.08355,333,343,"7/19/24, 12:00 AM",CUDDALORE,40,2024-12-31T00:00:00,7.1,4.5596237,400,388,267,270,2.1085093,2024-01-01T00:00:00,30.45359999999999,Melkavarapattu,"{""geodesic"":false,""type"":""Point"",""coordinates"":[79.57703486490679,11.74093584767794]}"
583_0,0.5,0.090121426,0.8,0.11,10.01,0.10984286,144,4.96,142,0.28833094,0.3,45.7,0.11899524,4.1,0.25534284,0.18014523,-1.4810086076387117,0.84,116.08355,333,343,"7/18/24, 12:00 AM",CUDDALORE,40,2024-12-31T00:00:00,7.11,4.5596237,400,388,267,270,2.1085093,2024-01-01T00:00:00,30.45359999999999,Melkavarapattu,"{""geodesic"":false,""type"":""Point"",""coordinates"":[79.57703486490679,11.74093584767794]}"
584_0,0.5,0.08986316,0.7,0.11,10.81,0.11462632,183,5.32,142,0.3432421,0.39,31,0.106973685,8.2,0.28633684,0.19781053,1.077415118841963,0.76,341.19525,363,390,"7/19/24, 12:00 AM",CUDDALORE,28,2024-12-31T00:00:00,6.93,4.665223,328,307,309,302,2.936794,2024-01-01T00:00:00,30.57907142857142,Melkavarapattu,"{""geodesic"":false,""type"":""Point"",""coordinates"":[79.5988639263109,11.792139818872753]}"
585_0,0.5,0.07135909,0.85,0.12,10.01,0.10329545,221,4.19,163,0.25028637,0.33,34.38,0.12715454,4.1,0.29808182,0.23657273,-1.4814143090478655,0.91,243.92157,338,366,"7/19/24, 12:00 AM",CUDDALORE,28,2024-12-31T00:00:00,7,4.5402136,332,319,330,315,2.1088939,2024-01-01T00:00:00,30.626357142857138,Melkavarapattu,"{""geodesic"":false,""type"":""Point"",""coordinates"":[79.58673666997528,11.803189096867424]}"
586_0,0.5,0.12404,0.6,0.12,10.98,0.151025,163,4.58,135,0.345495,0.3,37.5,0.15675,4.1,0.326685,0.243505,-1.3526790150332224,0.71,180.0,364,392,"7/19/24, 12:00 AM",CUDDALORE,27,2024-12-31T00:00:00,6.86,4.5402136,335,319,301,289,1.8543341,2024-01-01T00:00:00,30.596357142857148,Melkavarapattu,"{""geodesic"":false,""type"":""Point"",""coordinates"":[79.59239605626523,11.805075558964075]}"
587_0,0.5,0.12404,0.79,0.12,10.22,0.151025,173,4.98,173,0.345495,0.33,45.8,0.15675,4.1,0.326685,0.243505,-1.3526790150332224,0.91,180.0,364,392,"7/19/24, 12:00 AM",CUDDALORE,27,2024-12-31T00:00:00,7.06,4.5402136,335,319,301,289,1.8543341,2024-01-01T00:00:00,30.596357142857148,Melkavarapattu,"{""geodesic"":false,""type"":""Point"",""coordinates"":[79.59239605626523,11.805075558964075]}"
588_0,0.5,0.12404,0.7,0.15,9.65,0.151025,163,5.01,156,0.345495,0.3,31.3,0.15675,8.3,0.326685,0.243505,-1.3526790150332224,0.86,180.0,364,392,"7/19/24, 12:00 AM",CUDDALORE,27,2024-12-31T00:00:00,6.96,4.5402136,335,319,301,289,1.8543341,2024-01-01T00:00:00,30.596357142857148,Melkavarapattu,"{""geodesic"":false,""type"":""Point"",""coordinates"":[79.59239605626523,11.805075558964075]}"
589_0,0.5,0.12404,0.69,0.12,11.36,0.151025,192,4.93,135,0.345495,0.33,37.5,0.15675,4.1,0.326685,0.243505,-1.3526790150332224,0.71,180.0,364,392,"7/19/24, 12:00 AM",CUDDALORE,27,2024-12-31T00:00:00,7.09,4.5402136,335,319,301,289,1.8543341,2024-01-01T00:00:00,30.596357142857148,Melkavarapattu,"{""geodesic"":false,""type"":""Point"",""coordinates"":[79.59239605626523,11.805075558964075]}"
590_0,0.5,0.12404,0.72,0.14,12.44,0.151025,125,6.72,156,0.345495,0.39,41.6,0.15675,4.1,0.326685,0.243505,-1.3526790150332224,0.9,180.0,364,392,"7/18/24, 12:00 AM",CUDDALORE,27,2024-12-31T00:00:00,6.26,4.5402136,335,319,301,289,1.8543341,2024-01-01T00:00:00,30.596357142857148,Melkavarapattu,"{""geodesic"":false,""type"":""Point"",""coordinates"":[79.59239605626523,11.805075558964075]}"
591_0,0.5,0.12404,0.76,0.15,9.91,0.151025,192,4.7,156,0.345495,0.33,45.8,0.15675,4.1,0.326685,0.243505,-1.3526790150332224,0.9,180.0,364,392,"7/19/24, 12:00 AM",CUDDALORE,27,2024-12-31T00:00:00,7.06,4.5402136,335,319,301,289,1.8543341,2024-01-01T00:00:00,30.596357142857148,Melkavarapattu,"{""geodesic"":false,""type"":""Point"",""coordinates"":[79.59239605626523,11.805075558964075]}"
592_0,0.5,0.08986316,0.63,0.15,10.12,0.11462632,192,5.06,135,0.3432421,0.33,25,0.106973685,8.2,0.28633684,0.19781053,1.077415118841963,0.69,341.19525,363,390,"7/19/24, 12:00 AM",CUDDALORE,28,2024-12-31T00:00:00,7.02,4.665223,328,307,309,302,2.936794,2024-01-01T00:00:00,30.57907142857142,Melkavarapattu,"{""geodesic"":false,""type"":""Point"",""coordinates"":[79.5988639263109,11.792139818872753]}"
595_0,0.5,0.09643529,0.63,0.21,10.26,0.11559412,221,3.21,124,0.27102354,0.39,71.87,0.11496471,4.1,0.22781175,0.16361764,-1.481135614942218,0.63,243.91805,358,383,"7/19/24, 12:00 AM",CUDDALORE,8,2024-12-31T00:00:00,7.41,4.5885277,307,291,336,325,2.1086292,2024-01-01T00:00:00,30.47889655172414,Pillali,"{""geodesic"":false,""type"":""Point"",""coordinates"":[79.70827872791665,11.760339457814922]}"
596_0,0.5,0.122325,0.71,0.26,10.21,0.1402775,221,4.16,128,0.3518225,0.33,71.87,0.122445,4.13,0.25552,0.1560725,-1.5755869691451283,0.71,-0.0,333,356,"6/7/24, 12:00 AM",CUDDALORE,15,2024-12-31T00:00:00,8.11,4.6249967,319,304,348,339,4.6273675,2024-01-01T00:00:00,30.49741935483871,Pillali,"{""geodesic"":false,""type"":""Point"",""coordinates"":[79.68644966651254,11.73904938558129]}"
597_0,0.5,0.13157369,0.56,0.22,10.41,0.15408948,154,4.35,138,0.33630002,0.33,55,0.14936842,4.1,0.2791,0.19497895,3.157665932643732,0.51,45.609066,327,341,"6/10/24, 12:00 AM",CUDDALORE,5,2024-12-31T00:00:00,7.8,4.323916,328,319,345,339,1.3256023,2024-01-01T00:00:00,30.570969696969698,Pillali,"{""geodesic"":false,""type"":""Point"",""coordinates"":[79.75085887238392,11.773275197906244]}"
598_0,0.5,0.15718421,0.66,0.64,7.97,0.17443158,212,4.39,138,0.3114263,0.33,68.7,0.17575262,4.1,0.29190525,0.20944737,2.8005733661464873,0.76,90.0,333,349,"6/14/24, 12:00 AM",CUDDALORE,7,2024-12-31T00:00:00,7.56,4.323916,330,320,337,330,1.8941563,2024-01-01T00:00:00,30.570969696969698,Pillali,"{""geodesic"":false,""type"":""Point"",""coordinates"":[79.75058937779868,11.77354469249148]}"
599_0,0.5,0.13497369,0.15,0.71,8.36,0.15707895,173,3.95,118,0.31098422,0.33,55,0.1527579,4.1,0.2810263,0.20096315,2.344515008311507,0.26,108.072586,327,341,"6/14/24, 12:00 AM",CUDDALORE,6,2024-12-31T00:00:00,7.64,4.323916,328,319,345,339,2.9870603,2024-01-01T00:00:00,30.570969696969698,Pillali,"{""geodesic"":false,""type"":""Point"",""coordinates"":[79.75058937779868,11.773275197906244]}"
600_0,0.5,0.12606843,0.46,0.51,8.13,0.14677894,183,4.15,118,0.3166158,0.33,55,0.14386842,8.3,0.27512106,0.18808421,2.3445140487686915,0.5,108.07256,333,349,"6/14/24, 12:00 AM",CUDDALORE,6,2024-12-31T00:00:00,7.97,4.323916,330,320,337,330,2.9870632,2024-01-01T00:00:00,30.570969696969698,Pillali,"{""geodesic"":false,""type"":""Point"",""coordinates"":[79.75085887238392,11.77354469249148]}"
601_0,0.5,0.11192353,0.77,0.24,10.15,0.12961765,212,4.41,121,0.28774118,0.3,69,0.12078823,4.1,0.22184706,0.15477647,-0.3235215754437821,1.01,314.39227,358,383,"7/19/24, 12:00 AM",CUDDALORE,8,2024-12-31T00:00:00,7.66,4.5885277,307,291,336,325,1.3255708,2024-01-01T00:00:00,30.47889655172414,Pillali,"{""geodesic"":false,""type"":""Point"",""coordinates"":[79.70827872791665,11.760608952400158]}"
602_0,0.5,0.058000002,0.59,0.36,11.21,0.08393889,279,3.2,114,0.2249,0.3,52.5,0.082716666,4.1,0.18336111,0.1212,-1.4684077244539657,0.54,207.05429,358,389,"6/10/24, 12:00 AM",CUDDALORE,10,2024-12-31T00:00:00,7.86,4.5885277,312,293,330,318,2.0819845,2024-01-01T00:00:00,30.47889655172414,Pillali,"{""geodesic"":false,""type"":""Point"",""coordinates"":[79.7101651900133,11.759800468644451]}"
603_0,0.5,0.14184737,0.59,0.19,10.57,0.16588947,28.8,3.46,135,0.31186843,0.24,41.6,0.17385264,4.1,0.29250526,0.21283685,3.514983542035959,0.51,-0.0,327,341,"7/19/24, 12:00 AM",CUDDALORE,6,2024-12-31T00:00:00,7.66,4.323916,328,319,345,339,0.92740995,2024-01-01T00:00:00,30.570969696969698,Pillali,"{""geodesic"":false,""type"":""Point"",""coordinates"":[79.75058937779868,11.773005703321008]}"
604_0,0.5,0.09539,0.6,0.16,10.07,0.1201,144,4.11,86,0.28011,0.21,50,0.12504,4.1,0.24663,0.170075,-1.9484634771901748,0.67,34.253166,332,352,"7/19/24, 12:00 AM",CUDDALORE,12,2024-12-31T00:00:00,7.95,4.7172713,324,313,344,335,3.362469,2024-01-01T00:00:00,30.53041379310345,Konamangalam,"{""geodesic"":false,""type"":""Point"",""coordinates"":[79.69183955821727,11.758722490303507]}"
605_0,0.5,0.0679619,0.72,0.42,9.96,0.091390476,221,4.91,168,0.31900477,0.36,50,0.0895381,4.1,0.24156666,0.17396666,0.011951894079285128,0.8,90.0,358,376,"7/20/24, 12:00 AM",CUDDALORE,9,2024-12-31T00:00:00,8.5,4.3065486,319,308,323,316,0.9475809,2024-01-01T00:00:00,30.355277777777776,Kilkumaramangalam,"{""geodesic"":false,""type"":""Point"",""coordinates"":[79.74573847526443,11.844152273823275]}"
606_0,0.5,0.0860381,0.71,0.47,10.28,0.12100952,202,5.12,190,0.30846667,0.39,28,0.13252857,4.1,0.3284,0.22419524,-1.3844498430958736,0.86,14.329471,286,308,"7/19/24, 12:00 AM",CUDDALORE,7,2024-12-31T00:00:00,8.52,3.7324848,369,354,345,338,3.823407,2024-01-01T00:00:00,30.43488888888888,Madalpattu,"{""geodesic"":false,""type"":""Point"",""coordinates"":[79.79263053309548,11.85088963845417]}"
607_0,0.5,0.057795238,1.06,0.55,10.31,0.09117619,183,4.36,183,0.30679524,0.39,41.5,0.0796,4.1,0.23049048,0.14457619,2.1245709781250866,0.98,-0.0,303,327,"7/19/24, 12:00 AM",CUDDALORE,7,2024-12-31T00:00:00,8.21,3.9367187,344,332,353,341,0.0,2024-01-01T00:00:00,30.41177777777778,Madalpattu,"{""geodesic"":false,""type"":""Point"",""coordinates"":[79.79775093021496,11.847386208846105]}"
608_0,0.5,0.0860381,1.02,0.53,11.21,0.12100952,221,4.21,176,0.30846667,0.36,28,0.13252857,4.1,0.3284,0.22419524,-1.3844498430958736,0.91,14.329471,286,308,"7/19/24, 12:00 AM",CUDDALORE,7,2024-12-31T00:00:00,8.54,3.7324848,369,354,345,338,3.823407,2024-01-01T00:00:00,30.43488888888888,Madalpattu,"{""geodesic"":false,""type"":""Point"",""coordinates"":[79.79263053309548,11.85088963845417]}"
610_0,0.5,0.041504763,0.62,0.26,12.22,0.06487619,202,6.64,169,0.23754285,0.39,42,0.055428572,4.1,0.1823,0.110695235,-1.710284446961927,0.8,45.61676,303,327,"7/19/24, 12:00 AM",CUDDALORE,9,2024-12-31T00:00:00,7.55,3.9367187,344,332,353,341,2.6501498,2024-01-01T00:00:00,30.41177777777778,Madalpattu,"{""geodesic"":false,""type"":""Point"",""coordinates"":[79.79775093021496,11.846847219675633]}"
611_0,0.5,0.041504763,0.58,0.5,10.06,0.06487619,212,5.06,176,0.23754285,0.3,31,0.055428572,8.2,0.1823,0.110695235,-1.710284446961927,0.6,45.61676,303,327,"7/20/24, 12:00 AM",CUDDALORE,9,2024-12-31T00:00:00,8.28,3.9367187,344,332,353,341,2.6501498,2024-01-01T00:00:00,30.41177777777778,Madalpattu,"{""geodesic"":false,""type"":""Point"",""coordinates"":[79.79775093021496,11.846847219675633]}"
612_0,0.5,0.12020789,0.71,0.21,8.95,0.14641842,39,4.24,111,0.34785265,0.42,28.12,0.14046842,8.3,0.28355265,0.18745789,-1.3524138032621835,0.91,-0.0,334,361,"7/26/24, 12:00 AM",CUDDALORE,23,2024-12-31T00:00:00,5.07,4.6249967,392,371,274,268,1.8543341,2024-01-01T00:00:00,30.5088275862069,Vilangalpattu,"{""geodesic"":false,""type"":""Point"",""coordinates"":[79.6522238541876,11.730964548024215]}"
613_0,0.5,0.08285278,0.46,0.27,10.32,0.11165,55,5.86,104,0.27033612,0.33,28.12,0.11111389,4.1,0.25792778,0.17825556,-0.8497340915452776,0.86,34.2508,327,353,"6/3/24, 12:00 AM",CUDDALORE,18,2024-12-31T00:00:00,7.06,4.6249967,354,336,319,311,3.3623745,2024-01-01T00:00:00,30.524000000000004,Vilangalpattu,"{""geodesic"":false,""type"":""Point"",""coordinates"":[79.65923071340373,11.734198483047045]}"
614_0,0.5,0.08285278,0.75,0.52,12.41,0.11165,70,4.36,100,0.27033612,0.3,16.65,0.11111389,4.13,0.25792778,0.17825556,-0.8497340915452776,0.88,34.2508,327,353,"6/4/24, 12:00 AM",CUDDALORE,18,2024-12-31T00:00:00,6.38,4.6249967,354,336,319,311,3.3623745,2024-01-01T00:00:00,30.524000000000004,Vilangalpattu,"{""geodesic"":false,""type"":""Point"",""coordinates"":[79.65923071340373,11.734198483047045]}"
615_0,0.5,0.08285278,0.56,0.13,7.86,0.11165,39,3.96,111,0.27033612,0.5,37.5,0.11111389,8.3,0.25792778,0.17825556,-0.8497340915452776,0.81,34.2508,327,353,"6/3/24, 12:00 AM",CUDDALORE,18,2024-12-31T00:00:00,6.39,4.6249967,354,336,319,311,3.3623745,2024-01-01T00:00:00,30.524000000000004,Vilangalpattu,"{""geodesic"":false,""type"":""Point"",""coordinates"":[79.65923071340373,11.734198483047045]}"
616_0,0.5,0.17302369,0.81,0.52,16.21,0.19052368,63,4.26,100,0.3556658,0.39,20,0.19712631,4.1,0.3532816,0.26562893,-1.9529354182795153,0.91,163.73167,341,359,"7/19/24, 12:00 AM",CUDDALORE,16,2024-12-31T00:00:00,7.14,4.424942,334,320,326,321,6.732083,2024-01-01T00:00:00,30.433103448275862,Vilangalpattu,"{""geodesic"":false,""type"":""Point"",""coordinates"":[79.64306103828957,11.74174433143365]}"
617_0,0.5,0.08285278,0.63,0.2,10.74,0.11165,70,4.76,97,0.27033612,0.33,50,0.11111389,4.1,0.25792778,0.17825556,-0.8497340915452776,0.61,34.2508,327,353,"6/4/24, 12:00 AM",CUDDALORE,18,2024-12-31T00:00:00,6.15,4.6249967,354,336,319,311,3.3623745,2024-01-01T00:00:00,30.524000000000004,Vilangalpattu,"{""geodesic"":false,""type"":""Point"",""coordinates"":[79.65923071340373,11.734198483047045]}"
618_0,0.5,0.17302369,0.85,0.51,10.65,0.19052368,94,4.93,93,0.3556658,0.33,60,0.19712631,8.3,0.3532816,0.26562893,-1.9529354182795153,0.72,163.73167,341,359,"6/4/24, 12:00 AM",CUDDALORE,16,2024-12-31T00:00:00,7.33,4.424942,334,320,326,321,6.732083,2024-01-01T00:00:00,30.433103448275862,Vilangalpattu,"{""geodesic"":false,""type"":""Point"",""coordinates"":[79.64306103828957,11.74174433143365]}"
619_0,0.5,0.09323333,0.91,0.46,12.31,0.11610556,63,4.35,93,0.25794443,0.3,24,0.12312778,8.25,0.264675,0.20025277,-1.468294590286844,0.75,332.94785,336,358,"6/4/24, 12:00 AM",CUDDALORE,19,2024-12-31T00:00:00,6.85,4.6249967,356,343,309,299,2.081945,2024-01-01T00:00:00,30.524000000000004,Vilangalpattu,"{""geodesic"":false,""type"":""Point"",""coordinates"":[79.65842222964801,11.73446797763228]}"
620_0,0.5,0.15986334,0.88,0.42,12.31,0.17602,63,4.31,93,0.31672335,0.39,23,0.17884,8.3,0.30521,0.22297333,2.7746993973875864,0.96,-0.0,353,381,"7/19/24, 12:00 AM",CUDDALORE,16,2024-12-31T00:00:00,5.96,4.6249967,334,314,313,305,0.92740995,2024-01-01T00:00:00,30.522857142857138,Vilangalpattu,"{""geodesic"":false,""type"":""Point"",""coordinates"":[79.65114587584665,11.73904938558129]}"
621_0,0.5,0.08110588,1.11,0.23,9.75,0.10435294,202,5.21,187,0.30692354,0.39,57.5,0.109970585,8.3,0.26294118,0.1875353,-1.3741834629167382,1.21,270.0,356,374,"7/8/24, 12:00 AM",CUDDALORE,18,2024-12-31T00:00:00,7.71,4.3065486,333,323,312,304,1.8944918,2024-01-01T00:00:00,30.376108108108113,Malaipperumal Agaram,"{""geodesic"":false,""type"":""Point"",""coordinates"":[79.71528558713278,11.82232321241917]}"
622_0,0.5,0.055205554,0.75,0.24,9.41,0.079383336,202,4.28,176,0.2729611,0.33,67.5,0.062972225,4.1,0.17440556,0.09888333,-1.7101518591564433,0.85,134.38583,363,385,"7/8/24, 12:00 AM",CUDDALORE,16,2024-12-31T00:00:00,7.21,4.3065486,331,322,306,293,2.6500278,2024-01-01T00:00:00,30.376108108108113,Malaipperumal Agaram,"{""geodesic"":false,""type"":""Point"",""coordinates"":[79.71178215752472,11.82232321241917]}"
623_0,0.5,0.117782354,0.75,0.16,10.16,0.1360294,202,5.11,190,0.26938823,0.36,65.5,0.15010588,4.1,0.2961706,0.23140588,-2.1743280006000134,0.71,63.918617,320,353,"7/8/24, 12:00 AM",CUDDALORE,8,2024-12-31T00:00:00,7.69,4.323916,357,333,322,314,4.2116475,2024-01-01T00:00:00,30.551352941176475,Malaipperumal Agaram,"{""geodesic"":false,""type"":""Point"",""coordinates"":[79.75166735613962,11.767346317031055]}"
624_0,0.5,0.073665716,0.94,0.19,10.78,0.094534285,173,4.93,80,0.22895715,0.3,28.13,0.08758572,4.1,0.18177143,0.12086,-0.6804057533418266,0.73,90.0,342,363,"6/4/24, 12:00 AM",CUDDALORE,18,2024-12-31T00:00:00,7.04,4.6249967,324,309,334,328,0.9472042,2024-01-01T00:00:00,30.524000000000004,Vanamadevi North,"{""geodesic"":false,""type"":""Point"",""coordinates"":[79.66273414301179,11.735006966802752]}"
625_0,0.5,0.093655,0.91,0.43,9.35,0.1106275,135,4.41,90,0.28759,0.33,9,0.103835,8.25,0.2446875,0.1738975,-2.4852350005587094,0.75,80.73164,330,356,"6/4/24, 12:00 AM",CUDDALORE,30,2024-12-31T00:00:00,7.02,4.6249967,365,347,305,297,5.7394376,2024-01-01T00:00:00,30.564214285714286,Vanamadevi North,"{""geodesic"":false,""type"":""Point"",""coordinates"":[79.66785454013127,11.72476617256379]}"
626_0,0.5,0.135675,0.67,0.11,11.37,0.15754,70,4.93,107,0.34414,0.3,41.65,0.15574999,8.3,0.308175,0.225665,2.567857938092404,0.67,45.588467,293,323,"7/19/24, 12:00 AM",CUDDALORE,39,2024-12-31T00:00:00,6.52,4.36,403,372,304,306,1.3251159,2024-01-01T00:00:00,30.689833333333336,Abatharanapuram,"{""geodesic"":false,""type"":""Point"",""coordinates"":[79.56005670603693,11.57384920483171]}"
627_0,0.5,0.239535,0.64,0.05,11.32,0.25608,109,5.36,118,0.398635,0.33,31.2,0.263715,4.1,0.38137,0.29756,-1.4799262031596534,0.76,296.09726,293,323,"6/19/24, 12:00 AM",CUDDALORE,40,2024-12-31T00:00:00,6.29,4.36,403,372,304,306,2.1074812,2024-01-01T00:00:00,30.689833333333336,Abatharanapuram,"{""geodesic"":false,""type"":""Point"",""coordinates"":[79.56086518979264,11.572771226490767]}"
628_0,0.5,0.135675,0.64,0.06,11.32,0.15754,70,5.32,111,0.34414,0.33,25,0.15574999,4.1,0.308175,0.225665,2.567857938092404,0.73,45.588467,293,323,"6/19/24, 12:00 AM",CUDDALORE,39,2024-12-31T00:00:00,6.61,4.36,403,372,304,306,1.3251159,2024-01-01T00:00:00,30.689833333333336,Abatharanapuram,"{""geodesic"":false,""type"":""Point"",""coordinates"":[79.56005670603693,11.57384920483171]}"
629_0,0.5,0.191925,0.55,0.19,10.26,0.223075,70,4.92,118,0.367955,0.27,28.1,0.233955,4.1,0.371885,0.270795,-0.658711880549537,0.68,-0.0,293,323,"6/19/24, 12:00 AM",CUDDALORE,40,2024-12-31T00:00:00,6.9,4.36,403,372,304,306,0.92740995,2024-01-01T00:00:00,30.689833333333336,Abatharanapuram,"{""geodesic"":false,""type"":""Point"",""coordinates"":[79.56005670603693,11.573579710246474]}"
630_0,0.5,0.220015,0.63,0.3,11.32,0.23495,63,5.31,111,0.36682,0.33,34,0.23765,4.1,0.35562,0.28728,-0.09936071331624778,0.63,314.41168,299,330,"6/14/24, 12:00 AM",CUDDALORE,42,2024-12-31T00:00:00,7.68,4.36,399,370,303,300,2.648809,2024-01-01T00:00:00,30.711575757575762,Serakkuppam,"{""geodesic"":false,""type"":""Point"",""coordinates"":[79.55493630891745,11.57250173190553]}"
631_0,0.5,0.135675,0.93,0.24,11.41,0.15754,70,5.31,107,0.34414,0.3,34,0.15574999,4.1,0.308175,0.225665,2.567857938092404,0.63,45.588467,293,323,"6/14/24, 12:00 AM",CUDDALORE,39,2024-12-31T00:00:00,6.87,4.36,403,372,304,306,1.3251159,2024-01-01T00:00:00,30.689833333333336,Serakkuppam,"{""geodesic"":false,""type"":""Point"",""coordinates"":[79.56005670603693,11.57384920483171]}"
632_0,0.5,0.081352174,0.62,0.3,10.65,0.107965216,173,5.81,107,0.32434782,0.3,31,0.098669566,4.1,0.28971305,0.21637392,-1.015523186615923,0.68,225.58574,311,319,"7/16/24, 12:00 AM",CUDDALORE,13,2024-12-31T00:00:00,6.26,4.3084235,328,322,360,359,1.3250515,2024-01-01T00:00:00,30.61327777777777,Aduragaram,"{""geodesic"":false,""type"":""Point"",""coordinates"":[79.61799804186263,11.54716924089336]}"
633_0,0.5,0.14872727,0.76,0.17,9.68,0.16562727,212,5.11,100,0.27251363,0.39,28,0.17011364,8.2,0.24523182,0.1746909,-1.7085868795187908,0.82,134.41588,352,365,"7/16/24, 12:00 AM",CUDDALORE,8,2024-12-31T00:00:00,6.84,4.3084235,290,283,358,352,2.648611,2024-01-01T00:00:00,30.533272727272728,Aduragaram,"{""geodesic"":false,""type"":""Point"",""coordinates"":[79.62796934151636,11.531269060364444]}"
634_0,0.5,0.13120909,0.7,0.22,10.51,0.15391363,183,5.62,118,0.29431364,0.36,28,0.15474546,4.1,0.26902273,0.18688637,-2.04486092868298,0.72,180.0,352,365,"7/16/24, 12:00 AM",CUDDALORE,9,2024-12-31T00:00:00,6.69,4.3084235,290,283,358,352,3.7047918,2024-01-01T00:00:00,30.533272727272728,Aduragaram,"{""geodesic"":false,""type"":""Point"",""coordinates"":[79.62769984693114,11.531269060364444]}"
635_0,0.5,0.15728095,0.42,0.57,6.36,0.17429523,212,3.14,142,0.37617144,0.3,12.5,0.1639619,4.1,0.31599525,0.22831905,0.8451064215613274,0.49,-0.0,321,331,"7/19/24, 12:00 AM",CUDDALORE,39,2024-12-31T00:00:00,7.92,4.3789372,391,381,288,287,1.8543341,2024-01-01T00:00:00,30.633741935483876,Puliyur(west),"{""geodesic"":false,""type"":""Point"",""coordinates"":[79.64009659785198,11.647151732015862]}"
636_0,0.5,0.15728095,0.7,0.28,9.2,0.17429523,86,4.64,100,0.37617144,0.33,34.4,0.1639619,4.1,0.31599525,0.22831905,0.8451064215613274,0.69,-0.0,321,331,"7/22/24, 12:00 AM",CUDDALORE,39,2024-12-31T00:00:00,7.09,4.3789372,391,381,288,287,1.8543341,2024-01-01T00:00:00,30.633741935483876,Puliyur(west),"{""geodesic"":false,""type"":""Point"",""coordinates"":[79.64009659785198,11.647151732015862]}"
637_0,0.5,0.135675,0.65,0.16,11.2,0.15754,78,4.9,124,0.34414,0.27,50,0.15574999,4.1,0.308175,0.225665,2.567857938092404,0.55,45.588467,293,323,"6/26/24, 12:00 AM",CUDDALORE,39,2024-12-31T00:00:00,6.18,4.36,403,372,304,306,1.3251159,2024-01-01T00:00:00,30.689833333333336,Kanchamanathapuram,"{""geodesic"":false,""type"":""Point"",""coordinates"":[79.56005670603693,11.57384920483171]}"
638_0,0.5,0.12660952,0.98,0.52,9.62,0.15624762,212,4.51,156,0.28120476,0.3,28.1,0.18510476,4.1,0.36141428,0.2931,3.47912726271948,1.26,270.0,311,322,"7/19/24, 12:00 AM",CUDDALORE,36,2024-12-31T00:00:00,6.59,4.3789372,387,378,302,300,1.8932457,2024-01-01T00:00:00,30.66436363636364,Agaram,"{""geodesic"":false,""type"":""Point"",""coordinates"":[79.63362872780633,11.640683861970203]}"
639_0,0.5,0.16619584,0.5,0.59,9.37,0.17672917,221,4.32,149,0.223575,0.27,28.1,0.18974166,8.3,0.24061249,0.20905417,-1.4802783502347145,0.6,116.09281,338,365,"7/19/24, 12:00 AM",CUDDALORE,24,2024-12-31T00:00:00,7.65,4.4991775,348,330,314,304,4.2099385,2024-01-01T00:00:00,30.534324324324324,Agaram,"{""geodesic"":false,""type"":""Point"",""coordinates"":[79.66812403471651,11.627478627293645]}"
640_0,0.5,0.11792609,0.84,0.48,10.98,0.14202175,221,5.21,156,0.33079565,0.3,22.5,0.1290087,4.1,0.2286,0.15763913,-0.6588589694159923,0.91,-0.0,337,341,"7/19/24, 12:00 AM",CUDDALORE,2,2024-12-31T00:00:00,6.75,4.423108,304,299,359,361,0.92740995,2024-01-01T00:00:00,30.393722222222223,Agaram,"{""geodesic"":false,""type"":""Point"",""coordinates"":[79.72229244634892,11.615351370958033]}"
641_0,0.5,0.135675,0.67,0.21,11.02,0.15754,212,4.22,149,0.34414,0.3,45.8,0.15574999,4.1,0.308175,0.225665,2.567857938092404,0.76,45.588467,293,323,"6/26/24, 12:00 AM",CUDDALORE,39,2024-12-31T00:00:00,6.57,4.36,403,372,304,306,1.3251159,2024-01-01T00:00:00,30.689833333333336,Parvathipuram,"{""geodesic"":false,""type"":""Point"",""coordinates"":[79.56005670603693,11.57384920483171]}"
642_0,0.5,0.135675,0.5,0.2,9.19,0.15754,135,3.94,131,0.34414,0.24,41.6,0.15574999,4.1,0.308175,0.225665,2.567857938092404,0.53,45.588467,293,323,"6/26/24, 12:00 AM",CUDDALORE,39,2024-12-31T00:00:00,7.67,4.36,403,372,304,306,1.3251159,2024-01-01T00:00:00,30.689833333333336,Parvathipuram,"{""geodesic"":false,""type"":""Point"",""coordinates"":[79.56005670603693,11.57384920483171]}"
643_0,0.5,0.16619584,0.88,0.51,10.21,0.17672917,192,4.25,159,0.223575,0.33,31,0.18974166,4.1,0.24061249,0.20905417,-1.4802783502347145,0.95,116.09281,338,365,"7/24/24, 12:00 AM",CUDDALORE,24,2024-12-31T00:00:00,6.95,4.4991775,348,330,314,304,4.2099385,2024-01-01T00:00:00,30.534324324324324,Kundiyamallur South,"{""geodesic"":false,""type"":""Point"",""coordinates"":[79.66812403471651,11.627478627293645]}"
645_0,0.5,0.08843333,0.95,0.58,9.62,0.11805238,183,4.06,97,0.3458143,0.27,34,0.114614286,4.1,0.2653286,0.18685715,-1.9468052382806833,0.82,214.21904,280,292,"7/27/24, 12:00 AM",CUDDALORE,8,2024-12-31T00:00:00,8.38,4.288105,346,339,374,369,3.3611095,2024-01-01T00:00:00,30.5580625,Kanakkarapattu,"{""geodesic"":false,""type"":""Point"",""coordinates"":[79.7597521936967,11.400564186525054]}"
646_0,0.5,0.071890004,0.59,0.22,9.18,0.09391,144,4.51,138,0.243965,0.3,34.3,0.09122,4.1,0.226675,0.170765,-1.7081861647086978,0.64,314.42355,287,300,"7/26/24, 12:00 AM",CUDDALORE,8,2024-12-31T00:00:00,5.71,4.270791,350,339,363,361,2.6482494,2024-01-01T00:00:00,30.645310344827585,Killai R.F.,"{""geodesic"":false,""type"":""Point"",""coordinates"":[79.76783703125378,11.455810576498404]}"
647_0,0.5,0.071890004,0.65,0.14,10.15,0.09391,163,5.06,104,0.243965,0.3,34.3,0.09122,4.1,0.226675,0.170765,-1.7081861647086978,0.75,314.42355,287,300,"7/26/24, 12:00 AM",CUDDALORE,8,2024-12-31T00:00:00,5.78,4.270791,350,339,363,361,2.6482494,2024-01-01T00:00:00,30.645310344827585,Killai R.F.,"{""geodesic"":false,""type"":""Point"",""coordinates"":[79.76783703125378,11.455810576498404]}"
648_0,0.5,0.08036,0.91,0.57,9.35,0.092705,47,4.06,86,0.21767999,0.42,22.5,0.09529,4.1,0.22578,0.17327,-1.3715781226854316,0.75,90.0,287,300,"7/27/24, 12:00 AM",CUDDALORE,6,2024-12-31T00:00:00,6.29,4.270791,350,339,363,361,1.8920035,2024-01-01T00:00:00,30.645310344827585,Killai R.F.,"{""geodesic"":false,""type"":""Point"",""coordinates"":[79.76783703125378,11.456349565668877]}"
649_0,0.05,0.10163333,0.7,0.54,10.56,0.1294619,39,5.28,93,0.39044285,0.27,28.11,0.10884762,8.2,0.26119524,0.17531429,0.5450908791827354,0.75,256.23325,307,316,"7/26/24, 12:00 AM",CUDDALORE,3,2024-12-31T00:00:00,6.27,4.270791,312,303,381,381,3.8915174,2024-01-01T00:00:00,30.623733333333337,Killai R.F.,"{""geodesic"":false,""type"":""Point"",""coordinates"":[79.76379461247524,11.468746316589726]}"
650_0,0.5,0.13792728,0.68,0.47,8.92,0.15396819,202,4.38,80,0.30337727,0.39,60,0.15101363,4.1,0.25922272,0.18095455,7.877307755891587,0.72,332.97726,303,315,"7/27/24, 12:00 AM",CUDDALORE,4,2024-12-31T00:00:00,7.48,4.4413977,319,312,378,372,2.0814002,2024-01-01T00:00:00,30.54617142857144,Chithalapadi,"{""geodesic"":false,""type"":""Point"",""coordinates"":[79.7341502080993,11.379274114291421]}"
651_0,0.5,0.10963478,0.5,0.64,8.15,0.12941739,163,4.13,118,0.28746086,0.24,31.3,0.114278264,8.3,0.23687826,0.1585087,-1.7077866183459833,0.51,134.43121,323,335,"7/26/24, 12:00 AM",CUDDALORE,5,2024-12-31T00:00:00,8.28,4.4413977,298,296,379,370,2.647889,2024-01-01T00:00:00,30.54617142857144,Kavarapattu,"{""geodesic"":false,""type"":""Point"",""coordinates"":[79.73657565936641,11.38008259804713]}"
652_0,0.5,0.08758,0.7,0.29,9.37,0.11178,202,5.05,166,0.288965,0.36,31.3,0.118175,8.3,0.269515,0.18311,-0.8941127477847343,0.8,233.67679,307,308,"8/1/24, 12:00 AM",CUDDALORE,3,2024-12-31T00:00:00,7.29,4.4052277,329,326,364,365,4.6869454,2024-01-01T00:00:00,30.661096774193553,Kannangudi,"{""geodesic"":false,""type"":""Point"",""coordinates"":[79.65437981086949,11.402450648621706]}"
653_0,0.5,0.086769566,0.45,0.59,6.78,0.11589131,212,3.58,142,0.31821305,0.21,15,0.12051739,4.1,0.34386522,0.22826956,0.035389462347609715,0.56,-0.0,302,317,"8/1/24, 12:00 AM",CUDDALORE,5,2024-12-31T00:00:00,8.15,4.654199,343,336,355,347,0.92740995,2024-01-01T00:00:00,30.571823529411766,Neyvasal,"{""geodesic"":false,""type"":""Point"",""coordinates"":[79.57433991905442,11.297347760379722]}"
654_0,0.5,0.092895456,0.52,0.61,5.73,0.12257727,212,2.68,138,0.37301365,0.3,17.5,0.10635909,8.3,0.29250455,0.18333636,-1.9538605491415937,0.59,236.82542,293,311,"8/1/24, 12:00 AM",CUDDALORE,12,2024-12-31T00:00:00,7.66,4.654199,357,346,350,343,3.3860548,2024-01-01T00:00:00,30.53410526315789,Neyvasal,"{""geodesic"":false,""type"":""Point"",""coordinates"":[79.56625508149736,11.297886749550193]}"
655_0,0.5,0.15115,0.65,0.5,5.94,0.16565908,260,2.71,138,0.3411909,0.24,20,0.15491818,8.3,0.26521817,0.17494546,1.470463319871582,0.72,45.564938,316,325,"8/1/24, 12:00 AM",CUDDALORE,8,2024-12-31T00:00:00,7.65,4.582335,323,319,361,356,1.3245609,2024-01-01T00:00:00,30.57271428571429,Neyvasal,"{""geodesic"":false,""type"":""Point"",""coordinates"":[79.58134677827056,11.341544872358401]}"
656_0,0.5,0.15115,0.59,0.55,6.12,0.16565908,240,2.98,135,0.3411909,0.3,17.5,0.15491818,4.1,0.26521817,0.17494546,1.470463319871582,0.65,45.564938,316,325,"8/1/24, 12:00 AM",CUDDALORE,8,2024-12-31T00:00:00,7.84,4.582335,323,319,361,356,1.3245609,2024-01-01T00:00:00,30.57271428571429,Neyvasal,"{""geodesic"":false,""type"":""Point"",""coordinates"":[79.58134677827056,11.341544872358401]}"
657_0,0.5,0.15115,0.64,0.48,6.26,0.16565908,231,3.06,131,0.3411909,0.27,15,0.15491818,8.3,0.26521817,0.17494546,1.470463319871582,0.78,45.564938,316,325,"8/1/24, 12:00 AM",CUDDALORE,8,2024-12-31T00:00:00,7.65,4.582335,323,319,361,356,1.3245609,2024-01-01T00:00:00,30.57271428571429,Neyvasal,"{""geodesic"":false,""type"":""Point"",""coordinates"":[79.58134677827056,11.341544872358401]}"
658_0,0.5,0.12679444,0.81,0.54,9.31,0.15026666,117,5.41,142,0.31259444,0.39,20,0.15199444,4.1,0.27516666,0.18294445,-1.8263408424953753,0.76,108.104416,305,308,"7/22/24, 12:00 AM",CUDDALORE,12,2024-12-31T00:00:00,7.74,4.8637958,328,330,367,362,2.981993,2024-01-01T00:00:00,30.593625000000003,Periakottagam,"{""geodesic"":false,""type"":""Point"",""coordinates"":[79.5463124821899,11.243718337917786]}"
659_0,0.5,0.117699996,0.86,0.53,9.28,0.14559445,125,5.36,159,0.30581668,0.3,20,0.14374444,8.3,0.25616667,0.17192778,-1.7561855148373928,0.91,180.0,305,308,"7/22/24, 12:00 AM",CUDDALORE,13,2024-12-31T00:00:00,7.8,4.8637958,328,330,367,362,2.7802885,2024-01-01T00:00:00,30.593625000000003,Periakottagam,"{""geodesic"":false,""type"":""Point"",""coordinates"":[79.54604298760466,11.24344884333255]}"
660_0,0.5,0.117699996,0.71,0.54,9.63,0.14559445,185,5.05,142,0.30581668,0.3,25,0.14374444,4.1,0.25616667,0.17192778,-1.7561855148373928,0.75,180.0,305,308,"7/22/24, 12:00 AM",CUDDALORE,13,2024-12-31T00:00:00,7.56,4.8637958,328,330,367,362,2.7802885,2024-01-01T00:00:00,30.593625000000003,Periakottagam,"{""geodesic"":false,""type"":""Point"",""coordinates"":[79.54604298760466,11.24344884333255]}"
661_0,0.5,0.117699996,0.63,0.54,10.11,0.14559445,94,5.21,156,0.30581668,0.3,20,0.14374444,8.3,0.25616667,0.17192778,-1.7561855148373928,0.81,180.0,305,308,"7/22/24, 12:00 AM",CUDDALORE,13,2024-12-31T00:00:00,7.71,4.8637958,328,330,367,362,2.7802885,2024-01-01T00:00:00,30.593625000000003,Periakottagam,"{""geodesic"":false,""type"":""Point"",""coordinates"":[79.54604298760466,11.24344884333255]}"
662_0,0.95,0.14195555,1.06,0.15,10.31,0.16532221,94,4.31,156,0.31112224,0.3,15,0.17328888,4.1,0.29200557,0.20487222,3.5912293290705795,0.5,225.55518,298,302,"7/31/24, 12:00 AM",CUDDALORE,10,2024-12-31T00:00:00,7.15,4.8637958,330,329,372,370,1.3243309,2024-01-01T00:00:00,30.593625000000003,Periakottagam,"{""geodesic"":false,""type"":""Point"",""coordinates"":[79.54496500926372,11.243987832503022]}"
663_0,0.5,0.093175,0.62,0.21,5.98,0.107325,202,2.91,169,0.29518,0.3,37.5,0.099395,8.3,0.24367,0.16414501,-1.4675853304755704,0.65,207.03828,324,338,"7/24/24, 12:00 AM",CUDDALORE,74,2024-12-31T00:00:00,8.39,4.0401964,372,359,304,302,2.081688,2024-01-01T00:00:00,30.557151515151517,Kammapuram,"{""geodesic"":false,""type"":""Point"",""coordinates"":[79.40482782494108,11.568459313126993]}"
664_0,0.5,0.09487,0.51,0.19,5.62,0.117445,212,2.91,169,0.312665,0.3,25,0.126965,8.3,0.28558,0.21475,-0.6586938711546355,0.59,180.0,324,338,"7/24/24, 12:00 AM",CUDDALORE,73,2024-12-31T00:00:00,8.52,4.0401964,372,359,304,302,0.92740995,2024-01-01T00:00:00,30.557151515151517,Kammapuram,"{""geodesic"":false,""type"":""Point"",""coordinates"":[79.40482782494108,11.567920323956521]}"
665_0,0.5,0.084935,0.62,0.21,6.36,0.103175,202,3.14,166,0.32887,0.33,37.5,0.096260004,8.3,0.268565,0.183885,-0.6586938711546355,0.7,180.0,324,338,"7/24/24, 12:00 AM",CUDDALORE,73,2024-12-31T00:00:00,8.47,4.0401964,372,359,304,302,0.92740995,2024-01-01T00:00:00,30.557151515151517,Kammapuram,"{""geodesic"":false,""type"":""Point"",""coordinates"":[79.40482782494108,11.568189818541757]}"
666_0,0.5,0.084935,0.62,0.23,6.37,0.103175,192,3.2,156,0.32887,0.27,34.3,0.096260004,4.1,0.268565,0.183885,-0.6586938711546355,0.65,180.0,324,338,"7/24/24, 12:00 AM",CUDDALORE,73,2024-12-31T00:00:00,8.69,4.0401964,372,359,304,302,0.92740995,2024-01-01T00:00:00,30.557151515151517,Kammapuram,"{""geodesic"":false,""type"":""Point"",""coordinates"":[79.40482782494108,11.568189818541757]}"
667_0,0.5,0.10773,0.65,0.23,6.15,0.128055,173,2.98,166,0.2561,0.3,31.2,0.15573,4.1,0.29930001,0.246015,-1.015634205101771,0.73,134.41211,324,338,"7/24/24, 12:00 AM",CUDDALORE,74,2024-12-31T00:00:00,8.52,4.0401964,372,359,304,302,1.3251024,2024-01-01T00:00:00,30.557151515151517,Kammapuram,"{""geodesic"":false,""type"":""Point"",""coordinates"":[79.4050973195263,11.568459313126993]}"
668_0,0.5,0.10773,0.51,0.19,6.34,0.128055,163,3.98,166,0.2561,0.33,31.3,0.15573,4.1,0.29930001,0.246015,-1.015634205101771,0.55,134.41211,324,338,"7/24/24, 12:00 AM",CUDDALORE,74,2024-12-31T00:00:00,8.41,4.0401964,372,359,304,302,1.3251024,2024-01-01T00:00:00,30.557151515151517,Kammapuram,"{""geodesic"":false,""type"":""Point"",""coordinates"":[79.4050973195263,11.568459313126993]}"
669_0,0.5,0.09735,0.5,0.2,6.37,0.11434,202,3.2,169,0.27122,0.27,25,0.12646501,4.1,0.264185,0.19664499,-1.4798971627734505,0.48,116.097626,324,338,"7/24/24, 12:00 AM",CUDDALORE,73,2024-12-31T00:00:00,8.58,4.0401964,372,359,304,302,2.1074526,2024-01-01T00:00:00,30.557151515151517,Kammapuram,"{""geodesic"":false,""type"":""Point"",""coordinates"":[79.4050973195263,11.568189818541757]}"
670_0,0.5,0.084935,0.51,0.14,6.85,0.103175,212,4.08,159,0.32887,0.21,28.13,0.096260004,4.1,0.268565,0.183885,-0.6586938711546355,0.55,180.0,324,338,"7/24/24, 12:00 AM",CUDDALORE,73,2024-12-31T00:00:00,8.57,4.0401964,372,359,304,302,0.92740995,2024-01-01T00:00:00,30.557151515151517,Kammapuram,"{""geodesic"":false,""type"":""Point"",""coordinates"":[79.40482782494108,11.568189818541757]}"
671_0,0.5,0.10773,0.91,0.38,9.51,0.128055,125,4.26,118,0.2561,0.27,17.5,0.15573,4.1,0.29930001,0.246015,-1.015634205101771,0.82,134.41211,324,338,"7/25/24, 12:00 AM",CUDDALORE,74,2024-12-31T00:00:00,8.42,4.0401964,372,359,304,302,1.3251024,2024-01-01T00:00:00,30.557151515151517,Sattapadi,"{""geodesic"":false,""type"":""Point"",""coordinates"":[79.4050973195263,11.568459313126993]}"
672_0,0.5,0.101165004,0.61,0.18,8.3,0.128175,117,4.01,156,0.274075,0.3,41.6,0.12658,4.1,0.258625,0.186905,-0.2534430787561727,0.5,-0.0,321,327,"7/20/24, 12:00 AM",CUDDALORE,52,2024-12-31T00:00:00,8.2,3.7275825,360,358,318,315,1.8543341,2024-01-01T00:00:00,30.968875000000004,Kattiyanallur,"{""geodesic"":false,""type"":""Point"",""coordinates"":[79.32209298727366,11.62855660563459]}"
673_0,0.5,0.12247,0.58,0.17,8.23,0.14245,125,4.1,111,0.271395,0.24,34.5,0.139735,4.1,0.26322,0.19797,-1.1191682555959293,0.5,198.7944,323,337,"7/20/24, 12:00 AM",CUDDALORE,52,2024-12-31T00:00:00,8.26,3.7275825,359,351,318,312,2.936614,2024-01-01T00:00:00,30.968875000000004,Kattiyanallur,"{""geodesic"":false,""type"":""Point"",""coordinates"":[79.32128450351796,11.628826100219825]}"
674_0,0.5,0.1740909,0.51,0.27,6.24,0.18439092,117,3.12,111,0.32148182,0.27,41.6,0.17277727,4.1,0.29723635,0.22523637,-1.8286310700483641,0.56,108.08385,317,321,"7/20/24, 12:00 AM",CUDDALORE,50,2024-12-31T00:00:00,8.24,3.763944,372,369,311,310,2.9852648,2024-01-01T00:00:00,30.603999999999996,Kattiyanallur,"{""geodesic"":false,""type"":""Point"",""coordinates"":[79.31535562264277,11.588671407019682]}"
675_0,0.5,0.107045,0.55,0.3,6.73,0.12968001,15.4,3.16,156,0.26590002,0.24,34.3,0.13536,4,0.267135,0.19294,-0.6589111172246871,0.64,180.0,323,337,"7/20/24, 12:00 AM",CUDDALORE,54,2024-12-31T00:00:00,8.23,3.7275825,359,351,318,312,0.92740995,2024-01-01T00:00:00,30.968875000000004,Kattiyanallur,"{""geodesic"":false,""type"":""Point"",""coordinates"":[79.32047601976225,11.629634583975532]}"
676_0,0.5,0.1740909,0.52,0.15,5.91,0.18439092,144,2.76,142,0.32148182,0.36,37.5,0.17277727,4.1,0.29723635,0.22523637,-1.8286310700483641,0.59,108.08385,317,321,"7/20/24, 12:00 AM",CUDDALORE,50,2024-12-31T00:00:00,8.17,3.763944,372,369,311,310,2.9852648,2024-01-01T00:00:00,30.603999999999996,Kattiyanallur,"{""geodesic"":false,""type"":""Point"",""coordinates"":[79.31535562264277,11.588671407019682]}"
677_0,0.5,0.094385,0.62,0.2,6.06,0.120965,117,2.95,138,0.25677,0.24,37.5,0.119555004,4.1,0.25626,0.18583,0.9297782095881376,0.71,90.0,323,337,"7/20/24, 12:00 AM",CUDDALORE,55,2024-12-31T00:00:00,8.32,3.7275825,359,351,318,312,0.94684637,2024-01-01T00:00:00,30.82937142857143,Kattiyanallur,"{""geodesic"":false,""type"":""Point"",""coordinates"":[79.31966753600655,11.630173573146005]}"
678_0,0.5,0.1383,0.6,0.16,9.98,0.14829047,117,4.78,128,0.3141762,0.3,17,0.14870952,8.2,0.30482382,0.24042381,-0.32272650130273123,0.68,134.40749,326,333,"7/23/24, 12:00 AM",CUDDALORE,56,2024-12-31T00:00:00,8.22,3.7275825,381,373,293,294,1.3252113,2024-01-01T00:00:00,30.710529411764696,Pavalangudi ko,"{""geodesic"":false,""type"":""Point"",""coordinates"":[79.30646230132999,11.613195414276145]}"
679_0,0.5,0.1126,0.6,0.13,10.23,0.13742632,135,4.63,128,0.31286317,0.24,15,0.13777368,4.1,0.28847894,0.19582105,7.26465620577599,0.61,134.4058,323,331,"7/22/24, 12:00 AM",CUDDALORE,53,2024-12-31T00:00:00,8.4,3.7275825,365,364,311,306,1.3252511,2024-01-01T00:00:00,30.858882352941183,Pavalangudi ko,"{""geodesic"":false,""type"":""Point"",""coordinates"":[79.33152529775693,11.629634583975532]}"
680_0,0.5,0.130135,0.53,0.14,9.76,0.151465,117,4.11,152,0.34516,0.27,22.5,0.14554,4.1,0.30254,0.20388,2.125347510707701,0.59,-0.0,326,332,"7/22/24, 12:00 AM",CUDDALORE,53,2024-12-31T00:00:00,8.44,3.7275825,366,362,307,306,0.0,2024-01-01T00:00:00,30.858882352941183,Pavalangudi ko,"{""geodesic"":false,""type"":""Point"",""coordinates"":[79.33233378151263,11.629365089390296]}"
681_0,0.5,0.130135,0.55,0.26,10.07,0.151465,144,4.43,163,0.34516,0.33,17.5,0.14554,4.1,0.30254,0.20388,2.125347510707701,0.6,-0.0,326,332,"7/22/24, 12:00 AM",CUDDALORE,53,2024-12-31T00:00:00,8.35,3.7275825,366,362,307,306,0.0,2024-01-01T00:00:00,30.858882352941183,Pavalangudi ko,"{""geodesic"":false,""type"":""Point"",""coordinates"":[79.33233378151263,11.629365089390296]}"
682_0,0.5,0.145675,0.6,0.13,9.8,0.16397,109,4.2,138,0.335585,0.24,20,0.152895,4.1,0.286575,0.206985,2.125347510707701,0.57,-0.0,326,332,"7/22/24, 12:00 AM",CUDDALORE,53,2024-12-31T00:00:00,8.22,3.7275825,366,362,307,306,0.0,2024-01-01T00:00:00,30.858882352941183,Pavalangudi ko,"{""geodesic"":false,""type"":""Point"",""coordinates"":[79.33260327609787,11.629365089390296]}"
683_0,0.5,0.111610524,0.62,0.12,11.54,0.13681579,50,4.32,53,0.28956842,0.36,6,0.14182106,4.1,0.2665158,0.18953158,7.62246860953752,0.64,-0.0,323,331,"7/23/24, 12:00 AM",CUDDALORE,52,2024-12-31T00:00:00,8.4,3.7275825,365,364,311,306,0.92740995,2024-01-01T00:00:00,30.858882352941183,Pavalangudi ko,"{""geodesic"":false,""type"":""Point"",""coordinates"":[79.33125580317169,11.628826100219825]}"
684_0,0.5,0.12168781,0.91,0.15,12.41,0.14616342,173,3.21,111,0.31481218,0.42,10,0.15983902,4.13,0.3317366,0.24584635,-0.27305922541585237,0.86,270.0,334,334,"7/4/24, 12:00 AM",CUDDALORE,85,2024-12-31T00:00:00,7.92,3.427727,356,359,310,307,1.8920927,2024-01-01T00:00:00,30.85974358974359,Kallur,"{""geodesic"":false,""type"":""Point"",""coordinates"":[79.04586103740692,11.46982429493067]}"
685_0,0.5,0.09880909,0.59,0.27,7.65,0.12072045,183,3.57,104,0.24105681,0.3,20,0.14833637,8.3,0.33149773,0.24594091,-0.6584418848156968,0.76,-0.0,334,338,"7/9/24, 12:00 AM",CUDDALORE,86,2024-12-31T00:00:00,8.01,3.498318,390,389,276,273,0.92740995,2024-01-01T00:00:00,30.903371428571425,Kallur,"{""geodesic"":false,""type"":""Point"",""coordinates"":[79.05664082081636,11.495965269698548]}"
686_0,0.5,0.0673,0.54,0.16,7.65,0.087196,75,3.48,138,0.279944,0.36,50,0.085712,4.1,0.209108,0.140356,-1.0155634232944366,0.6,225.58656,322,312,"6/25/24, 12:00 AM",CUDDALORE,111,2024-12-31T00:00:00,8.01,3.3751638,368,370,310,318,1.325071,2024-01-01T00:00:00,30.887225806451614,Naraiyur S.,"{""geodesic"":false,""type"":""Point"",""coordinates"":[78.95072944881866,11.555254078450435]}"
687_0,0.5,0.073336,0.69,0.19,8.23,0.096604,102,3.46,121,0.277468,0.3,37.5,0.096328,8.3,0.23276,0.160432,0.9507861508703705,0.72,-0.0,322,312,"6/25/24, 12:00 AM",CUDDALORE,108,2024-12-31T00:00:00,7.99,3.3751638,368,370,310,318,0.92740995,2024-01-01T00:00:00,30.887225806451614,Naraiyur S.,"{""geodesic"":false,""type"":""Point"",""coordinates"":[78.95180742715961,11.5549845838652]}"
688_0,0.5,0.152636,0.65,0.27,7.36,0.168984,63,3.65,124,0.270644,0.36,41.6,0.185248,4.1,0.28856,0.228164,4.833659193726785,0.76,-0.0,312,309,"6/25/24, 12:00 AM",CUDDALORE,118,2024-12-31T00:00:00,8.02,3.3423345,378,375,310,316,0.0,2024-01-01T00:00:00,30.797124999999998,Naraiyur S.,"{""geodesic"":false,""type"":""Point"",""coordinates"":[78.93968017082399,11.553367616353786]}"
689_0,0.5,0.151668,0.96,0.16,9.93,0.168096,221,4.06,149,0.302144,0.24,34.4,0.169408,4.1,0.268376,0.205556,-0.6586468481525417,0.56,180.0,326,321,"6/26/24, 12:00 AM",CUDDALORE,115,2024-12-31T00:00:00,7.99,3.3423345,366,366,308,313,0.92740995,2024-01-01T00:00:00,30.797124999999998,Naraiyur S.,"{""geodesic"":false,""type"":""Point"",""coordinates"":[78.9412971383354,11.555254078450435]}"
690_0,0.5,0.11028462,0.63,0.18,7.4,0.12683846,86,3.48,128,0.26743847,0.3,45.7,0.13598461,4.1,0.2766,0.20925769,-0.44206438028431283,0.75,71.913734,318,309,"6/25/24, 12:00 AM",CUDDALORE,110,2024-12-31T00:00:00,8.1,3.43366,377,377,305,314,2.98488,2024-01-01T00:00:00,30.846121212121208,Naraiyur S.,"{""geodesic"":false,""type"":""Point"",""coordinates"":[78.9480345029663,11.54851671381954]}"
691_0,0.5,0.11028462,0.58,0.28,7.48,0.12683846,78,3.26,142,0.26743847,0.33,37.5,0.13598461,4.1,0.2766,0.20925769,-0.44206438028431283,0.62,71.913734,318,309,"6/25/24, 12:00 AM",CUDDALORE,110,2024-12-31T00:00:00,8.06,3.43366,377,377,305,314,2.98488,2024-01-01T00:00:00,30.846121212121208,Naraiyur S.,"{""geodesic"":false,""type"":""Point"",""coordinates"":[78.9480345029663,11.54851671381954]}"
692_0,0.5,0.09854773,0.76,0.24,8.98,0.11879091,117,4.51,111,0.28393182,0.33,71.88,0.12096363,4.1,0.2783273,0.19811818,-0.001609515481036601,0.83,325.76617,326,330,"7/1/24, 12:00 AM",CUDDALORE,101,2024-12-31T00:00:00,7.15,3.3331704,361,362,312,308,3.3616986,2024-01-01T00:00:00,30.83662857142857,Mangulam,"{""geodesic"":false,""type"":""Point"",""coordinates"":[79.01136573049672,11.557140540547087]}"
693_0,0.5,0.06505238,0.65,0.31,9.81,0.092042856,183,4.96,111,0.31055,0.33,60,0.08264285,8.3,0.24281667,0.15255952,-1.4675580498042375,0.72,332.96228,337,338,"7/1/24, 12:00 AM",CUDDALORE,103,2024-12-31T00:00:00,6.54,3.3331704,366,370,297,293,2.0816772,2024-01-01T00:00:00,30.756352941176466,Mangulam,"{""geodesic"":false,""type"":""Point"",""coordinates"":[79.01621663303096,11.56145245391086]}"
694_0,0.5,0.07401191,0.73,0.17,9.65,0.09817381,135,4.72,121,0.3130262,0.36,55,0.09593095,8.3,0.26363334,0.17260239,-1.3518188901408703,0.76,-0.0,337,338,"7/1/24, 12:00 AM",CUDDALORE,101,2024-12-31T00:00:00,6.71,3.3331704,366,370,297,293,1.8543341,2024-01-01T00:00:00,30.756352941176466,Mangulam,"{""geodesic"":false,""type"":""Point"",""coordinates"":[79.01621663303096,11.561721948496096]}"
695_0,0.5,0.13304879,0.5,0.16,9.76,0.15536585,109,4.71,93,0.3172756,0.3,50,0.18147805,4.1,0.34407806,0.25096098,1.1666480677669602,0.53,90.0,339,338,"7/9/24, 12:00 AM",CUDDALORE,98,2024-12-31T00:00:00,7.04,3.3331704,363,360,298,302,2.837805,2024-01-01T00:00:00,30.74617647058823,Mangulam,"{""geodesic"":false,""type"":""Point"",""coordinates"":[79.0089402792296,11.564416894348454]}"
696_0,0.5,0.10183409,0.58,0.54,9.71,0.12776136,163,4.71,100,0.31942046,0.33,60,0.13138409,4.1,0.27063638,0.18543409,-1.9554052038901029,0.62,236.84952,324,326,"7/9/24, 12:00 AM",CUDDALORE,105,2024-12-31T00:00:00,7.11,3.3331704,365,365,311,308,3.3882294,2024-01-01T00:00:00,30.84376470588235,Mangulam,"{""geodesic"":false,""type"":""Point"",""coordinates"":[79.01001825757055,11.557949024302795]}"
697_0,0.5,0.09865,0.68,0.22,9.1,0.12399091,173,4.28,100,0.3023341,0.36,50,0.11524091,4.1,0.24313636,0.16577046,-2.2885107303388237,0.69,191.53781,324,326,"7/9/24, 12:00 AM",CUDDALORE,103,2024-12-31T00:00:00,6.36,3.3331704,365,365,311,308,4.722374,2024-01-01T00:00:00,30.84376470588235,Mangulam,"{""geodesic"":false,""type"":""Point"",""coordinates"":[79.00947926840007,11.557949024302795]}"
698_0,0.5,0.09579302,0.65,0.26,9.19,0.11353954,102,4.21,90,0.28254187,0.33,52,0.11241628,8.2,0.25453952,0.17657675,2.125651907994534,0.75,-0.0,318,321,"7/9/24, 12:00 AM",CUDDALORE,111,2024-12-31T00:00:00,7.25,3.3355167,374,374,308,305,0.0,2024-01-01T00:00:00,30.860060606060607,Mangulam,"{""geodesic"":false,""type"":""Point"",""coordinates"":[79.00085544167253,11.542587832944351]}"
699_0,0.5,0.10817442,0.55,0.21,10.21,0.12847209,117,4.51,111,0.27246743,0.36,55,0.14372791,4.1,0.28017208,0.2016,-1.3721820745939592,0.6,270.0,318,321,"7/9/24, 12:00 AM",CUDDALORE,111,2024-12-31T00:00:00,6.62,3.3355167,374,374,308,305,1.8925817,2024-01-01T00:00:00,30.860060606060607,Mangulam,"{""geodesic"":false,""type"":""Point"",""coordinates"":[79.00058594708729,11.542587832944351]}"
700_0,0.5,0.100293025,0.65,0.2,9.62,0.11799535,182,4.51,111,0.2568628,0.39,55,0.12357907,8.2,0.26664883,0.18416512,1.40766130111437,0.71,126.30971,318,321,"7/9/24, 12:00 AM",CUDDALORE,107,2024-12-31T00:00:00,7.2,3.3355167,374,374,308,305,4.688442,2024-01-01T00:00:00,30.860060606060607,Mangulam,"{""geodesic"":false,""type"":""Point"",""coordinates"":[79.00085544167253,11.542048843773879]}"
701_0,0.5,0.09667895,0.61,0.25,9.31,0.11358947,192,3.91,93,0.29771054,0.27,41.6,0.1108,4.1,0.23527631,0.15428685,-0.7867906729346424,0.74,116.097115,337,336,"6/3/24, 12:00 AM",CUDDALORE,85,2024-12-31T00:00:00,7.77,3.4490197,366,370,297,294,2.1074915,2024-01-01T00:00:00,30.881027027027027,Endal .Ja,"{""geodesic"":false,""type"":""Point"",""coordinates"":[79.0690375717372,11.574388194002182]}"
702_0,0.5,0.12761904,0.55,0.3,8.54,0.14361429,144,4.06,86,0.3101738,0.39,34,0.1369119,8.2,0.25704762,0.19129762,0.4398827689729502,0.6,180.0,334,332,"7/8/24, 12:00 AM",CUDDALORE,83,2024-12-31T00:00:00,8.03,3.4490197,370,373,296,295,0.92740995,2024-01-01T00:00:00,30.80473684210526,Endal .Ja,"{""geodesic"":false,""type"":""Point"",""coordinates"":[79.06849858256673,11.578969601951192]}"
703_0,0.5,0.10964737,0.57,0.2,7.36,0.12854211,144,3.15,107,0.3462263,0.36,45.75,0.118592106,4.1,0.2609263,0.1699842,-1.4066335625149389,0.68,161.20906,340,340,"6/3/24, 12:00 AM",CUDDALORE,80,2024-12-31T00:00:00,8.41,3.4490197,367,367,293,292,5.8577604,2024-01-01T00:00:00,30.881027027027027,Endal .Ja,"{""geodesic"":false,""type"":""Point"",""coordinates"":[79.07173251758955,11.573579710246474]}"
704_0,0.5,0.121644184,0.76,0.71,8.63,0.13740698,260,5.26,100,0.2988907,0.3,18,0.13580465,4.1,0.26637208,0.18844418,0.2673288692417081,0.65,198.79123,328,330,"7/5/24, 12:00 AM",CUDDALORE,84,2024-12-31T00:00:00,8.32,3.4490197,368,368,304,302,2.9365587,2024-01-01T00:00:00,30.81068421052632,Endal .Ja,"{""geodesic"":false,""type"":""Point"",""coordinates"":[79.0660731312996,11.578161118195483]}"
705_0,0.5,0.12409762,0.63,0.46,8.31,0.13907619,227,4.26,86,0.29304287,0.36,28,0.14341667,8.3,0.28611904,0.20446667,-1.708836061317562,0.82,134.41106,334,332,"5/22/24, 12:00 AM",CUDDALORE,84,2024-12-31T00:00:00,7.56,3.4490197,370,373,296,295,2.6488385,2024-01-01T00:00:00,30.80473684210526,Endal .Ja,"{""geodesic"":false,""type"":""Point"",""coordinates"":[79.07011555007814,11.578700107365956]}"
706_0,0.5,0.13237806,0.78,0.67,8.23,0.14914878,298,4.23,107,0.27816585,0.27,58,0.17389756,8.3,0.3207244,0.23804635,2.1255312941488413,0.78,-0.0,340,347,"7/5/24, 12:00 AM",CUDDALORE,85,2024-12-31T00:00:00,8.63,3.4490197,347,354,312,300,0.0,2024-01-01T00:00:00,30.81068421052632,Endal .Ja,"{""geodesic"":false,""type"":""Point"",""coordinates"":[79.06364768003249,11.576544150684068]}"
707_0,0.5,0.118695125,0.88,0.4,8.71,0.14311951,221,5.26,69,0.3261756,0.3,22.5,0.15558049,4.1,0.28863415,0.21159267,-1.4676315903401957,0.85,207.03917,333,336,"5/22/24, 12:00 AM",CUDDALORE,83,2024-12-31T00:00:00,8.08,3.4490197,373,372,295,291,2.0817041,2024-01-01T00:00:00,30.80473684210526,Endal .Ja,"{""geodesic"":false,""type"":""Point"",""coordinates"":[79.07092403383385,11.578969601951192]}"
708_0,0.5,0.10401579,0.52,0.33,9.32,0.1236579,102,3.96,86,0.30982107,0.33,55,0.10949737,8.3,0.23847368,0.15862368,-0.38131908186391744,0.65,63.90278,340,340,"6/3/24, 12:00 AM",CUDDALORE,80,2024-12-31T00:00:00,8.2,3.4490197,367,367,293,292,2.1074831,2024-01-01T00:00:00,30.881027027027027,Endal .Ja,"{""geodesic"":false,""type"":""Point"",""coordinates"":[79.07173251758955,11.573040721076003]}"
709_0,0.5,0.13107632,0.64,0.22,9.14,0.14584737,221,4.35,90,0.30494738,0.36,55,0.14571053,4.1,0.2627737,0.18672368,0.8226574656885698,0.73,116.09731,340,340,"6/3/24, 12:00 AM",CUDDALORE,81,2024-12-31T00:00:00,8.53,3.4490197,367,367,293,292,2.1074762,2024-01-01T00:00:00,30.881027027027027,Endal .Ja,"{""geodesic"":false,""type"":""Point"",""coordinates"":[79.07038504466338,11.571962742735058]}"
710_0,0.5,0.123772,0.52,0.22,7.71,0.143296,163,3.6,169,0.29986,0.39,20,0.151128,8.2,0.27187198,0.202752,-1.7086680952763953,0.55,45.585712,333,332,"7/10/24, 12:00 AM",CUDDALORE,114,2024-12-31T00:00:00,8.16,3.469905,357,357,311,311,2.648686,2024-01-01T00:00:00,30.84438709677419,Arasankudi,"{""geodesic"":false,""type"":""Point"",""coordinates"":[78.95962277013145,11.546899746308124]}"
711_0,0.5,0.075544,0.69,0.28,7.65,0.09704,183,3.98,183,0.30552799,0.36,20,0.08794,4.1,0.252108,0.16992,-2.0764279535121144,0.77,345.68594,343,344,"7/1/24, 12:00 AM",CUDDALORE,111,2024-12-31T00:00:00,8.2,3.469905,357,352,299,304,3.8231452,2024-01-01T00:00:00,30.88377142857143,Arasankudi,"{""geodesic"":false,""type"":""Point"",""coordinates"":[78.96662962934758,11.540162381677227]}"
712_0,0.5,0.098348,0.52,0.25,7.81,0.115772,163,3.71,176,0.25226,0.33,25,0.115184,8.2,0.244756,0.17834,-1.4674551462168735,0.58,152.96423,348,348,"7/10/24, 12:00 AM",CUDDALORE,117,2024-12-31T00:00:00,8.18,3.469905,354,353,298,299,2.0816412,2024-01-01T00:00:00,30.88377142857143,Arasankudi,"{""geodesic"":false,""type"":""Point"",""coordinates"":[78.96474316725092,11.537736930410105]}"
713_0,0.5,0.1127,0.84,0.66,10.94,0.12980476,144,0.7,159,0.2784381,0.36,52.5,0.12272381,4.1,0.2214238,0.15640952,-1.3516076977198925,0.72,-0.0,322,344,"7/27/24, 12:00 AM",CUDDALORE,8,2024-12-31T00:00:00,7,4.3084235,300,292,378,364,1.8543341,2024-01-01T00:00:00,30.670451612903218,Chokkankollai,"{""geodesic"":false,""type"":""Point"",""coordinates"":[79.64252204911911,11.501894150573737]}"
714_0,0.5,0.08310909,0.55,0.14,11.23,0.11440909,192,4.95,138,0.33072272,0.33,34.4,0.11511364,4.1,0.2944,0.21671818,-2.275382225270996,0.34,217.43109,316,314,"7/26/24, 12:00 AM",CUDDALORE,4,2024-12-31T00:00:00,5.71,4.2700086,318,312,367,374,4.661685,2024-01-01T00:00:00,30.761466666666657,Kothattai,"{""geodesic"":false,""type"":""Point"",""coordinates"":[79.72390941386033,11.519411298614067]}"
715_0,0.5,0.08310909,0.6,0.16,10.89,0.11440909,192,4.75,149,0.33072272,0.33,34.3,0.11511364,4.1,0.2944,0.21671818,-2.275382225270996,0.71,217.43109,316,314,"7/26/24, 12:00 AM",CUDDALORE,4,2024-12-31T00:00:00,5.79,4.2700086,318,312,367,374,4.661685,2024-01-01T00:00:00,30.761466666666657,Kothattai,"{""geodesic"":false,""type"":""Point"",""coordinates"":[79.72390941386033,11.519411298614067]}"
716_0,0.5,0.098113045,0.81,0.49,8.36,0.12153913,183,4.15,156,0.31112608,0.24,45.7,0.11272174,4.1,0.24691305,0.15909131,3.7353715665965415,0.97,-0.0,302,326,"7/30/24, 12:00 AM",CUDDALORE,11,2024-12-31T00:00:00,7.42,4.2665224,351,341,348,333,0.0,2024-01-01T00:00:00,30.68173333333333,Budararayanpettai,"{""geodesic"":false,""type"":""Point"",""coordinates"":[79.62877782527207,11.462278446544065]}"
717_0,0.5,0.10874762,0.6,0.66,6.15,0.13167143,154,2.98,131,0.29337618,0.27,55,0.1376238,4.1,0.26629522,0.18577619,0.08350964142231548,0.65,314.42227,268,285,"7/31/24, 12:00 AM",CUDDALORE,12,2024-12-31T00:00:00,8.16,4.4323535,365,355,367,360,1.3248627,2024-01-01T00:00:00,30.548258064516133,Miralur,"{""geodesic"":false,""type"":""Point"",""coordinates"":[79.55547529808793,11.46847682200449]}"
718_0,0.5,0.11799524,0.82,0.48,10.11,0.13345714,70,5.01,135,0.29671428,0.27,55,0.1278619,4.1,0.25745237,0.1872238,-1.0150004159723254,0.95,314.42426,306,329,"8/1/24, 12:00 AM",CUDDALORE,15,2024-12-31T00:00:00,8.42,4.3063784,344,333,350,337,3.9687955,2024-01-01T00:00:00,30.598599999999998,Miralur,"{""geodesic"":false,""type"":""Point"",""coordinates"":[79.60101988299277,11.448803717282273]}"
719_0,0.5,0.09305217,0.59,0.6,6.71,0.116213046,231,3.65,135,0.34927827,0.27,55,0.09351304,4.1,0.22526087,0.13588695,-2.1723213916448043,0.64,296.10678,276,296,"7/31/24, 12:00 AM",CUDDALORE,14,2024-12-31T00:00:00,8.36,4.4323535,354,344,370,360,4.207853,2024-01-01T00:00:00,30.61878571428571,Miralur,"{""geodesic"":false,""type"":""Point"",""coordinates"":[79.56625508149736,11.454463103572225]}"
720_0,0.5,0.11236,0.6,0.44,11.72,0.13628,173,0.62,173,0.34288,0.33,37.5,0.134495,8.3,0.290635,0.21036,-1.0841803854843433,0.62,270.0,286,303,"7/25/24, 12:00 AM",CUDDALORE,6,2024-12-31T00:00:00,7.18,4.262888,331,317,383,380,2.8371243,2024-01-01T00:00:00,30.753733333333333,Sendirakillai,"{""geodesic"":false,""type"":""Point"",""coordinates"":[79.69264804197297,11.49704324803949]}"
721_0,0.5,0.134325,0.7,0.39,11.07,0.1609,117,0.7,166,0.34097,0.36,34.4,0.17252,8.3,0.336185,0.26472,-2.4704743583684867,0.7,270.0,295,314,"7/24/24, 12:00 AM",CUDDALORE,9,2024-12-31T00:00:00,7.58,4.262888,347,330,357,356,5.6604033,2024-01-01T00:00:00,30.753733333333333,Sendirakillai,"{""geodesic"":false,""type"":""Point"",""coordinates"":[79.69291753655821,11.49704324803949]}"
722_0,0.5,0.134325,0.75,0.57,10.76,0.1609,212,0.62,190,0.34097,0.39,50,0.17252,4.1,0.336185,0.26472,-2.4704743583684867,0.62,270.0,295,314,"7/24/24, 12:00 AM",CUDDALORE,9,2024-12-31T00:00:00,7.07,4.262888,347,330,357,356,5.6604033,2024-01-01T00:00:00,30.753733333333333,Sendirakillai,"{""geodesic"":false,""type"":""Point"",""coordinates"":[79.69291753655821,11.49704324803949]}"
723_0,0.5,0.134325,0.55,0.26,7.26,0.1609,221,3.86,183,0.34097,0.3,31.2,0.17252,4.1,0.336185,0.26472,-2.4704743583684867,0.64,270.0,295,314,"7/23/24, 12:00 AM",CUDDALORE,9,2024-12-31T00:00:00,7.6,4.262888,347,330,357,356,5.6604033,2024-01-01T00:00:00,30.753733333333333,Sendirakillai,"{""geodesic"":false,""type"":""Point"",""coordinates"":[79.69291753655821,11.49704324803949]}"
724_0,0.5,0.134325,0.72,0.18,8.15,0.1609,240,3.98,190,0.34097,0.36,34.3,0.17252,4.1,0.336185,0.26472,-2.4704743583684867,0.82,270.0,295,314,"7/23/24, 12:00 AM",CUDDALORE,9,2024-12-31T00:00:00,7.2,4.262888,347,330,357,356,5.6604033,2024-01-01T00:00:00,30.753733333333333,Sendirakillai,"{""geodesic"":false,""type"":""Point"",""coordinates"":[79.69291753655821,11.49704324803949]}"
725_0,0.5,0.12732174,0.7,0.19,11.18,0.15723479,202,5.06,121,0.3468739,0.3,31.3,0.17377391,4.1,0.32313913,0.25793478,-1.135279722913056,0.7,288.0857,309,320,"7/26/24, 12:00 AM",CUDDALORE,2,2024-12-31T00:00:00,5.79,4.399262,321,317,370,364,2.9849734,2024-01-01T00:00:00,30.616882352941175,Silambimangalam,"{""geodesic"":false,""type"":""Point"",""coordinates"":[79.71663306005897,11.55821851888803]}"
726_0,0.5,0.085043475,0.7,0.39,10.02,0.11007826,212,4.52,173,0.29556522,0.3,57.5,0.10473913,4.1,0.28876957,0.18327826,-1.015007842418664,0.81,314.42413,293,309,"7/30/24, 12:00 AM",CUDDALORE,13,2024-12-31T00:00:00,7.66,4.3748055,346,341,361,350,1.3248183,2024-01-01T00:00:00,30.582689655172416,Azhichikudi,"{""geodesic"":false,""type"":""Point"",""coordinates"":[79.59104858333906,11.449881695623215]}"
727_0,0.5,0.089347616,0.52,0.42,9.8,0.11798095,240,4.61,183,0.29758573,0.3,52.5,0.12911429,4.1,0.29539523,0.19723333,-0.7859652667208272,0.8,243.89243,293,319,"7/30/24, 12:00 AM",CUDDALORE,10,2024-12-31T00:00:00,7.73,4.3748055,346,333,360,348,2.106707,2024-01-01T00:00:00,30.573199999999996,Azhichikudi,"{""geodesic"":false,""type"":""Point"",""coordinates"":[79.59536049670282,11.444491803918499]}"
728_0,0.5,0.089347616,0.62,0.36,9.98,0.11798095,269,4.68,176,0.29758573,0.27,62.5,0.12911429,4.1,0.29539523,0.19723333,-0.7859652667208272,0.69,243.89243,293,319,"7/30/24, 12:00 AM",CUDDALORE,10,2024-12-31T00:00:00,7.81,4.3748055,346,333,360,348,2.106707,2024-01-01T00:00:00,30.573199999999996,Azhichikudi,"{""geodesic"":false,""type"":""Point"",""coordinates"":[79.59536049670282,11.444491803918499]}"
729_0,0.5,0.089347616,0.6,0.3,10.1,0.11798095,279,4.86,173,0.29758573,0.33,68.75,0.12911429,4.1,0.29539523,0.19723333,-0.7859652667208272,0.63,243.89243,293,319,"7/30/24, 12:00 AM",CUDDALORE,10,2024-12-31T00:00:00,7.56,4.3748055,346,333,360,348,2.106707,2024-01-01T00:00:00,30.573199999999996,Azhichikudi,"{""geodesic"":false,""type"":""Point"",""coordinates"":[79.59536049670282,11.444491803918499]}"
730_0,0.5,0.08444286,0.73,0.4,9.67,0.1097,202,4.36,156,0.3122905,0.36,60,0.10297143,8.3,0.25456667,0.16093333,-1.4791305034290283,0.78,243.89267,297,324,"7/30/24, 12:00 AM",CUDDALORE,12,2024-12-31T00:00:00,7.54,4.3748055,350,336,353,340,2.1067255,2024-01-01T00:00:00,30.573199999999996,Azhichikudi,"{""geodesic"":false,""type"":""Point"",""coordinates"":[79.59697746421425,11.447456244356093]}"
731_0,0.5,0.17582609,0.63,0.62,9.31,0.19132608,250,5.06,156,0.33253914,0.33,65.5,0.18692173,4.1,0.27346522,0.19931304,-1.261601152527699,0.78,123.16068,306,321,"7/31/24, 12:00 AM",CUDDALORE,8,2024-12-31T00:00:00,7.44,4.3063784,348,341,347,338,3.3873086,2024-01-01T00:00:00,30.598599999999998,Vandarayampattu,"{""geodesic"":false,""type"":""Point"",""coordinates"":[79.60775724762368,11.448534222697036]}"
732_0,0.5,0.103038095,0.68,0.3,9.32,0.12225238,279,4.28,166,0.27508572,0.33,63,0.12393334,4.1,0.26040477,0.18733333,-1.4243904998811856,0.67,320.77722,306,329,"7/30/24, 12:00 AM",CUDDALORE,13,2024-12-31T00:00:00,7.48,4.3063784,344,333,350,337,5.964543,2024-01-01T00:00:00,30.598599999999998,Vandarayampattu,"{""geodesic"":false,""type"":""Point"",""coordinates"":[79.60101988299277,11.449073211867509]}"
733_0,0.5,0.15532,0.8,0.13,11.08,0.180635,163,5.15,104,0.320705,0.39,34.4,0.184695,4.1,0.314605,0.249865,-2.359562415771569,0.72,291.40445,315,330,"7/26/24, 12:00 AM",CUDDALORE,4,2024-12-31T00:00:00,5.96,4.356147,332,317,353,353,5.0695796,2024-01-01T00:00:00,30.64569696969697,Periyakumatti,"{""geodesic"":false,""type"":""Point"",""coordinates"":[79.71636356547373,11.488958410482415]}"
734_0,0.5,0.11276667,0.77,0.17,11.31,0.14295714,173,5.28,145,0.2994381,0.36,41.5,0.15630476,4.1,0.28411904,0.20910951,-0.678466394258036,0.82,90.0,319,326,"7/23/24, 12:00 AM",CUDDALORE,4,2024-12-31T00:00:00,7.66,4.262888,325,317,356,357,1.8920407,2024-01-01T00:00:00,30.576000000000008,B.Adhivaraganallur,"{""geodesic"":false,""type"":""Point"",""coordinates"":[79.6853716881716,11.462008951958829]}"
735_0,0.5,0.106615,0.65,0.14,12.06,0.13447501,154,5.15,156,0.2902,0.36,37.5,0.147575,4.1,0.266075,0.19437501,-0.3219213963027547,0.75,45.577034,319,326,"7/23/24, 12:00 AM",CUDDALORE,4,2024-12-31T00:00:00,7.84,4.262888,325,317,356,357,1.3248461,2024-01-01T00:00:00,30.576000000000008,B.Adhivaraganallur,"{""geodesic"":false,""type"":""Point"",""coordinates"":[79.6853716881716,11.461739457373593]}"
736_0,0.5,0.106615,0.91,0.15,12.11,0.13447501,154,5.21,149,0.2902,0.33,41.5,0.147575,8.3,0.266075,0.19437501,-0.3219213963027547,0.63,45.577034,319,326,"7/23/24, 12:00 AM",CUDDALORE,4,2024-12-31T00:00:00,7.5,4.262888,325,317,356,357,1.3248461,2024-01-01T00:00:00,30.576000000000008,B.Adhivaraganallur,"{""geodesic"":false,""type"":""Point"",""coordinates"":[79.6853716881716,11.461739457373593]}"
737_0,0.5,0.09652,0.56,0.14,6.36,0.121735,135,3.21,149,0.272655,0.36,31.2,0.128825,4.1,0.239095,0.17138,-1.0839304937714511,0.65,90.0,319,326,"8/1/24, 12:00 AM",CUDDALORE,5,2024-12-31T00:00:00,8.24,4.262888,325,317,356,357,2.83677,2024-01-01T00:00:00,30.576000000000008,B.Adhivaraganallur,"{""geodesic"":false,""type"":""Point"",""coordinates"":[79.68510219358637,11.461739457373593]}"
738_0,0.5,0.092539996,0.82,0.09,6.71,0.11679,212,3.31,159,0.25661498,0.36,41.6,0.128995,4.1,0.24087,0.176965,-1.063786826081482,0.91,-0.0,316,325,"8/1/24, 12:00 AM",CUDDALORE,5,2024-12-31T00:00:00,7.63,4.262888,318,311,365,364,2.7802885,2024-01-01T00:00:00,30.576000000000008,B.Adhivaraganallur,"{""geodesic"":false,""type"":""Point"",""coordinates"":[79.6853716881716,11.461469962788359]}"
739_0,0.5,0.10120952,0.75,0.12,9.21,0.1230381,154,4.61,156,0.2816857,0.3,37.5,0.12504286,4.1,0.24595238,0.17177142,-0.78607366994732,0.81,116.10617,319,326,"8/1/24, 12:00 AM",CUDDALORE,6,2024-12-31T00:00:00,7.43,4.262888,325,317,356,357,2.1068122,2024-01-01T00:00:00,30.576000000000008,B.Adhivaraganallur,"{""geodesic"":false,""type"":""Point"",""coordinates"":[79.68510219358637,11.462008951958829]}"
740_0,0.5,0.093875,0.62,0.16,6.21,0.117995,183,3.06,138,0.25476,0.36,37.5,0.128975,4.1,0.23952,0.17682,-1.0150681051539783,0.65,45.577007,316,325,"8/1/24, 12:00 AM",CUDDALORE,6,2024-12-31T00:00:00,7.98,4.262888,318,311,365,364,2.6482759,2024-01-01T00:00:00,30.576000000000008,B.Adhivaraganallur,"{""geodesic"":false,""type"":""Point"",""coordinates"":[79.68510219358637,11.461469962788359]}"
741_0,0.5,0.093875,0.64,0.16,7.31,0.117995,163,3.68,138,0.25476,0.36,41.6,0.128975,8.3,0.23952,0.17682,-1.0150681051539783,0.72,45.577007,316,325,"8/1/24, 12:00 AM",CUDDALORE,6,2024-12-31T00:00:00,7.67,4.262888,318,311,365,364,2.6482759,2024-01-01T00:00:00,30.576000000000008,B.Adhivaraganallur,"{""geodesic"":false,""type"":""Point"",""coordinates"":[79.68510219358637,11.461469962788359]}"
742_0,0.5,0.09652,0.79,0.2,8.31,0.121735,212,3.91,166,0.272655,0.33,41.6,0.128825,4.1,0.239095,0.17138,-1.0839304937714511,0.85,90.0,319,326,"7/27/24, 12:00 AM",CUDDALORE,5,2024-12-31T00:00:00,7,4.262888,325,317,356,357,2.83677,2024-01-01T00:00:00,30.576000000000008,B.Adhivaraganallur,"{""geodesic"":false,""type"":""Point"",""coordinates"":[79.68510219358637,11.461739457373593]}"
743_0,0.5,0.092539996,0.72,0.18,8.15,0.11679,240,3.98,190,0.25661498,0.36,34.3,0.128995,4.1,0.24087,0.176965,-1.063786826081482,0.82,-0.0,316,325,"7/27/24, 12:00 AM",CUDDALORE,5,2024-12-31T00:00:00,7.2,4.262888,318,311,365,364,2.7802885,2024-01-01T00:00:00,30.576000000000008,B.Adhivaraganallur,"{""geodesic"":false,""type"":""Point"",""coordinates"":[79.6853716881716,11.461469962788359]}"
744_0,0.5,0.09652,0.6,0.44,11.35,0.121735,221,0.7,190,0.272655,0.33,52.5,0.128825,4.1,0.239095,0.17138,-1.0839304937714511,0.7,90.0,319,326,"7/27/24, 12:00 AM",CUDDALORE,5,2024-12-31T00:00:00,7.16,4.262888,325,317,356,357,2.83677,2024-01-01T00:00:00,30.576000000000008,B.Adhivaraganallur,"{""geodesic"":false,""type"":""Point"",""coordinates"":[79.68510219358637,11.461739457373593]}"
745_0,0.5,0.15074545,0.6,0.26,8.81,0.17170455,117,3.95,69,0.37953636,0.33,20,0.16842727,4.1,0.3359091,0.2353,-1.813020657312858,0.61,341.1942,349,379,"7/10/24, 12:00 AM",CUDDALORE,38,2024-12-31T00:00:00,7.46,4.3971405,379,355,272,266,2.9368124,2024-01-01T00:00:00,30.57186206896551,Manamthavizhnthaputhur,"{""geodesic"":false,""type"":""Point"",""coordinates"":[79.49403053265415,11.808848483157377]}"
746_0,0.5,0.07035909,0.65,0.21,8.26,0.09488182,154,5.11,73,0.33474547,0.33,28,0.07929091,8.3,0.23338637,0.13832273,-1.813030333214698,0.91,18.80599,351,380,"7/8/24, 12:00 AM",CUDDALORE,41,2024-12-31T00:00:00,7.7,4.3971405,373,351,275,269,2.936816,2024-01-01T00:00:00,30.57186206896551,Manamthavizhnthaputhur,"{""geodesic"":false,""type"":""Point"",""coordinates"":[79.49268305972797,11.811812923594971]}"
747_0,0.5,0.07035909,1.01,0.15,8.31,0.09488182,144,5.06,83,0.33474547,0.39,25,0.07929091,8.3,0.23338637,0.13832273,-1.813030333214698,0.82,18.80599,351,380,"7/9/24, 12:00 AM",CUDDALORE,41,2024-12-31T00:00:00,7.78,4.3971405,373,351,275,269,2.936816,2024-01-01T00:00:00,30.57186206896551,Manamthavizhnthaputhur,"{""geodesic"":false,""type"":""Point"",""coordinates"":[79.49268305972797,11.811812923594971]}"
748_0,0.5,0.06298095,0.71,0.26,9.31,0.09019048,192,7.21,97,0.28005713,0.36,60,0.09746667,8.3,0.27540475,0.1967238,0.949915228736245,0.79,-0.0,316,350,"7/10/24, 12:00 AM",CUDDALORE,37,2024-12-31T00:00:00,7.96,4.545803,377,347,307,302,0.92740995,2024-01-01T00:00:00,30.5674,Manamthavizhnthaputhur,"{""geodesic"":false,""type"":""Point"",""coordinates"":[79.50076789728504,11.801572129356009]}"
749_0,0.5,0.099938095,0.63,0.2,10.31,0.13561904,202,7.37,111,0.3014619,0.27,72,0.1659,4.1,0.33537617,0.26741427,-1.9486626812091448,0.83,145.74274,320,353,"7/10/24, 12:00 AM",CUDDALORE,40,2024-12-31T00:00:00,7.83,4.545803,377,348,303,299,3.3626323,2024-01-01T00:00:00,30.5674,Manamthavizhnthaputhur,"{""geodesic"":false,""type"":""Point"",""coordinates"":[79.50238486479645,11.800763645600302]}"
750_0,0.5,0.061309524,0.65,0.22,8.69,0.08808095,192,8.65,97,0.29876667,0.3,50,0.087980956,4.1,0.2365238,0.1705,-1.9568777868080485,0.63,123.12751,320,353,"7/10/24, 12:00 AM",CUDDALORE,38,2024-12-31T00:00:00,7.58,4.545803,377,348,303,299,3.390306,2024-01-01T00:00:00,30.5674,Manamthavizhnthaputhur,"{""geodesic"":false,""type"":""Point"",""coordinates"":[79.5026543593817,11.800763645600302]}"
751_0,0.5,0.083561905,0.52,0.15,8.24,0.10627619,202,3.98,80,0.30609524,0.33,20,0.10978095,4.1,0.30577144,0.22363333,-1.8129847533763253,0.58,198.8052,318,349,"7/9/24, 12:00 AM",CUDDALORE,36,2024-12-31T00:00:00,7.82,4.649809,383,356,299,295,2.9368024,2024-01-01T00:00:00,30.535499999999995,Manamthavizhnthaputhur,"{""geodesic"":false,""type"":""Point"",""coordinates"":[79.50076789728504,11.799685667259357]}"
752_0,0.5,0.11462381,0.62,0.24,8.72,0.13609047,173,4.36,83,0.26801905,0.3,28.1,0.16214286,4.1,0.35604286,0.2864762,0.9499183833850576,0.72,180.0,318,349,"7/9/24, 12:00 AM",CUDDALORE,38,2024-12-31T00:00:00,7.86,4.498694,383,356,299,295,1.8543341,2024-01-01T00:00:00,30.535499999999995,Manamthavizhnthaputhur,"{""geodesic"":false,""type"":""Point"",""coordinates"":[79.49995941352934,11.799416172674121]}"
753_0,0.5,0.09973334,0.59,0.26,7.96,0.1300857,163,3.9,69,0.30161905,0.3,25,0.14797619,4.1,0.3410381,0.2694857,-0.32373186761334355,0.54,225.61172,318,349,"7/9/24, 12:00 AM",CUDDALORE,34,2024-12-31T00:00:00,7.81,4.649809,383,356,299,295,2.6499126,2024-01-01T00:00:00,30.535499999999995,Manamthavizhnthaputhur,"{""geodesic"":false,""type"":""Point"",""coordinates"":[79.50076789728504,11.79887718350365]}"
754_0,0.5,0.1205,0.52,0.21,9.23,0.1426,135,4.21,83,0.36113182,0.33,20,0.13303636,4.1,0.30156818,0.2124909,-1.4814536762194985,0.61,243.92209,349,379,"7/12/24, 12:00 AM",CUDDALORE,37,2024-12-31T00:00:00,7.63,4.3971405,379,355,272,266,2.1089334,2024-01-01T00:00:00,30.57186206896551,Manamthavizhnthaputhur,"{""geodesic"":false,""type"":""Point"",""coordinates"":[79.49456952182462,11.809387472327849]}"
755_0,0.5,0.095335,0.27,0.45,15.21,0.1149,78,8.66,173,0.25471,0.33,45,0.118455,4.1,0.26468,0.20292,-1.0168056991911294,0.89,225.6104,366,396,"7/8/24, 12:00 AM",CUDDALORE,27,2024-12-31T00:00:00,7.45,4.665223,347,325,287,279,1.3256338,2024-01-01T00:00:00,30.643933333333333,Lakshminarayanapuram (CT),"{""geodesic"":false,""type"":""Point"",""coordinates"":[79.55897872769599,11.786210937997565]}"
756_0,0.5,0.15161765,0.72,0.08,12.28,0.16794117,117,5.68,118,0.24719413,0.39,37,0.1845,4.1,0.28806472,0.24791177,-0.7312299974424388,0.81,288.073,340,361,"7/16/24, 12:00 AM",CUDDALORE,25,2024-12-31T00:00:00,6.89,4.665223,337,324,323,315,2.986995,2024-01-01T00:00:00,30.57154838709677,Melkangeyankuppam,"{""geodesic"":false,""type"":""Point"",""coordinates"":[79.56302114647453,11.766537833275347]}"
757_0,0.5,0.15161765,0.81,0.09,12.32,0.16794117,109,6.23,111,0.24719413,0.27,46,0.1845,4.1,0.28806472,0.24791177,-0.7312299974424388,0.76,288.073,340,361,"7/18/24, 12:00 AM",CUDDALORE,25,2024-12-31T00:00:00,6.68,4.665223,337,324,323,315,2.986995,2024-01-01T00:00:00,30.57154838709677,Melkangeyankuppam,"{""geodesic"":false,""type"":""Point"",""coordinates"":[79.56302114647453,11.766537833275347]}"
758_0,0.5,0.15161765,0.76,0.12,13.18,0.16794117,109,6.15,100,0.24719413,0.3,46,0.1845,8.3,0.28806472,0.24791177,-0.7312299974424388,0.86,288.073,340,361,"7/18/24, 12:00 AM",CUDDALORE,25,2024-12-31T00:00:00,6.87,4.665223,337,324,323,315,2.986995,2024-01-01T00:00:00,30.57154838709677,Melkangeyankuppam,"{""geodesic"":false,""type"":""Point"",""coordinates"":[79.56302114647453,11.766537833275347]}"
759_0,0.5,0.15161765,0.36,0.09,14.15,0.16794117,135,6.98,104,0.24719413,0.3,37.5,0.1845,4.1,0.28806472,0.24791177,-0.7312299974424388,0.91,288.073,340,361,"7/12/24, 12:00 AM",CUDDALORE,25,2024-12-31T00:00:00,6.13,4.665223,337,324,323,315,2.986995,2024-01-01T00:00:00,30.57154838709677,Melkangeyankuppam,"{""geodesic"":false,""type"":""Point"",""coordinates"":[79.56302114647453,11.766537833275347]}"
760_0,0.5,0.15161765,0.69,0.14,13.36,0.16794117,144,6.73,118,0.24719413,0.3,34,0.1845,4.1,0.28806472,0.24791177,-0.7312299974424388,0.75,288.073,340,361,"7/12/24, 12:00 AM",CUDDALORE,25,2024-12-31T00:00:00,6.44,4.665223,337,324,323,315,2.986995,2024-01-01T00:00:00,30.57154838709677,Melkangeyankuppam,"{""geodesic"":false,""type"":""Point"",""coordinates"":[79.56302114647453,11.766537833275347]}"
761_0,0.5,0.15161765,0.75,0.08,14.15,0.16794117,144,6.98,121,0.24719413,0.3,37.5,0.1845,4.1,0.28806472,0.24791177,-0.7312299974424388,0.81,288.073,340,361,"7/12/24, 12:00 AM",CUDDALORE,25,2024-12-31T00:00:00,6.55,4.665223,337,324,323,315,2.986995,2024-01-01T00:00:00,30.57154838709677,Melkangeyankuppam,"{""geodesic"":false,""type"":""Point"",""coordinates"":[79.56302114647453,11.766537833275347]}"
762_0,0.5,0.15161765,0.82,0.08,13.36,0.16794117,125,6.73,142,0.24719413,0.33,37.5,0.1845,4.1,0.28806472,0.24791177,-0.7312299974424388,0.84,288.073,340,361,"7/12/24, 12:00 AM",CUDDALORE,25,2024-12-31T00:00:00,6.38,4.665223,337,324,323,315,2.986995,2024-01-01T00:00:00,30.57154838709677,Melkangeyankuppam,"{""geodesic"":false,""type"":""Point"",""coordinates"":[79.56302114647453,11.766537833275347]}"
763_0,0.5,0.12332703,0.6,0.13,11.81,0.14135675,135,4.98,111,0.3729865,0.33,41.6,0.12064324,8.3,0.24744865,0.15963243,-1.0162030584314101,0.65,134.4012,327,346,"7/12/24, 12:00 AM",CUDDALORE,96,2024-12-31T00:00:00,6.18,4.2817693,366,347,307,308,1.32536,2024-01-01T00:00:00,30.494411764705887,Melkangeyankuppam,"{""geodesic"":false,""type"":""Point"",""coordinates"":[79.47678287919905,11.674370685124684]}"
764_0,0.5,0.16825384,0.69,0.14,13.36,0.18283845,108,4.98,86,0.3868,0.27,34,0.17661282,8.3,0.31754872,0.23367693,-1.0162121229866057,0.71,134.40102,321,339,"7/12/24, 12:00 AM",CUDDALORE,95,2024-12-31T00:00:00,6.4,4.2817693,372,353,307,308,1.325364,2024-01-01T00:00:00,30.523411764705884,Melkangeyankuppam,"{""geodesic"":false,""type"":""Point"",""coordinates"":[79.47705237378429,11.675987652636099]}"
765_0,0.5,0.1816,0.62,0.09,12.31,0.20528461,117,4.21,156,0.37695897,0.33,34.4,0.22200257,8.3,0.33274615,0.25860256,-1.0162116731032058,0.86,134.40105,321,339,"7/18/24, 12:00 AM",CUDDALORE,94,2024-12-31T00:00:00,6.51,4.2817693,372,353,307,308,1.3253634,2024-01-01T00:00:00,30.523411764705884,Melkangeyankuppam,"{""geodesic"":false,""type"":""Point"",""coordinates"":[79.47705237378429,11.675718158050863]}"
766_0,0.5,0.1816,0.65,0.11,12.31,0.20528461,173,4.3,107,0.37695897,0.39,37.5,0.22200257,4.1,0.33274615,0.25860256,-1.0162116731032058,0.7,134.40105,321,339,"7/18/24, 12:00 AM",CUDDALORE,94,2024-12-31T00:00:00,6.8,4.2817693,372,353,307,308,1.3253634,2024-01-01T00:00:00,30.523411764705884,Melkangeyankuppam,"{""geodesic"":false,""type"":""Point"",""coordinates"":[79.47705237378429,11.675718158050863]}"
767_0,0.5,0.1816,0.64,0.09,11.2,0.20528461,154,4.81,138,0.37695897,0.33,37.5,0.22200257,8.3,0.33274615,0.25860256,-1.0162116731032058,0.6,134.40105,321,339,"7/18/24, 12:00 AM",CUDDALORE,94,2024-12-31T00:00:00,6.65,4.2817693,372,353,307,308,1.3253634,2024-01-01T00:00:00,30.523411764705884,Melkangeyankuppam,"{""geodesic"":false,""type"":""Point"",""coordinates"":[79.47705237378429,11.675718158050863]}"
768_0,0.5,0.105634145,1.01,0.16,10.21,0.12547804,173,4.91,176,0.37052682,0.3,71.5,0.10865854,4.1,0.25705853,0.15815365,-1.468112124086595,1.06,207.04857,321,328,"6/14/24, 12:00 AM",CUDDALORE,67,2024-12-31T00:00:00,4.27,4.5658917,376,371,303,301,2.0818784,2024-01-01T00:00:00,30.55535483870968,Alagappasamudram,"{""geodesic"":false,""type"":""Point"",""coordinates"":[79.56895002734971,11.69161833857978]}"
769_0,0.5,0.14216316,0.65,0.31,11.26,0.16039474,163,5.76,138,0.3203263,0.33,41.6,0.16448422,8.3,0.31745788,0.2413,-0.6806649079053801,0.71,270.0,331,359,"7/5/24, 12:00 AM",CUDDALORE,27,2024-12-31T00:00:00,5.79,4.649809,357,336,312,306,1.8941371,2024-01-01T00:00:00,30.685612903225806,Alagappasamudram,"{""geodesic"":false,""type"":""Point"",""coordinates"":[79.54227006341137,11.77084974663912]}"
770_0,0.5,0.14216316,0.62,0.3,12.91,0.16039474,163,6.15,131,0.3203263,0.36,37.5,0.16448422,4.1,0.31745788,0.2413,-0.6806649079053801,0.69,270.0,331,359,"7/5/24, 12:00 AM",CUDDALORE,27,2024-12-31T00:00:00,5.51,4.649809,357,336,312,306,1.8941371,2024-01-01T00:00:00,30.685612903225806,Alagappasamudram,"{""geodesic"":false,""type"":""Point"",""coordinates"":[79.54227006341137,11.77084974663912]}"
771_0,0.5,0.078805,0.82,0.29,14.13,0.10535,144,7.01,138,0.264395,0.3,55,0.128005,8.3,0.28153,0.193965,-2.268835601252091,0.98,-0.0,355,382,"7/5/24, 12:00 AM",CUDDALORE,29,2024-12-31T00:00:00,5.86,4.649809,324,303,320,315,4.6273675,2024-01-01T00:00:00,30.685612903225806,Alagappasamudram,"{""geodesic"":false,""type"":""Point"",""coordinates"":[79.53876663380329,11.766807327860583]}"
772_0,0.5,0.078805,0.76,0.3,12.71,0.10535,163,6.36,121,0.264395,0.33,37.5,0.128005,4.1,0.28153,0.193965,-2.268835601252091,0.36,-0.0,355,382,"7/5/24, 12:00 AM",CUDDALORE,29,2024-12-31T00:00:00,5.71,4.649809,324,303,320,315,4.6273675,2024-01-01T00:00:00,30.685612903225806,Alagappasamudram,"{""geodesic"":false,""type"":""Point"",""coordinates"":[79.53876663380329,11.766807327860583]}"
773_0,0.5,0.078805,1.21,0.22,9.35,0.10535,163,4.41,163,0.264395,0.27,57.5,0.128005,4.1,0.28153,0.193965,-2.268835601252091,0.96,-0.0,355,382,"7/3/24, 12:00 AM",CUDDALORE,29,2024-12-31T00:00:00,5.43,4.649809,324,303,320,315,4.6273675,2024-01-01T00:00:00,30.685612903225806,Alagappasamudram,"{""geodesic"":false,""type"":""Point"",""coordinates"":[79.53876663380329,11.766807327860583]}"
774_0,0.5,0.078805,0.71,0.21,10.17,0.10535,231,4.45,173,0.264395,0.36,55,0.128005,4.1,0.28153,0.193965,-2.268835601252091,0.63,-0.0,355,382,"7/26/24, 12:00 AM",CUDDALORE,29,2024-12-31T00:00:00,5.41,4.649809,324,303,320,315,4.6273675,2024-01-01T00:00:00,30.685612903225806,Alagappasamudram,"{""geodesic"":false,""type"":""Point"",""coordinates"":[79.53876663380329,11.766807327860583]}"
775_0,0.5,0.046475,0.76,0.31,9.26,0.06732,144,5.28,159,0.26807,0.3,62.5,0.060815,4.1,0.20912,0.14233,-2.465442648541671,1.06,9.66164,355,382,"7/3/24, 12:00 AM",CUDDALORE,32,2024-12-31T00:00:00,5.56,4.649809,324,303,320,315,5.6268544,2024-01-01T00:00:00,30.63886666666666,Alagappasamudram,"{""geodesic"":false,""type"":""Point"",""coordinates"":[79.53903612838853,11.766537833275347]}"
776_0,0.5,0.14216316,0.65,0.34,9.35,0.16039474,192,5.36,156,0.3203263,0.33,68.5,0.16448422,4.1,0.31745788,0.2413,-0.6806649079053801,0.8,270.0,331,359,"7/3/24, 12:00 AM",CUDDALORE,27,2024-12-31T00:00:00,5.61,4.649809,357,336,312,306,1.8941371,2024-01-01T00:00:00,30.685612903225806,Alagappasamudram,"{""geodesic"":false,""type"":""Point"",""coordinates"":[79.54227006341137,11.77084974663912]}"
777_0,0.5,0.14216316,0.88,0.35,9.35,0.16039474,221,5.36,152,0.3203263,0.39,71.5,0.16448422,4.1,0.31745788,0.2413,-0.6806649079053801,0.91,270.0,331,359,"7/3/24, 12:00 AM",CUDDALORE,27,2024-12-31T00:00:00,5.35,4.649809,357,336,312,306,1.8941371,2024-01-01T00:00:00,30.685612903225806,Alagappasamudram,"{""geodesic"":false,""type"":""Point"",""coordinates"":[79.54227006341137,11.77084974663912]}"
778_0,0.5,0.14216316,0.72,0.14,11.6,0.16039474,117,5.14,156,0.3203263,0.36,41.6,0.16448422,4.1,0.31745788,0.2413,-0.6806649079053801,0.81,270.0,331,359,"6/24/24, 12:00 AM",CUDDALORE,27,2024-12-31T00:00:00,5.33,4.649809,357,336,312,306,1.8941371,2024-01-01T00:00:00,30.685612903225806,Alagappasamudram,"{""geodesic"":false,""type"":""Point"",""coordinates"":[79.54227006341137,11.77084974663912]}"
779_0,0.5,0.14216316,0.74,0.14,10.19,0.16039474,117,4.98,173,0.3203263,0.36,41.6,0.16448422,4.1,0.31745788,0.2413,-0.6806649079053801,0.91,270.0,331,359,"6/24/24, 12:00 AM",CUDDALORE,27,2024-12-31T00:00:00,5.3,4.649809,357,336,312,306,1.8941371,2024-01-01T00:00:00,30.685612903225806,Alagappasamudram,"{""geodesic"":false,""type"":""Point"",""coordinates"":[79.54227006341137,11.77084974663912]}"
780_0,0.5,0.14216316,0.65,0.31,10.26,0.16039474,231,5.61,176,0.3203263,0.36,60,0.16448422,4.1,0.31745788,0.2413,-0.6806649079053801,1.06,270.0,331,359,"7/3/24, 12:00 AM",CUDDALORE,27,2024-12-31T00:00:00,5.62,4.649809,357,336,312,306,1.8941371,2024-01-01T00:00:00,30.685612903225806,Alagappasamudram,"{""geodesic"":false,""type"":""Point"",""coordinates"":[79.54227006341137,11.77084974663912]}"
781_0,0.5,0.0572,0.82,0.16,10.21,0.07217273,144,5.31,166,0.30652273,0.42,71.5,0.055204544,4.1,0.17570908,0.09043636,0.9506058720157603,0.75,180.0,312,334,"7/19/24, 12:00 AM",CUDDALORE,64,2024-12-31T00:00:00,4.11,4.2107716,381,363,307,304,0.92740995,2024-01-01T00:00:00,30.43897142857143,Alagappasamudram,"{""geodesic"":false,""type"":""Point"",""coordinates"":[79.48998811387561,11.606727544230484]}"
782_0,0.5,0.1208619,0.55,0.31,10.75,0.15478571,173,4.26,138,0.33428094,0.42,10.63,0.1944619,4.1,0.37237144,0.27040476,-1.0167255108266353,0.55,134.39116,310,325,"7/18/24, 12:00 AM",CUDDALORE,43,2024-12-31T00:00:00,7.3,4.1939864,406,394,284,281,2.649776,2024-01-01T00:00:00,30.671696969696967,Veerapperumanallur,"{""geodesic"":false,""type"":""Point"",""coordinates"":[79.4425570668741,11.771119241224357]}"
783_0,0.5,0.1265381,0.65,0.29,10.35,0.14066191,183,5.01,142,0.35370475,0.27,15,0.13839523,4.1,0.28472382,0.18403333,-1.8298759693143267,0.7,288.0727,324,353,"7/24/24, 12:00 AM",CUDDALORE,43,2024-12-31T00:00:00,7.26,4.498694,390,365,286,282,2.9870412,2024-01-01T00:00:00,30.550571428571434,Veerapperumanallur,"{""geodesic"":false,""type"":""Point"",""coordinates"":[79.4568402798916,11.771388735809593]}"
784_0,0.5,0.12665714,0.61,0.24,11.24,0.15500475,163,5.37,131,0.34717143,0.27,20,0.17142858,8.3,0.33656666,0.23201428,-2.066964101341864,0.68,270.0,324,353,"7/10/24, 12:00 AM",CUDDALORE,40,2024-12-31T00:00:00,7.42,4.498694,390,365,286,282,3.7841547,2024-01-01T00:00:00,30.550571428571434,Veerapperumanallur,"{""geodesic"":false,""type"":""Point"",""coordinates"":[79.45657078530635,11.771658230394829]}"
785_0,0.5,0.13392381,0.71,0.27,9.35,0.1634,163,4.98,138,0.35788095,0.33,17.5,0.18639047,8.3,0.36639047,0.25809523,-0.9786856367995229,0.81,165.67448,321,342,"7/24/24, 12:00 AM",CUDDALORE,43,2024-12-31T00:00:00,7.45,4.498694,394,376,284,282,3.8233397,2024-01-01T00:00:00,30.550571428571434,Veerapperumanallur,"{""geodesic"":false,""type"":""Point"",""coordinates"":[79.45549280696542,11.771927724980065]}"
786_0,0.5,0.13794285,0.7,0.28,11.36,0.17125714,173,5.01,131,0.36923334,0.24,12.5,0.20026666,4.1,0.3834238,0.2739619,-0.9470975866102292,0.79,180.0,321,342,"7/24/24, 12:00 AM",CUDDALORE,41,2024-12-31T00:00:00,7.32,4.498694,394,376,284,282,3.7047918,2024-01-01T00:00:00,30.550571428571434,Veerapperumanallur,"{""geodesic"":false,""type"":""Point"",""coordinates"":[79.45549280696542,11.771658230394829]}"
787_0,0.5,0.13577619,0.64,0.3,11.36,0.16884285,192,5.98,145,0.35081905,0.33,20,0.19970952,8.3,0.38805714,0.28133333,-1.35256097375947,0.73,180.0,321,342,"7/24/24, 12:00 AM",CUDDALORE,40,2024-12-31T00:00:00,7.25,4.498694,394,376,284,282,1.8543341,2024-01-01T00:00:00,30.550571428571434,Veerapperumanallur,"{""geodesic"":false,""type"":""Point"",""coordinates"":[79.45495381779494,11.771658230394829]}"
788_0,0.5,0.11875714,0.63,0.27,11.02,0.14699048,202,5.28,114,0.3336762,0.36,17,0.15502381,8.2,0.32481906,0.22651428,-2.403026254406995,0.68,225.60895,321,342,"7/24/24, 12:00 AM",CUDDALORE,46,2024-12-31T00:00:00,7.3,4.498694,394,376,284,282,5.288276,2024-01-01T00:00:00,30.550571428571434,Veerapperumanallur,"{""geodesic"":false,""type"":""Point"",""coordinates"":[79.45495381779494,11.7721972195653]}"
789_0,0.5,0.14690477,0.6,0.28,9.24,0.17389047,173,4.35,128,0.35689524,0.36,12.5,0.20727143,4.1,0.3629762,0.26191905,1.2652578987082344,0.53,270.0,310,325,"7/10/24, 12:00 AM",CUDDALORE,40,2024-12-31T00:00:00,7.28,4.1939864,408,394,283,281,1.8941257,2024-01-01T00:00:00,30.671696969696967,Veerapperumanallur,"{""geodesic"":false,""type"":""Point"",""coordinates"":[79.44282656145933,11.769232779127705]}"
790_0,0.5,0.14172609,0.49,0.27,8.94,0.16039565,192,4.18,121,0.3380739,0.27,22.5,0.16704348,4.1,0.31167826,0.23256087,5.219656689447525,0.58,314.4117,307,332,"7/8/24, 12:00 AM",CUDDALORE,69,2024-12-31T00:00:00,7.67,3.8972077,399,380,294,289,2.6488075,2024-01-01T00:00:00,30.553454545454546,Natham,"{""geodesic"":false,""type"":""Point"",""coordinates"":[79.3997074278216,11.572232237320295]}"
791_0,0.5,0.12796316,0.55,0.14,8.2,0.15776315,212,3.68,138,0.34321052,0.33,22.5,0.17703158,4.1,0.33476317,0.24600527,-1.468553561931357,0.63,207.05722,311,327,"7/16/24, 12:00 AM",CUDDALORE,38,2024-12-31T00:00:00,8.14,4.498694,407,389,282,285,2.0820389,2024-01-01T00:00:00,30.54624242424242,Natham,"{""geodesic"":false,""type"":""Point"",""coordinates"":[79.48136428714805,11.794565270139877]}"
792_0,0.5,0.11302105,0.56,0.18,6.98,0.14665264,183,3.64,114,0.3312158,0.36,15,0.1698158,4.1,0.3275263,0.23967369,-1.373979380524839,0.64,270.0,311,327,"7/16/24, 12:00 AM",CUDDALORE,39,2024-12-31T00:00:00,8.03,4.498694,407,389,282,285,1.8942999,2024-01-01T00:00:00,30.54624242424242,Natham,"{""geodesic"":false,""type"":""Point"",""coordinates"":[79.4816337817333,11.794565270139877]}"
793_0,0.5,0.11571053,0.59,0.31,6.98,0.13780527,183,3.31,121,0.29264736,0.3,20,0.14640526,4.1,0.2595737,0.18282105,-0.6594832538323441,0.64,-0.0,310,328,"7/5/24, 12:00 AM",CUDDALORE,37,2024-12-31T00:00:00,7.54,4.498694,411,391,279,281,0.92740995,2024-01-01T00:00:00,30.50969696969697,Natham,"{""geodesic"":false,""type"":""Point"",""coordinates"":[79.47759136295475,11.79106184053181]}"
794_0,0.5,0.095310524,0.86,0.29,10.26,0.11940526,163,4.31,100,0.29413158,0.36,31,0.13151053,4.1,0.27015263,0.18905263,-1.352630395026436,0.86,-0.0,314,337,"7/12/24, 12:00 AM",CUDDALORE,39,2024-12-31T00:00:00,7.74,4.498694,407,382,280,281,1.8543341,2024-01-01T00:00:00,30.55163636363636,Natham,"{""geodesic"":false,""type"":""Point"",""coordinates"":[79.47678287919905,11.79106184053181]}"
795_0,0.5,0.10678948,0.77,0.24,11.01,0.13400526,202,5.28,128,0.30775264,0.33,20,0.14790526,4.1,0.2881421,0.20381053,-1.352630395026436,1.28,-0.0,314,337,"7/12/24, 12:00 AM",CUDDALORE,38,2024-12-31T00:00:00,7.65,4.498694,407,382,280,281,1.8543341,2024-01-01T00:00:00,30.55163636363636,Natham,"{""geodesic"":false,""type"":""Point"",""coordinates"":[79.47624389002858,11.79106184053181]}"
796_0,0.5,0.06806111,1.21,0.24,11.28,0.09781111,212,4.91,128,0.2760389,0.33,25,0.10993889,4.1,0.30348334,0.21119444,-2.0671079814474265,0.95,270.0,314,337,"7/12/24, 12:00 AM",CUDDALORE,38,2024-12-31T00:00:00,7.72,4.498694,407,382,280,281,3.7844293,2024-01-01T00:00:00,30.55163636363636,Natham,"{""geodesic"":false,""type"":""Point"",""coordinates"":[79.4748964171024,11.791600829702283]}"
797_0,0.5,0.07992222,0.58,0.13,6.98,0.1079,173,3.81,138,0.30360556,0.33,31.2,0.10390556,4.1,0.25725,0.17825556,-1.4685406868796336,0.61,207.05692,310,336,"7/5/24, 12:00 AM",CUDDALORE,42,2024-12-31T00:00:00,7.92,4.498694,412,385,279,279,2.0820332,2024-01-01T00:00:00,30.55163636363636,Natham,"{""geodesic"":false,""type"":""Point"",""coordinates"":[79.47435742793192,11.790792345946574]}"
798_0,0.5,0.07992222,0.69,0.26,6.91,0.1079,173,3.71,156,0.30360556,0.33,22.5,0.10390556,8.3,0.25725,0.17825556,-1.4685406868796336,0.58,207.05692,310,336,"7/5/24, 12:00 AM",CUDDALORE,42,2024-12-31T00:00:00,7.98,4.498694,412,385,279,279,2.0820332,2024-01-01T00:00:00,30.55163636363636,Natham,"{""geodesic"":false,""type"":""Point"",""coordinates"":[79.47435742793192,11.790792345946574]}"
799_0,0.5,0.073694736,0.68,0.18,6.98,0.09629474,183,3.41,121,0.27556843,0.33,22.5,0.106294736,4.1,0.2505737,0.18273684,-1.4813357280662283,0.73,116.079414,310,336,"7/5/24, 12:00 AM",CUDDALORE,36,2024-12-31T00:00:00,7.81,4.498694,412,385,279,279,2.10882,2024-01-01T00:00:00,30.55163636363636,Natham,"{""geodesic"":false,""type"":""Point"",""coordinates"":[79.47274046042051,11.79106184053181]}"
800_0,0.5,0.060755,0.72,0.19,10.75,0.081425,202,4.92,111,0.27117,0.39,22,0.08888,8.2,0.23076,0.16484,-1.4813357280662283,0.8,296.0794,304,330,"7/12/24, 12:00 AM",CUDDALORE,44,2024-12-31T00:00:00,7.63,4.498694,403,377,293,293,2.10882,2024-01-01T00:00:00,30.55163636363636,Natham,"{""geodesic"":false,""type"":""Point"",""coordinates"":[79.47058450373862,11.79106184053181]}"
801_0,0.5,0.14942999,0.52,0.28,8.83,0.17293,212,3.75,124,0.352355,0.3,22.5,0.16476,4.1,0.296275,0.211535,-2.1744911977922947,0.52,296.0793,304,330,"7/8/24, 12:00 AM",CUDDALORE,39,2024-12-31T00:00:00,7.79,4.498694,412,384,285,285,4.211959,2024-01-01T00:00:00,30.613806451612913,Natham,"{""geodesic"":false,""type"":""Point"",""coordinates"":[79.46465562286343,11.79240931345799]}"
802_0,0.5,0.11107368,0.75,0.33,10.31,0.1366421,202,4.21,142,0.29240525,0.39,60,0.15476316,4.1,0.3048158,0.24451579,-0.32353980208233635,0.75,225.60811,312,344,"7/15/24, 12:00 AM",CUDDALORE,29,2024-12-31T00:00:00,5.71,4.649809,379,351,309,305,1.3255796,2024-01-01T00:00:00,30.641548387096783,Anguchettipalayam,"{""geodesic"":false,""type"":""Point"",""coordinates"":[79.5215189803482,11.764112382008225]}"
803_0,0.5,0.08817,0.58,0.26,9.72,0.106195,163,4.36,149,0.27079,0.3,45.7,0.1106,4.1,0.26201,0.19322,-1.352551628956949,0.65,180.0,345,373,"7/2/24, 12:00 AM",CUDDALORE,31,2024-12-31T00:00:00,5.29,4.649809,337,316,318,311,1.8543341,2024-01-01T00:00:00,30.69386666666667,Anguchettipalayam,"{""geodesic"":false,""type"":""Point"",""coordinates"":[79.53553269878047,11.769502273712941]}"
804_0,0.5,0.11107368,0.65,0.31,9.81,0.1366421,173,4.76,156,0.29240525,0.36,50,0.15476316,4.1,0.3048158,0.24451579,-0.32353980208233635,0.72,225.60811,312,344,"7/15/24, 12:00 AM",CUDDALORE,29,2024-12-31T00:00:00,5.63,4.649809,379,351,309,305,1.3255796,2024-01-01T00:00:00,30.641548387096783,Anguchettipalayam,"{""geodesic"":false,""type"":""Point"",""coordinates"":[79.5215189803482,11.764112382008225]}"
805_0,0.5,0.17688572,0.52,0.26,9.62,0.18670475,163,4.81,138,0.29895714,0.27,66,0.18505715,4.1,0.31259048,0.25494763,-1.016769615589088,0.56,134.39032,340,365,"7/12/24, 12:00 AM",CUDDALORE,32,2024-12-31T00:00:00,5.21,4.649809,354,333,306,302,2.6498156,2024-01-01T00:00:00,30.736620689655176,Anguchettipalayam,"{""geodesic"":false,""type"":""Point"",""coordinates"":[79.54092259048518,11.779204078781433]}"
806_0,0.5,0.17688572,0.62,0.36,9.28,0.18670475,202,4.78,121,0.29895714,0.36,55,0.18505715,4.1,0.31259048,0.25494763,-1.016769615589088,0.69,134.39032,340,365,"7/12/24, 12:00 AM",CUDDALORE,32,2024-12-31T00:00:00,5.56,4.649809,354,333,306,302,2.6498156,2024-01-01T00:00:00,30.736620689655176,Anguchettipalayam,"{""geodesic"":false,""type"":""Point"",""coordinates"":[79.54092259048518,11.779204078781433]}"
807_0,0.5,0.14044091,0.81,0.31,10.15,0.15391818,202,5.04,138,0.2497,0.27,65.6,0.16931364,4.1,0.31785908,0.26332727,-1.0167643874905454,0.91,225.60962,335,363,"7/2/24, 12:00 AM",CUDDALORE,35,2024-12-31T00:00:00,5.51,4.649809,360,337,305,300,1.3256153,2024-01-01T00:00:00,30.736620689655176,Anguchettipalayam,"{""geodesic"":false,""type"":""Point"",""coordinates"":[79.53957511755901,11.77866508961096]}"
808_0,0.5,0.14044091,0.6,0.25,10.32,0.15391818,212,5.15,145,0.2497,0.33,60,0.16931364,8.3,0.31785908,0.26332727,-1.0167643874905454,0.65,225.60962,335,363,"7/2/24, 12:00 AM",CUDDALORE,35,2024-12-31T00:00:00,5.61,4.649809,360,337,305,300,1.3256153,2024-01-01T00:00:00,30.736620689655176,Anguchettipalayam,"{""geodesic"":false,""type"":""Point"",""coordinates"":[79.53957511755901,11.77866508961096]}"
809_0,0.5,0.14044091,0.61,0.29,9.65,0.15391818,221,4.65,121,0.2497,0.33,50,0.16931364,8.3,0.31785908,0.26332727,-1.0167643874905454,0.76,225.60962,335,363,"7/2/24, 12:00 AM",CUDDALORE,35,2024-12-31T00:00:00,5.71,4.649809,360,337,305,300,1.3256153,2024-01-01T00:00:00,30.736620689655176,Anguchettipalayam,"{""geodesic"":false,""type"":""Point"",""coordinates"":[79.53957511755901,11.77866508961096]}"
810_0,0.5,0.14044091,0.76,0.29,10.36,0.15391818,212,5.14,145,0.2497,0.27,68.7,0.16931364,4.1,0.31785908,0.26332727,-1.0167643874905454,0.84,225.60962,335,363,"7/2/24, 12:00 AM",CUDDALORE,35,2024-12-31T00:00:00,5.33,4.649809,360,337,305,300,1.3256153,2024-01-01T00:00:00,30.736620689655176,Anguchettipalayam,"{""geodesic"":false,""type"":""Point"",""coordinates"":[79.53957511755901,11.77866508961096]}"
811_0,0.5,0.15341905,0.71,0.36,9.81,0.18222857,192,4.36,149,0.33996665,0.33,52.5,0.20615715,8.3,0.38407618,0.30571905,-0.6594309649301398,0.81,180.0,306,331,"7/16/24, 12:00 AM",CUDDALORE,32,2024-12-31T00:00:00,5.46,4.649809,382,360,312,309,0.92740995,2024-01-01T00:00:00,30.727677419354833,Anguchettipalayam,"{""geodesic"":false,""type"":""Point"",""coordinates"":[79.51585959405826,11.776509132929075]}"
812_0,0.5,0.14410476,0.6,0.29,10.15,0.16329047,173,5.21,145,0.31258094,0.27,52.5,0.17168571,4.1,0.32660475,0.26550952,-0.7753240089007303,0.64,332.94446,303,334,"7/2/24, 12:00 AM",CUDDALORE,32,2024-12-31T00:00:00,5.64,4.649809,381,355,317,311,4.158532,2024-01-01T00:00:00,30.608645161290315,Anguchettipalayam,"{""geodesic"":false,""type"":""Point"",""coordinates"":[79.51181717527972,11.774622670832423]}"
813_0,0.5,0.16597143,0.58,0.21,9.56,0.18829048,212,4.65,142,0.30444762,0.39,66,0.20667619,8.2,0.36850476,0.3144381,-1.2474494310958903,0.7,157.77518,298,333,"7/12/24, 12:00 AM",CUDDALORE,28,2024-12-31T00:00:00,5.26,4.649809,387,359,315,308,4.9969287,2024-01-01T00:00:00,30.608645161290315,Anguchettipalayam,"{""geodesic"":false,""type"":""Point"",""coordinates"":[79.51316464820589,11.774622670832423]}"
814_0,0.5,0.046609093,0.58,0.29,9.78,0.063863635,212,4.71,124,0.30284092,0.36,72,0.04665909,4.1,0.18484999,0.09312273,0.5936013001410677,0.6,314.40814,307,332,"7/12/24, 12:00 AM",CUDDALORE,67,2024-12-31T00:00:00,5.21,4.2107716,385,365,308,303,1.3251959,2024-01-01T00:00:00,30.43897142857143,Anguchettipalayam,"{""geodesic"":false,""type"":""Point"",""coordinates"":[79.48702367343802,11.60699703881572]}"
815_0,0.5,0.11107368,0.74,0.11,11.81,0.1366421,163,5.96,111,0.29240525,0.36,37.5,0.15476316,4.1,0.3048158,0.24451579,-0.32353980208233635,0.81,225.60811,312,344,"6/25/24, 12:00 AM",CUDDALORE,29,2024-12-31T00:00:00,5.55,4.649809,379,351,309,305,1.3255796,2024-01-01T00:00:00,30.641548387096783,Anguchettipalayam,"{""geodesic"":false,""type"":""Point"",""coordinates"":[79.5215189803482,11.764112382008225]}"
817_0,0.5,0.18921429,0.5,0.18,10.22,0.21559048,144,4.09,173,0.39918572,0.33,17.5,0.23649047,4.1,0.36778095,0.2649619,3.273578936902338,0.56,225.61176,298,316,"6/25/24, 12:00 AM",CUDDALORE,42,2024-12-31T00:00:00,7.96,4.498694,407,387,294,297,1.325666,2024-01-01T00:00:00,30.554374999999997,Sirugramam,"{""geodesic"":false,""type"":""Point"",""coordinates"":[79.46007421491443,11.799146678088887]}"
818_0,0.5,0.06771905,0.55,0.22,9.21,0.09382381,154,4.38,187,0.28308097,0.3,15,0.08577619,8.3,0.23598571,0.16310953,1.2911718807219699,0.62,243.92152,315,340,"6/24/24, 12:00 AM",CUDDALORE,44,2024-12-31T00:00:00,7.22,4.209525,400,375,285,285,2.1088905,2024-01-01T00:00:00,30.562000000000005,Sirugramam,"{""geodesic"":false,""type"":""Point"",""coordinates"":[79.44201807770362,11.802380613111715]}"
819_0,0.5,0.09531,0.92,0.09,9.36,0.117095,63,5.31,145,0.34323,0.42,31,0.105845,4.1,0.241825,0.1479,-1.016071863897978,0.75,45.596283,298,325,"6/21/24, 12:00 AM",CUDDALORE,102,2024-12-31T00:00:00,5.33,4.2817693,368,345,334,330,1.3253005,2024-01-01T00:00:00,30.490647058823523,Kattugudalur,"{""geodesic"":false,""type"":""Point"",""coordinates"":[79.45522331238018,11.650116172453457]}"
820_0,0.5,0.09332051,0.63,0.14,10.16,0.11842051,163,4.18,135,0.31868717,0.36,62,0.12709744,8.2,0.2790487,0.19148718,-0.7751531097117336,0.65,332.94775,336,365,"7/8/24, 12:00 AM",CUDDALORE,46,2024-12-31T00:00:00,7.53,4.206149,388,360,276,275,2.0819468,2024-01-01T00:00:00,30.5075,Semmedu,"{""geodesic"":false,""type"":""Point"",""coordinates"":[79.49726446767697,11.735545955973224]}"
821_0,0.5,0.06323784,0.55,0.18,10.21,0.08552973,163,4.16,135,0.28986216,0.36,55,0.08440541,4.1,0.23223783,0.15505676,-0.7751531097117336,0.59,332.94775,327,353,"7/8/24, 12:00 AM",CUDDALORE,47,2024-12-31T00:00:00,7.52,4.206149,395,368,278,279,2.0819468,2024-01-01T00:00:00,30.5075,Semmedu,"{""geodesic"":false,""type"":""Point"",""coordinates"":[79.49753396226221,11.735545955973224]}"
822_0,0.5,0.06491666,0.6,0.16,9.76,0.09199166,154,3.96,159,0.38229722,0.33,60,0.07794444,4.1,0.23771112,0.14831111,1.5920170208239477,0.64,-0.0,327,353,"7/8/24, 12:00 AM",CUDDALORE,44,2024-12-31T00:00:00,7.7,4.206149,395,368,278,279,1.8543341,2024-01-01T00:00:00,30.5075,Semmedu,"{""geodesic"":false,""type"":""Point"",""coordinates"":[79.49834244601792,11.736084945143695]}"
823_0,0.5,0.08725897,0.5,0.27,10.31,0.11406667,117,3.75,135,0.3445923,0.3,37.5,0.12424616,4.1,0.27968976,0.18541795,0.033862832479636895,0.48,-0.0,336,365,"6/27/24, 12:00 AM",CUDDALORE,45,2024-12-31T00:00:00,7.64,4.206149,388,360,276,275,0.92740995,2024-01-01T00:00:00,30.5075,Semmedu,"{""geodesic"":false,""type"":""Point"",""coordinates"":[79.49726446767697,11.73581545055846]}"
824_0,0.5,0.08725897,0.6,0.25,10.25,0.11406667,202,4.74,145,0.3445923,0.33,22.5,0.12424616,4.1,0.27968976,0.18541795,0.033862832479636895,0.5,-0.0,336,365,"6/27/24, 12:00 AM",CUDDALORE,45,2024-12-31T00:00:00,7.69,4.206149,388,360,276,275,0.92740995,2024-01-01T00:00:00,30.5075,Semmedu,"{""geodesic"":false,""type"":""Point"",""coordinates"":[79.49726446767697,11.73581545055846]}"
825_0,0.5,0.025947368,0.8,0.51,12.06,0.043815788,117,5.26,145,0.35852632,0.33,37.5,0.024,4.1,0.1459,0.07283158,-1.0167052045488907,0.84,225.60846,317,349,"7/16/24, 12:00 AM",CUDDALORE,28,2024-12-31T00:00:00,7.65,4.649809,375,348,308,303,1.3255879,2024-01-01T00:00:00,30.701290322580647,Siruvathur,"{""geodesic"":false,""type"":""Point"",""coordinates"":[79.5236749370301,11.76761581161629]}"
826_0,0.5,0.025947368,0.74,0.65,12.02,0.043815788,94,5.26,142,0.35852632,0.36,31.2,0.024,8.3,0.1459,0.07283158,-1.0167052045488907,0.81,225.60846,317,349,"7/16/24, 12:00 AM",CUDDALORE,28,2024-12-31T00:00:00,7.71,4.649809,375,348,308,303,1.3255879,2024-01-01T00:00:00,30.701290322580647,Siruvathur,"{""geodesic"":false,""type"":""Point"",""coordinates"":[79.5236749370301,11.76761581161629]}"
827_0,0.5,0.025947368,0.6,0.34,10.18,0.043815788,70,4.48,149,0.35852632,0.39,41,0.024,4.1,0.1459,0.07283158,-1.0167052045488907,0.65,225.60846,317,349,"7/16/24, 12:00 AM",CUDDALORE,28,2024-12-31T00:00:00,8.15,4.649809,375,348,308,303,1.3255879,2024-01-01T00:00:00,30.701290322580647,Siruvathur,"{""geodesic"":false,""type"":""Point"",""coordinates"":[79.5236749370301,11.76761581161629]}"
828_0,0.5,0.025947368,0.5,0.3,11.01,0.043815788,55,4.58,152,0.35852632,0.27,42,0.024,8.2,0.1459,0.07283158,-1.0167052045488907,0.55,225.60846,317,349,"7/12/24, 12:00 AM",CUDDALORE,28,2024-12-31T00:00:00,8.1,4.649809,375,348,308,303,1.3255879,2024-01-01T00:00:00,30.701290322580647,Siruvathur,"{""geodesic"":false,""type"":""Point"",""coordinates"":[79.5236749370301,11.76761581161629]}"
829_0,0.5,0.025947368,0.66,0.52,9.15,0.043815788,144,4.72,156,0.35852632,0.33,37.5,0.024,4.1,0.1459,0.07283158,-1.0167052045488907,0.61,225.60846,317,349,"7/16/24, 12:00 AM",CUDDALORE,28,2024-12-31T00:00:00,7.91,4.649809,375,348,308,303,1.3255879,2024-01-01T00:00:00,30.701290322580647,Siruvathur,"{""geodesic"":false,""type"":""Point"",""coordinates"":[79.5236749370301,11.76761581161629]}"
830_0,0.5,0.025947368,0.71,0.46,9.38,0.043815788,154,4.5,138,0.35852632,0.3,25,0.024,4.1,0.1459,0.07283158,-1.0167052045488907,0.74,225.60846,317,349,"7/16/24, 12:00 AM",CUDDALORE,28,2024-12-31T00:00:00,8.04,4.649809,375,348,308,303,1.3255879,2024-01-01T00:00:00,30.701290322580647,Siruvathur,"{""geodesic"":false,""type"":""Point"",""coordinates"":[79.5236749370301,11.76761581161629]}"
831_0,0.5,0.025947368,0.65,0.5,8.7,0.043815788,154,4.24,163,0.35852632,0.33,25,0.024,4.1,0.1459,0.07283158,-1.0167052045488907,0.57,225.60846,317,349,"7/16/24, 12:00 AM",CUDDALORE,28,2024-12-31T00:00:00,7.99,4.649809,375,348,308,303,1.3255879,2024-01-01T00:00:00,30.701290322580647,Siruvathur,"{""geodesic"":false,""type"":""Point"",""coordinates"":[79.5236749370301,11.76761581161629]}"
832_0,0.5,0.025947368,0.91,0.35,11.06,0.043815788,63,4.52,156,0.35852632,0.3,34,0.024,8.3,0.1459,0.07283158,-1.0167052045488907,0.91,225.60846,317,349,"7/16/24, 12:00 AM",CUDDALORE,28,2024-12-31T00:00:00,7.61,4.649809,375,348,308,303,1.3255879,2024-01-01T00:00:00,30.701290322580647,Siruvathur,"{""geodesic"":false,""type"":""Point"",""coordinates"":[79.5236749370301,11.76761581161629]}"
833_0,0.5,0.025947368,0.91,0.51,11.06,0.043815788,78,4.71,169,0.35852632,0.33,28,0.024,8.3,0.1459,0.07283158,-1.0167052045488907,0.91,225.60846,317,349,"7/16/24, 12:00 AM",CUDDALORE,28,2024-12-31T00:00:00,7.62,4.649809,375,348,308,303,1.3255879,2024-01-01T00:00:00,30.701290322580647,Siruvathur,"{""geodesic"":false,""type"":""Point"",""coordinates"":[79.5236749370301,11.76761581161629]}"
834_0,0.5,0.025947368,0.78,0.25,10.76,0.043815788,78,4.38,152,0.35852632,0.33,22,0.024,4.1,0.1459,0.07283158,-1.0167052045488907,0.81,225.60846,317,349,"7/12/24, 12:00 AM",CUDDALORE,28,2024-12-31T00:00:00,7.55,4.649809,375,348,308,303,1.3255879,2024-01-01T00:00:00,30.701290322580647,Siruvathur,"{""geodesic"":false,""type"":""Point"",""coordinates"":[79.5236749370301,11.76761581161629]}"
835_0,0.5,0.025947368,0.6,0.32,10.32,0.043815788,78,4.76,152,0.35852632,0.39,22,0.024,4.1,0.1459,0.07283158,-1.0167052045488907,0.63,225.60846,317,349,"7/10/24, 12:00 AM",CUDDALORE,28,2024-12-31T00:00:00,7.38,4.649809,375,348,308,303,1.3255879,2024-01-01T00:00:00,30.701290322580647,Siruvathur,"{""geodesic"":false,""type"":""Point"",""coordinates"":[79.5236749370301,11.76761581161629]}"
836_0,0.5,0.025947368,0.6,0.26,10.42,0.043815788,135,4.56,138,0.35852632,0.3,31.3,0.024,4.1,0.1459,0.07283158,-1.0167052045488907,0.71,225.60846,317,349,"7/16/24, 12:00 AM",CUDDALORE,28,2024-12-31T00:00:00,7.59,4.649809,375,348,308,303,1.3255879,2024-01-01T00:00:00,30.701290322580647,Siruvathur,"{""geodesic"":false,""type"":""Point"",""coordinates"":[79.5236749370301,11.76761581161629]}"
837_0,0.5,0.025947368,0.52,0.38,10.98,0.043815788,109,4.57,152,0.35852632,0.36,28.1,0.024,4.1,0.1459,0.07283158,-1.0167052045488907,0.64,225.60846,317,349,"6/24/24, 12:00 AM",CUDDALORE,28,2024-12-31T00:00:00,7.46,4.649809,375,348,308,303,1.3255879,2024-01-01T00:00:00,30.701290322580647,Siruvathur,"{""geodesic"":false,""type"":""Point"",""coordinates"":[79.5236749370301,11.76761581161629]}"
838_0,0.5,0.025947368,0.61,0.49,10.7,0.043815788,86,4.5,173,0.35852632,0.33,37.5,0.024,4.1,0.1459,0.07283158,-1.0167052045488907,0.55,225.60846,317,349,"7/10/24, 12:00 AM",CUDDALORE,28,2024-12-31T00:00:00,7.37,4.649809,375,348,308,303,1.3255879,2024-01-01T00:00:00,30.701290322580647,Siruvathur,"{""geodesic"":false,""type"":""Point"",""coordinates"":[79.5236749370301,11.76761581161629]}"
839_0,0.5,0.087626316,0.33,0.49,10.51,0.12008947,135,4.2,176,0.33528948,0.3,31.3,0.10868421,4.1,0.26602632,0.18711579,-0.7879896580637349,0.58,243.91805,328,359,"7/10/24, 12:00 AM",CUDDALORE,28,2024-12-31T00:00:00,7.31,4.649809,359,333,313,309,2.1086292,2024-01-01T00:00:00,30.641548387096783,Siruvathur,"{""geodesic"":false,""type"":""Point"",""coordinates"":[79.52178847493344,11.760339457814922]}"
840_0,0.5,0.11992381,0.86,0.17,9.26,0.15577143,94,4.26,80,0.35741428,0.33,20,0.17506191,8.3,0.37235713,0.26878095,1.7557667086528164,0.81,314.38947,329,344,"6/14/24, 12:00 AM",CUDDALORE,34,2024-12-31T00:00:00,7.58,4.498694,386,365,286,291,1.3256371,2024-01-01T00:00:00,30.49200000000001,Rayarpalayam,"{""geodesic"":false,""type"":""Point"",""coordinates"":[79.49268305972797,11.787558410923744]}"
841_0,0.5,0.10134286,0.72,0.25,10.12,0.13175714,192,4.92,111,0.3189476,0.33,69,0.12344286,4.1,0.29593334,0.2098619,0.821198283015991,0.8,243.9212,314,342,"7/19/24, 12:00 AM",CUDDALORE,39,2024-12-31T00:00:00,7.65,4.498694,387,360,299,298,2.1088665,2024-01-01T00:00:00,30.540125000000003,Melarungunam,"{""geodesic"":false,""type"":""Point"",""coordinates"":[79.49403053265415,11.798607688918414]}"
842_0,0.5,0.08817,0.6,0.27,10.16,0.11659,192,5.1,111,0.344845,0.27,55,0.10081,8.2,0.27402,0.186805,-1.3740078960944286,0.65,90.0,309,338,"7/19/24, 12:00 AM",CUDDALORE,45,2024-12-31T00:00:00,7.69,4.498694,394,366,297,296,1.8943248,2024-01-01T00:00:00,30.540125000000003,Melarungunam,"{""geodesic"":false,""type"":""Point"",""coordinates"":[79.4921440705575,11.798068699747942]}"
843_0,0.5,0.1300909,0.72,0.39,10.59,0.1527,154,5.28,121,0.31696364,0.33,55,0.15367272,8.2,0.29618183,0.22360454,-1.0863135129856483,0.81,90.0,313,339,"7/19/24, 12:00 AM",CUDDALORE,36,2024-12-31T00:00:00,7.35,4.498694,383,356,304,304,2.84018,2024-01-01T00:00:00,30.535499999999995,Melarungunam,"{""geodesic"":false,""type"":""Point"",""coordinates"":[79.49618648933603,11.796721226821763]}"
844_0,0.5,0.10421429,0.6,0.19,8.53,0.12077143,135,0.95,80,0.3446619,0.24,20,0.11539524,4.1,0.2712381,0.18236667,-1.3526558729502893,0.55,180.0,318,349,"7/11/24, 12:00 AM",CUDDALORE,38,2024-12-31T00:00:00,7.7,4.498694,383,356,299,295,1.8543341,2024-01-01T00:00:00,30.535499999999995,Melarungunam,"{""geodesic"":false,""type"":""Point"",""coordinates"":[79.4988814351884,11.798068699747942]}"
845_0,0.5,0.16694736,0.65,0.31,8.73,0.1884,102,8.13,159,0.32007894,0.27,31,0.20096841,8.3,0.31784737,0.24583158,2.8179847460743126,0.77,-0.0,315,353,"7/8/24, 12:00 AM",CUDDALORE,30,2024-12-31T00:00:00,7.61,4.498694,377,349,308,298,0.0,2024-01-01T00:00:00,30.547290322580633,Semakottai,"{""geodesic"":false,""type"":""Point"",""coordinates"":[79.49834244601792,11.772466714150536]}"
846_0,0.5,0.06838421,0.4,0.07,9.31,0.08596842,102,4.36,111,0.3313737,0.3,37.5,0.0774579,4.1,0.2187421,0.13112631,-1.9479955237564008,0.45,214.24358,294,312,"6/24/24, 12:00 AM",CUDDALORE,99,2024-12-31T00:00:00,5.7,4.2817693,373,354,333,334,3.3620868,2024-01-01T00:00:00,30.488857142857146,Virasingankuppam,"{""geodesic"":false,""type"":""Point"",""coordinates"":[79.46357764452249,11.659278988351476]}"
847_0,0.5,0.06838421,0.39,0.07,9.24,0.08596842,117,4.54,118,0.3313737,0.33,28.12,0.0774579,4.1,0.2187421,0.13112631,-1.9479955237564008,0.4,214.24358,294,312,"6/24/24, 12:00 AM",CUDDALORE,99,2024-12-31T00:00:00,5.67,4.2817693,373,354,333,334,3.3620868,2024-01-01T00:00:00,30.488857142857146,Virasingankuppam,"{""geodesic"":false,""type"":""Point"",""coordinates"":[79.46357764452249,11.659278988351476]}"
848_0,0.5,0.06838421,0.56,0.07,9.38,0.08596842,94,4.39,104,0.3313737,0.36,37.5,0.0774579,4.1,0.2187421,0.13112631,-1.9479955237564008,0.61,214.24358,294,312,"6/24/24, 12:00 AM",CUDDALORE,99,2024-12-31T00:00:00,5.34,4.2817693,373,354,333,334,3.3620868,2024-01-01T00:00:00,30.488857142857146,Virasingankuppam,"{""geodesic"":false,""type"":""Point"",""coordinates"":[79.46357764452249,11.659278988351476]}"
849_0,0.5,0.063594736,0.5,0.08,9.15,0.08483158,102,4.15,118,0.32911578,0.3,28.12,0.074821055,4.1,0.22006316,0.13256842,-1.3521598933060979,0.56,180.0,294,312,"6/24/24, 12:00 AM",CUDDALORE,100,2024-12-31T00:00:00,5.83,4.2817693,373,354,333,334,1.8543341,2024-01-01T00:00:00,30.488857142857146,Virasingankuppam,"{""geodesic"":false,""type"":""Point"",""coordinates"":[79.46357764452249,11.659548482936712]}"
850_0,0.5,0.06838421,0.62,0.09,9.38,0.08596842,117,4.31,118,0.3313737,0.27,28.12,0.0774579,4.1,0.2187421,0.13112631,-1.9479955237564008,0.71,214.24358,294,312,"6/24/24, 12:00 AM",CUDDALORE,99,2024-12-31T00:00:00,5.76,4.2817693,373,354,333,334,3.3620868,2024-01-01T00:00:00,30.488857142857146,Virasingankuppam,"{""geodesic"":false,""type"":""Point"",""coordinates"":[79.46357764452249,11.659278988351476]}"
851_0,0.5,0.07686842,0.32,0.08,9.35,0.09399474,117,4.32,118,0.32647896,0.27,55,0.09041579,4.1,0.21863684,0.12869474,-1.7092665779335054,0.36,225.59723,289,308,"6/24/24, 12:00 AM",CUDDALORE,100,2024-12-31T00:00:00,6.17,4.2817693,372,353,339,339,2.6492288,2024-01-01T00:00:00,30.488857142857146,Virasingankuppam,"{""geodesic"":false,""type"":""Point"",""coordinates"":[79.46384713910773,11.659278988351476]}"
852_0,0.5,0.07686842,0.63,0.07,9.28,0.09399474,86,5.25,107,0.32647896,0.36,23,0.09041579,8.3,0.21863684,0.12869474,-1.7092665779335054,0.75,225.59723,289,308,"6/21/24, 12:00 AM",CUDDALORE,100,2024-12-31T00:00:00,5.5,4.2817693,372,353,339,339,2.6492288,2024-01-01T00:00:00,30.488857142857146,Virasingankuppam,"{""geodesic"":false,""type"":""Point"",""coordinates"":[79.46384713910773,11.659278988351476]}"
853_0,0.5,0.15910527,0.41,0.35,7.02,0.16961053,212,3.45,180,0.35984212,0.3,20,0.14976317,8.3,0.23582105,0.15826316,-0.6909599269932005,0.62,14.324961,340,365,"7/11/24, 12:00 AM",CUDDALORE,30,2024-12-31T00:00:00,8.54,4.498694,363,340,297,294,3.8233304,2024-01-01T00:00:00,30.51024242424243,Tiruvamur,"{""geodesic"":false,""type"":""Point"",""coordinates"":[79.48271176007424,11.760878446985394]}"
854_0,0.5,0.159095,0.55,0.33,8.1,0.169515,173,3.7,159,0.308025,0.36,15,0.174845,4.1,0.28439,0.20028,-1.373742831537307,0.44,90.0,333,363,"7/11/24, 12:00 AM",CUDDALORE,33,2024-12-31T00:00:00,8.55,4.498694,351,329,317,308,1.8940722,2024-01-01T00:00:00,30.51024242424243,Tiruvamur,"{""geodesic"":false,""type"":""Point"",""coordinates"":[79.48190327631853,11.761417436155867]}"
855_0,0.5,0.13569,0.5,0.37,8.11,0.14795,221,4.1,173,0.290525,0.27,17.5,0.149085,4.1,0.28219,0.19988,2.124878949170232,0.45,-0.0,339,366,"7/11/24, 12:00 AM",CUDDALORE,34,2024-12-31T00:00:00,8.52,4.498694,375,351,287,283,0.0,2024-01-01T00:00:00,30.51024242424243,Tiruvamur,"{""geodesic"":false,""type"":""Point"",""coordinates"":[79.48136428714805,11.761417436155867]}"
856_0,0.5,0.086552635,0.61,0.58,10.11,0.10120527,202,5.12,156,0.31101054,0.27,25,0.10351053,4.1,0.23797895,0.15813684,-0.4435339409965899,0.65,251.92685,309,336,"7/12/24, 12:00 AM",CUDDALORE,36,2024-12-31T00:00:00,8.57,4.498694,382,362,308,302,2.9869704,2024-01-01T00:00:00,30.541257142857148,Tiruvamur,"{""geodesic"":false,""type"":""Point"",""coordinates"":[79.46681157954532,11.764112382008225]}"
857_0,0.5,0.17833684,0.65,0.48,9.71,0.19497369,183,6.13,169,0.3399842,0.3,25,0.21051052,4.1,0.3330842,0.24511579,0.7288027136030114,0.75,332.94547,302,330,"7/12/24, 12:00 AM",CUDDALORE,34,2024-12-31T00:00:00,8.81,4.498694,370,350,328,320,2.0819888,2024-01-01T00:00:00,30.541257142857148,Tiruvamur,"{""geodesic"":false,""type"":""Point"",""coordinates"":[79.4673505687158,11.76249541449681]}"
858_0,0.5,0.18726842,0.5,0.32,7.06,0.21156316,173,3.7,176,0.3616579,0.36,22,0.23948947,4.1,0.39175788,0.2904,-2.0456747955778862,0.52,180.0,314,341,"7/16/24, 12:00 AM",CUDDALORE,33,2024-12-31T00:00:00,8.48,4.498694,381,360,306,299,3.7047918,2024-01-01T00:00:00,30.541257142857148,Tiruvamur,"{""geodesic"":false,""type"":""Point"",""coordinates"":[79.46654208496008,11.76249541449681]}"
859_0,0.5,0.14531052,0.36,0.33,7.5,0.17295264,163,3.65,180,0.31915262,0.3,17,0.2100579,8.2,0.35101578,0.2611579,-1.4811547898212007,0.4,116.0817,309,336,"7/16/24, 12:00 AM",CUDDALORE,32,2024-12-31T00:00:00,8.68,4.498694,382,362,308,302,2.108648,2024-01-01T00:00:00,30.541257142857148,Tiruvamur,"{""geodesic"":false,""type"":""Point"",""coordinates"":[79.46681157954532,11.763303898252516]}"
860_0,0.5,0.090121426,0.76,0.12,9.34,0.10984286,144,4.65,149,0.28833094,0.3,34.3,0.11899524,8.3,0.25534284,0.18014523,-1.4810086076387117,0.96,116.08355,333,343,"7/18/24, 12:00 AM",CUDDALORE,40,2024-12-31T00:00:00,7.03,4.5596237,400,388,267,270,2.1085093,2024-01-01T00:00:00,30.45359999999999,Melkavarapattu,"{""geodesic"":false,""type"":""Point"",""coordinates"":[79.57703486490679,11.74093584767794]}"
861_0,0.5,0.090121426,0.81,0.11,10.15,0.10984286,202,5.14,142,0.28833094,0.33,41.6,0.11899524,4.1,0.25534284,0.18014523,-1.4810086076387117,0.9,116.08355,333,343,"7/18/24, 12:00 AM",CUDDALORE,40,2024-12-31T00:00:00,6.96,4.5596237,400,388,267,270,2.1085093,2024-01-01T00:00:00,30.45359999999999,Melkavarapattu,"{""geodesic"":false,""type"":""Point"",""coordinates"":[79.57703486490679,11.74093584767794]}"
862_0,0.5,0.17979048,0.81,0.12,10.98,0.19552381,250,5.34,135,0.34350476,0.33,31.2,0.2070619,4.1,0.3358619,0.2616762,-1.255454707980846,0.86,145.744,340,368,"7/18/24, 12:00 AM",CUDDALORE,23,2024-12-31T00:00:00,7.06,4.665223,338,317,322,315,3.3625817,2024-01-01T00:00:00,30.56628571428572,Melkavarapattu,"{""geodesic"":false,""type"":""Point"",""coordinates"":[79.58781464831623,11.78782790550898]}"
863_0,0.5,0.17979048,0.69,0.14,10.15,0.19552381,154,5.01,145,0.34350476,0.3,45.7,0.2070619,4.1,0.3358619,0.2616762,-1.255454707980846,0.65,145.744,340,368,"7/18/24, 12:00 AM",CUDDALORE,23,2024-12-31T00:00:00,7.06,4.665223,338,317,322,315,3.3625817,2024-01-01T00:00:00,30.56628571428572,Melkavarapattu,"{""geodesic"":false,""type"":""Point"",""coordinates"":[79.58781464831623,11.78782790550898]}"
864_0,0.5,0.07135909,0.62,0.15,9.92,0.10329545,18.3,5.01,156,0.25028637,0.36,37,0.12715454,4.1,0.29808182,0.23657273,-1.4814143090478655,0.65,243.92157,338,366,"7/19/24, 12:00 AM",CUDDALORE,28,2024-12-31T00:00:00,7.32,4.5402136,332,319,330,315,2.1088939,2024-01-01T00:00:00,30.626357142857138,Melkavarapattu,"{""geodesic"":false,""type"":""Point"",""coordinates"":[79.58673666997528,11.803189096867424]}"
865_0,0.5,0.05283158,0.65,0.14,14.54,0.07656316,154,5.28,135,0.32067895,0.36,31,0.054678947,8.3,0.21961053,0.11811052,-0.6594763559908233,0.74,180.0,349,373,"7/18/24, 12:00 AM",CUDDALORE,28,2024-12-31T00:00:00,7.02,4.665223,335,316,316,312,0.92740995,2024-01-01T00:00:00,30.56628571428572,Melkavarapattu,"{""geodesic"":false,""type"":""Point"",""coordinates"":[79.59482150753236,11.788905883849923]}"
866_0,0.5,0.12404,0.65,0.45,10.31,0.151025,163,5.06,169,0.345495,0.33,37.5,0.15675,8.3,0.326685,0.243505,-1.3526790150332224,1.21,180.0,364,392,"7/19/24, 12:00 AM",CUDDALORE,27,2024-12-31T00:00:00,8.06,4.5402136,335,319,301,289,1.8543341,2024-01-01T00:00:00,30.596357142857148,Melkavarapattu,"{""geodesic"":false,""type"":""Point"",""coordinates"":[79.59239605626523,11.805075558964075]}"
867_0,0.5,0.12404,0.71,0.14,9.36,0.151025,221,4.96,173,0.345495,0.33,45.8,0.15675,4.1,0.326685,0.243505,-1.3526790150332224,0.9,180.0,364,392,"7/19/24, 12:00 AM",CUDDALORE,27,2024-12-31T00:00:00,7.28,4.5402136,335,319,301,289,1.8543341,2024-01-01T00:00:00,30.596357142857148,Melkavarapattu,"{""geodesic"":false,""type"":""Point"",""coordinates"":[79.59239605626523,11.805075558964075]}"
868_0,0.5,0.12404,0.59,0.15,12.36,0.151025,154,6.26,138,0.345495,0.33,31,0.15675,8.3,0.326685,0.243505,-1.3526790150332224,0.8,180.0,364,392,"7/18/24, 12:00 AM",CUDDALORE,27,2024-12-31T00:00:00,6.99,4.5402136,335,319,301,289,1.8543341,2024-01-01T00:00:00,30.596357142857148,Melkavarapattu,"{""geodesic"":false,""type"":""Point"",""coordinates"":[79.59239605626523,11.805075558964075]}"
869_0,0.5,0.12404,1.06,0.48,10.31,0.151025,202,5.28,169,0.345495,0.33,41.5,0.15675,8.3,0.326685,0.243505,-1.3526790150332224,0.91,180.0,364,392,"7/19/24, 12:00 AM",CUDDALORE,27,2024-12-31T00:00:00,7.7,4.5402136,335,319,301,289,1.8543341,2024-01-01T00:00:00,30.596357142857148,Melkavarapattu,"{""geodesic"":false,""type"":""Point"",""coordinates"":[79.59239605626523,11.805075558964075]}"
870_0,0.5,0.12404,0.8,0.15,10.15,0.151025,192,4.9,169,0.345495,0.36,41.63,0.15675,4.1,0.326685,0.243505,-1.3526790150332224,0.7,180.0,364,392,"7/19/24, 12:00 AM",CUDDALORE,27,2024-12-31T00:00:00,7.45,4.5402136,335,319,301,289,1.8543341,2024-01-01T00:00:00,30.596357142857148,Melkavarapattu,"{""geodesic"":false,""type"":""Point"",""coordinates"":[79.59239605626523,11.805075558964075]}"
871_0,0.5,0.12404,0.67,0.12,12.46,0.151025,125,5.72,156,0.345495,0.33,31,0.15675,4.1,0.326685,0.243505,-1.3526790150332224,0.88,180.0,364,392,"7/18/24, 12:00 AM",CUDDALORE,27,2024-12-31T00:00:00,7.06,4.5402136,335,319,301,289,1.8543341,2024-01-01T00:00:00,30.596357142857148,Melkavarapattu,"{""geodesic"":false,""type"":""Point"",""coordinates"":[79.59239605626523,11.805075558964075]}"
872_0,0.5,0.12404,0.82,0.46,9.26,0.151025,183,4.28,180,0.345495,0.27,37.5,0.15675,4.1,0.326685,0.243505,-1.3526790150332224,0.75,180.0,364,392,"7/19/24, 12:00 AM",CUDDALORE,27,2024-12-31T00:00:00,7.6,4.5402136,335,319,301,289,1.8543341,2024-01-01T00:00:00,30.596357142857148,Melkavarapattu,"{""geodesic"":false,""type"":""Point"",""coordinates"":[79.59239605626523,11.805075558964075]}"
873_0,0.5,0.12404,0.84,0.14,13.18,0.151025,183,5.48,166,0.345495,0.3,37.5,0.15675,4.1,0.326685,0.243505,-1.3526790150332224,0.74,180.0,364,392,"7/18/24, 12:00 AM",CUDDALORE,27,2024-12-31T00:00:00,7.33,4.5402136,335,319,301,289,1.8543341,2024-01-01T00:00:00,30.596357142857148,Melkavarapattu,"{""geodesic"":false,""type"":""Point"",""coordinates"":[79.59239605626523,11.805075558964075]}"
874_0,0.5,0.12404,0.7,0.16,10.65,0.151025,173,4.7,138,0.345495,0.3,45.8,0.15675,8.3,0.326685,0.243505,-1.3526790150332224,0.86,180.0,364,392,"7/19/24, 12:00 AM",CUDDALORE,27,2024-12-31T00:00:00,6.92,4.5402136,335,319,301,289,1.8543341,2024-01-01T00:00:00,30.596357142857148,Melkavarapattu,"{""geodesic"":false,""type"":""Point"",""coordinates"":[79.59239605626523,11.805075558964075]}"
878_0,0.5,0.09643529,0.45,0.62,8.86,0.11559412,163,4.26,124,0.27102354,0.33,68.7,0.11496471,4.1,0.22781175,0.16361764,-1.481135614942218,0.51,243.91805,358,383,"6/14/24, 12:00 AM",CUDDALORE,8,2024-12-31T00:00:00,7.46,4.5885277,307,291,336,325,2.1086292,2024-01-01T00:00:00,30.47889655172414,Pillali,"{""geodesic"":false,""type"":""Point"",""coordinates"":[79.70827872791665,11.760339457814922]}"
879_0,0.5,0.09643529,0.48,0.43,9.37,0.11559412,221,4.15,135,0.27102354,0.3,55,0.11496471,8.3,0.22781175,0.16361764,-1.481135614942218,0.61,243.91805,358,383,"6/14/24, 12:00 AM",CUDDALORE,8,2024-12-31T00:00:00,7.81,4.5885277,307,291,336,325,2.1086292,2024-01-01T00:00:00,30.47889655172414,Pillali,"{""geodesic"":false,""type"":""Point"",""coordinates"":[79.70827872791665,11.760339457814922]}"
880_0,0.5,0.058000002,0.88,0.28,6.51,0.08393889,317,5.27,56,0.2249,0.33,60,0.082716666,8.3,0.18336111,0.1212,-1.4684077244539657,0.86,207.05429,358,389,"7/5/24, 12:00 AM",CUDDALORE,10,2024-12-31T00:00:00,7.87,4.5885277,312,293,330,318,2.0819845,2024-01-01T00:00:00,30.47889655172414,Pillali,"{""geodesic"":false,""type"":""Point"",""coordinates"":[79.7101651900133,11.759800468644451]}"
881_0,0.5,0.13157369,0,0.66,11.06,0.15408948,18.3,3.31,121,0.33630002,0.3,68.75,0.14936842,4.13,0.2791,0.19497895,3.157665932643732,0.65,45.609066,327,341,"6/7/24, 12:00 AM",CUDDALORE,5,2024-12-31T00:00:00,7.74,4.323916,328,319,345,339,1.3256023,2024-01-01T00:00:00,30.570969696969698,Pillali,"{""geodesic"":false,""type"":""Point"",""coordinates"":[79.75085887238392,11.773275197906244]}"
882_0,0.5,0.13157369,0.4,0.63,7.91,0.15408948,202,4.14,121,0.33630002,0.3,60,0.14936842,8.3,0.2791,0.19497895,3.157665932643732,0.47,45.609066,327,341,"6/14/24, 12:00 AM",CUDDALORE,5,2024-12-31T00:00:00,7.15,4.323916,328,319,345,339,1.3256023,2024-01-01T00:00:00,30.570969696969698,Pillali,"{""geodesic"":false,""type"":""Point"",""coordinates"":[79.75085887238392,11.773275197906244]}"
883_0,0.5,0.09539,0.6,0.16,10.07,0.1201,144,4.11,86,0.28011,0.21,50,0.12504,4.1,0.24663,0.170075,-1.9484634771901748,0.67,34.253166,332,352,"6/26/24, 12:00 AM",CUDDALORE,12,2024-12-31T00:00:00,7.95,4.7172713,324,313,344,335,3.362469,2024-01-01T00:00:00,30.53041379310345,Konamangalam,"{""geodesic"":false,""type"":""Point"",""coordinates"":[79.69183955821727,11.758722490303507]}"
884_0,0.5,0.09539,0.75,0.14,9,0.1201,183,4.21,107,0.28011,0.39,42,0.12504,4.13,0.24663,0.170075,-1.9484634771901748,0.82,34.253166,332,352,"6/12/24, 12:00 AM",CUDDALORE,12,2024-12-31T00:00:00,7.88,4.7172713,324,313,344,335,3.362469,2024-01-01T00:00:00,30.53041379310345,Konamangalam,"{""geodesic"":false,""type"":""Point"",""coordinates"":[79.69183955821727,11.758722490303507]}"
885_0,0.5,0.11867368,0.54,0.17,10.11,0.14082631,154,4.19,107,0.28597894,0.27,20,0.14526315,4.1,0.22327368,0.16147895,-2.3613672164366726,0.54,68.61455,352,381,"6/10/24, 12:00 AM",CUDDALORE,10,2024-12-31T00:00:00,7.99,4.5885277,312,296,336,323,5.07385,2024-01-01T00:00:00,30.525034482758624,Varakalpattu,"{""geodesic"":false,""type"":""Point"",""coordinates"":[79.70612277123476,11.760878446985394]}"
886_0,0.5,0.101347364,0.56,0.12,10.78,0.10536316,78,3.61,100,0.29320526,0.27,37.5,0.09867895,4.1,0.24103683,0.16013685,-1.0167034362472562,0.55,45.6084,343,376,"6/10/24, 12:00 AM",CUDDALORE,17,2024-12-31T00:00:00,8.07,4.5885277,320,301,337,323,1.3255866,2024-01-01T00:00:00,30.50186206896552,Varakalpattu,"{""geodesic"":false,""type"":""Point"",""coordinates"":[79.70747024416094,11.76707682244582]}"
887_0,0.5,0.057795238,0.75,0.55,9.41,0.09117619,221,5.26,173,0.30679524,0.3,28,0.0796,8.3,0.23049048,0.14457619,2.1245709781250866,0.81,-0.0,303,327,"7/19/24, 12:00 AM",CUDDALORE,7,2024-12-31T00:00:00,8.39,3.9367187,344,332,353,341,0.0,2024-01-01T00:00:00,30.41177777777778,Madalpattu,"{""geodesic"":false,""type"":""Point"",""coordinates"":[79.79775093021496,11.847386208846105]}"
888_0,0.5,0.057795238,0.91,0.55,9.25,0.09117619,240,5.31,169,0.30679524,0.33,41.5,0.0796,4.1,0.23049048,0.14457619,2.1245709781250866,0.75,-0.0,303,327,"7/19/24, 12:00 AM",CUDDALORE,7,2024-12-31T00:00:00,8.32,3.9367187,344,332,353,341,0.0,2024-01-01T00:00:00,30.41177777777778,Madalpattu,"{""geodesic"":false,""type"":""Point"",""coordinates"":[79.79775093021496,11.847386208846105]}"
889_0,0.5,0.041504763,0.76,0.22,12.72,0.06487619,173,5.24,152,0.23754285,0.42,42,0.055428572,8.3,0.1823,0.110695235,-1.710284446961927,0.64,45.61676,303,327,"7/19/24, 12:00 AM",CUDDALORE,9,2024-12-31T00:00:00,7.75,3.9367187,344,332,353,341,2.6501498,2024-01-01T00:00:00,30.41177777777778,Madalpattu,"{""geodesic"":false,""type"":""Point"",""coordinates"":[79.79775093021496,11.846847219675633]}"
890_0,0.5,0.041504763,0.59,0.47,9.41,0.06487619,192,4.59,169,0.23754285,0.33,25,0.055428572,4.1,0.1823,0.110695235,-1.710284446961927,0.63,45.61676,303,327,"7/20/24, 12:00 AM",CUDDALORE,9,2024-12-31T00:00:00,8.3,3.9367187,344,332,353,341,2.6501498,2024-01-01T00:00:00,30.41177777777778,Madalpattu,"{""geodesic"":false,""type"":""Point"",""coordinates"":[79.79775093021496,11.846847219675633]}"
891_0,0.5,0.041504763,0.62,0.4,10.31,0.06487619,212,5.12,190,0.23754285,0.39,50,0.055428572,8.3,0.1823,0.110695235,-1.710284446961927,0.69,45.61676,303,327,"7/20/24, 12:00 AM",CUDDALORE,9,2024-12-31T00:00:00,8.63,3.9367187,344,332,353,341,2.6501498,2024-01-01T00:00:00,30.41177777777778,Madalpattu,"{""geodesic"":false,""type"":""Point"",""coordinates"":[79.79775093021496,11.846847219675633]}"
892_0,0.5,0.041504763,0.63,0.48,10.01,0.06487619,183,5.21,169,0.23754285,0.33,42,0.055428572,4.1,0.1823,0.110695235,-1.710284446961927,0.68,45.61676,303,327,"7/20/24, 12:00 AM",CUDDALORE,9,2024-12-31T00:00:00,8.07,3.9367187,344,332,353,341,2.6501498,2024-01-01T00:00:00,30.41177777777778,Madalpattu,"{""geodesic"":false,""type"":""Point"",""coordinates"":[79.79775093021496,11.846847219675633]}"
893_0,0.5,0.090280555,0.55,0.31,11.21,0.11045834,94,5.01,107,0.30001944,0.36,55,0.10775556,4.1,0.27297223,0.19620556,0.4393418817891534,0.85,180.0,334,364,"7/19/24, 12:00 AM",CUDDALORE,32,2024-12-31T00:00:00,6.1,4.424942,392,369,274,266,0.92740995,2024-01-01T00:00:00,30.5088275862069,Vilangalpattu,"{""geodesic"":false,""type"":""Point"",""coordinates"":[79.64952890833523,11.730964548024215]}"
894_0,0.5,0.065957144,0.62,0.46,10.71,0.081685714,63,5.07,104,0.24071428,0.3,45.7,0.07051143,4.1,0.18436,0.117434286,-1.468333833363443,0.76,207.0529,339,359,"7/19/24, 12:00 AM",CUDDALORE,24,2024-12-31T00:00:00,7.53,4.424942,339,324,322,317,2.081959,2024-01-01T00:00:00,30.433103448275862,Vilangalpattu,"{""geodesic"":false,""type"":""Point"",""coordinates"":[79.64710345706811,11.743361298945064]}"
895_0,0.5,0.08285278,0.72,0.31,8.95,0.11165,70,4.4,118,0.27033612,0.3,22.5,0.11111389,8.3,0.25792778,0.17825556,-0.8497340915452776,0.92,34.2508,327,353,"6/3/24, 12:00 AM",CUDDALORE,18,2024-12-31T00:00:00,6.32,4.6249967,354,336,319,311,3.3623745,2024-01-01T00:00:00,30.524000000000004,Vilangalpattu,"{""geodesic"":false,""type"":""Point"",""coordinates"":[79.65923071340373,11.734198483047045]}"
896_0,0.5,0.08285278,0.76,0.09,9.85,0.11165,39,4.35,111,0.27033612,0.42,37.5,0.11111389,8.3,0.25792778,0.17825556,-0.8497340915452776,0.91,34.2508,327,353,"6/3/24, 12:00 AM",CUDDALORE,18,2024-12-31T00:00:00,6.32,4.6249967,354,336,319,311,3.3623745,2024-01-01T00:00:00,30.524000000000004,Vilangalpattu,"{""geodesic"":false,""type"":""Point"",""coordinates"":[79.65923071340373,11.734198483047045]}"
897_0,0.5,0.11713637,0.76,0.18,14.16,0.13496667,94,4.36,107,0.36613637,0.33,11.25,0.12402121,8.25,0.2778394,0.18374546,0.012772772522008423,0.91,90.0,333,350,"7/19/24, 12:00 AM",CUDDALORE,24,2024-12-31T00:00:00,7.22,4.6249967,361,349,306,300,0.94718987,2024-01-01T00:00:00,30.54020689655173,Vilangalpattu,"{""geodesic"":false,""type"":""Point"",""coordinates"":[79.65653576755136,11.730964548024215]}"
898_0,0.5,0.08110588,0.76,0.22,9.06,0.10435294,202,4.15,176,0.30692354,0.36,72,0.109970585,4.1,0.26294118,0.1875353,-1.3741834629167382,0.82,270.0,356,374,"7/8/24, 12:00 AM",CUDDALORE,18,2024-12-31T00:00:00,7.76,4.3065486,333,323,312,304,1.8944918,2024-01-01T00:00:00,30.376108108108113,Malaipperumal Agaram,"{""geodesic"":false,""type"":""Point"",""coordinates"":[79.71528558713278,11.82232321241917]}"
899_0,0.5,0.06722778,1.06,0.25,9.21,0.095194444,212,5.26,176,0.23842223,0.36,65.5,0.08737222,8.3,0.16136667,0.102344446,5.247653385175601,1.06,78.92404,363,385,"7/8/24, 12:00 AM",CUDDALORE,22,2024-12-31T00:00:00,7.72,4.3065486,331,322,306,293,4.816535,2024-01-01T00:00:00,30.376108108108113,Malaipperumal Agaram,"{""geodesic"":false,""type"":""Point"",""coordinates"":[79.71232114669519,11.823940179930585]}"
900_0,0.5,0.11965384,0.63,0.22,9,0.13375385,173,2.31,93,0.3422359,0.3,10,0.12080513,8.25,0.24695128,0.16448206,-1.3524086866125837,0.63,-0.0,338,365,"6/4/24, 12:00 AM",CUDDALORE,27,2024-12-31T00:00:00,6.04,4.6249967,358,337,304,298,1.8543341,2024-01-01T00:00:00,30.521928571428568,Vanamadevi North,"{""geodesic"":false,""type"":""Point"",""coordinates"":[79.66650706720509,11.7293475805128]}"
901_0,0.5,0.15972105,0.51,0.11,11.08,0.19048421,47,4.28,124,0.34457368,0.24,25,0.21851578,8.3,0.38692105,0.2912,0.16804554244433853,0.72,270.0,320,351,"7/19/24, 12:00 AM",CUDDALORE,41,2024-12-31T00:00:00,6.49,4.36,394,364,286,285,2.8378952,2024-01-01T00:00:00,30.711575757575762,Abatharanapuram,"{""geodesic"":false,""type"":""Point"",""coordinates"":[79.55412782516174,11.573310215661238]}"
902_0,0.5,0.239535,0.56,0.04,11.3,0.25608,70,4.96,111,0.398635,0.3,28.1,0.263715,8.3,0.38137,0.29756,-1.4799262031596534,0.65,296.09726,293,323,"6/19/24, 12:00 AM",CUDDALORE,40,2024-12-31T00:00:00,6.5,4.36,403,372,304,306,2.1074812,2024-01-01T00:00:00,30.689833333333336,Abatharanapuram,"{""geodesic"":false,""type"":""Point"",""coordinates"":[79.56086518979264,11.572771226490767]}"
903_0,0.5,0.135675,0.82,0.37,11.35,0.15754,173,5.31,104,0.34414,0.36,57.5,0.15574999,8.3,0.308175,0.225665,2.567857938092404,1.4,45.588467,293,323,"6/14/24, 12:00 AM",CUDDALORE,39,2024-12-31T00:00:00,7.69,4.36,403,372,304,306,1.3251159,2024-01-01T00:00:00,30.689833333333336,Serakkuppam,"{""geodesic"":false,""type"":""Point"",""coordinates"":[79.56005670603693,11.57384920483171]}"
904_0,0.5,0.135675,0.62,0.13,10.31,0.15754,202,4.28,97,0.34414,0.21,52.5,0.15574999,4.1,0.308175,0.225665,2.567857938092404,0.83,45.588467,293,323,"6/26/24, 12:00 AM",CUDDALORE,39,2024-12-31T00:00:00,6.84,4.36,403,372,304,306,1.3251159,2024-01-01T00:00:00,30.689833333333336,Serakkuppam,"{""geodesic"":false,""type"":""Point"",""coordinates"":[79.56005670603693,11.57384920483171]}"
905_0,0.5,0.26508,0.44,0.21,9.58,0.279705,173,4.31,104,0.417985,0.24,41.6,0.27428,4.1,0.335505,0.246535,-0.3381495780442781,0.41,325.76474,299,330,"6/26/24, 12:00 AM",CUDDALORE,43,2024-12-31T00:00:00,7.71,4.36,399,370,303,300,3.3617554,2024-01-01T00:00:00,30.711575757575762,Serakkuppam,"{""geodesic"":false,""type"":""Point"",""coordinates"":[79.55493630891745,11.572232237320295]}"
906_0,0.5,0.09347391,0.82,0.25,8.25,0.11527826,173,5.36,118,0.31061304,0.36,38,0.1008,4.1,0.24557391,0.16194783,0.034532235643889686,0.95,-0.0,315,320,"7/15/24, 12:00 AM",CUDDALORE,13,2024-12-31T00:00:00,6.12,4.3084235,337,330,348,349,0.92740995,2024-01-01T00:00:00,30.638117647058827,Aduragaram,"{""geodesic"":false,""type"":""Point"",""coordinates"":[79.62096248230023,11.545821767967182]}"
907_0,0.5,0.09347391,0.91,0.25,10.11,0.11527826,183,5.22,121,0.31061304,0.33,28,0.1008,4.1,0.24557391,0.16194783,0.034532235643889686,0.65,-0.0,315,320,"7/15/24, 12:00 AM",CUDDALORE,13,2024-12-31T00:00:00,6.13,4.3084235,337,330,348,349,0.92740995,2024-01-01T00:00:00,30.638117647058827,Aduragaram,"{""geodesic"":false,""type"":""Point"",""coordinates"":[79.62096248230023,11.545821767967182]}"
908_0,0.5,0.095828,0.86,0.24,10.16,0.118188,202,4.22,121,0.28066,0.36,38,0.11788,4.1,0.25199202,0.186728,0.4195155289291733,0.63,270.0,310,324,"7/18/24, 12:00 AM",CUDDALORE,11,2024-12-31T00:00:00,7.16,4.27471,332,324,358,351,0.9465772,2024-01-01T00:00:00,30.534307692307692,Aduragaram,"{""geodesic"":false,""type"":""Point"",""coordinates"":[79.63255074946538,11.550942165086662]}"
909_0,0.5,0.095828,1.01,0.26,10.11,0.118188,212,4.36,114,0.28066,0.39,28,0.11788,8.3,0.25199202,0.186728,0.4195155289291733,0.77,270.0,310,324,"7/18/24, 12:00 AM",CUDDALORE,11,2024-12-31T00:00:00,6.16,4.27471,332,324,358,351,0.9465772,2024-01-01T00:00:00,30.534307692307692,Aduragaram,"{""geodesic"":false,""type"":""Point"",""coordinates"":[79.63255074946538,11.550942165086662]}"
910_0,0.5,0.12535217,0.82,0.18,9.21,0.14853913,173,4.22,121,0.29448262,0.36,28.13,0.1549,8.3,0.30703044,0.23476957,4.5313958635657885,0.75,332.96356,312,333,"7/18/24, 12:00 AM",CUDDALORE,4,2024-12-31T00:00:00,6.41,4.3084235,309,298,379,370,4.157826,2024-01-01T00:00:00,30.560108108108107,Aduragaram,"{""geodesic"":false,""type"":""Point"",""coordinates"":[79.63174226570966,11.545821767967182]}"
911_0,0.5,0.1412421,0.42,0.57,6.51,0.15566842,163,3.24,138,0.2813684,0.3,12.5,0.15851578,4.1,0.27919474,0.21586315,-0.6589383596986633,0.55,180.0,313,323,"7/19/24, 12:00 AM",CUDDALORE,44,2024-12-31T00:00:00,7.98,4.3789372,378,370,310,307,0.92740995,2024-01-01T00:00:00,30.66436363636364,Puliyur(west),"{""geodesic"":false,""type"":""Point"",""coordinates"":[79.63470670614726,11.637180432362136]}"
912_0,0.5,0.14410909,0.81,0.23,9.51,0.15453637,78,4.1,100,0.31857726,0.36,50,0.14960454,4.1,0.28135455,0.19627273,-2.076824793026743,0.75,14.319305,333,336,"7/22/24, 12:00 AM",CUDDALORE,39,2024-12-31T00:00:00,7.17,4.3789372,389,384,279,280,3.8232343,2024-01-01T00:00:00,30.633741935483876,Puliyur(west),"{""geodesic"":false,""type"":""Point"",""coordinates"":[79.64090508160768,11.646882237430628]}"
913_0,0.5,0.23167,0.62,0.33,11.2,0.25113,78,4.22,118,0.35998,0.33,32.5,0.26054,8.3,0.342735,0.271635,-0.6792536565121713,0.65,270.0,293,323,"6/26/24, 12:00 AM",CUDDALORE,40,2024-12-31T00:00:00,5.06014,4.36,403,372,304,306,0.94665414,2024-01-01T00:00:00,30.689833333333336,Kanchamanathapuram,"{""geodesic"":false,""type"":""Point"",""coordinates"":[79.56086518979264,11.573579710246474]}"
914_0,0.5,0.22269501,0.61,0.23,11.48,0.2312,102,4.15,104,0.38411,0.27,45.8,0.22553,8.3,0.34345,0.26109,-1.0156577570513332,0.61,225.58835,293,323,"6/26/24, 12:00 AM",CUDDALORE,41,2024-12-31T00:00:00,6.41,4.36,403,372,304,306,1.3251132,2024-01-01T00:00:00,30.689833333333336,Kanchamanathapuram,"{""geodesic"":false,""type"":""Point"",""coordinates"":[79.56113468437788,11.572771226490767]}"
915_0,0.5,0.11753182,0.71,0.48,11.3,0.1385,202,5.36,156,0.33170456,0.33,22.5,0.12885454,4.1,0.27303183,0.1837,2.2383656043955407,0.86,270.0,329,349,"7/19/24, 12:00 AM",CUDDALORE,5,2024-12-31T00:00:00,6.88,4.366379,328,314,343,338,1.892929,2024-01-01T00:00:00,30.383027027027023,Agaram,"{""geodesic"":false,""type"":""Point"",""coordinates"":[79.69426500948438,11.593791804139164]}"
916_0,0.5,0.11151304,0.85,0.49,10.9,0.12758696,221,5.15,145,0.2813348,0.3,31.2,0.11113913,4.1,0.18076088,0.120417394,0.1416181138785154,0.91,152.95718,359,362,"7/19/24, 12:00 AM",CUDDALORE,5,2024-12-31T00:00:00,6.81,4.423108,311,303,330,335,2.0817719,2024-01-01T00:00:00,30.376871794871796,Agaram,"{""geodesic"":false,""type"":""Point"",""coordinates"":[79.70612277123476,11.622897219344637]}"
917_0,0.5,0.11151304,0.76,0.56,7.65,0.12758696,202,3.86,138,0.2813348,0.27,28.1,0.11113913,8.3,0.18076088,0.120417394,0.1416181138785154,0.81,152.95718,359,362,"7/19/24, 12:00 AM",CUDDALORE,5,2024-12-31T00:00:00,7.69,4.423108,311,303,330,335,2.0817719,2024-01-01T00:00:00,30.376871794871796,Agaram,"{""geodesic"":false,""type"":""Point"",""coordinates"":[79.70612277123476,11.622897219344637]}"
918_0,0.5,0.106225,0.76,0.49,9.65,0.133425,231,4.36,159,0.4063875,0.33,31.2,0.10998333,4.1,0.22292084,0.137125,7.012494778402913,0.84,243.90665,332,341,"7/19/24, 12:00 AM",CUDDALORE,2,2024-12-31T00:00:00,6.55,4.423108,304,299,364,359,2.1077738,2024-01-01T00:00:00,30.391542857142863,Agaram,"{""geodesic"":false,""type"":""Point"",""coordinates"":[79.7244484030308,11.620741262662749]}"
919_0,0.5,0.12660952,0.65,0.59,9.64,0.15624762,212,4.56,145,0.28120476,0.3,31.2,0.18510476,8.3,0.36141428,0.2931,3.47912726271948,0.72,270.0,311,322,"7/19/24, 12:00 AM",CUDDALORE,36,2024-12-31T00:00:00,7.79,4.3789372,387,378,302,300,1.8932457,2024-01-01T00:00:00,30.66436363636364,Agaram,"{""geodesic"":false,""type"":""Point"",""coordinates"":[79.63362872780633,11.640683861970203]}"
920_0,0.5,0.12660952,0.49,0.59,6.54,0.15624762,221,3.24,152,0.28120476,0.33,28.1,0.18510476,4.1,0.36141428,0.2931,3.47912726271948,0.58,270.0,311,322,"7/19/24, 12:00 AM",CUDDALORE,36,2024-12-31T00:00:00,7.94,4.3789372,387,378,302,300,1.8932457,2024-01-01T00:00:00,30.66436363636364,Agaram,"{""geodesic"":false,""type"":""Point"",""coordinates"":[79.63362872780633,11.640683861970203]}"
921_0,0.5,0.146975,0.88,0.41,9.26,0.16075,173,4.26,173,0.29958335,0.27,25,0.15471667,8.3,0.2709375,0.210525,-1.8123068311810864,0.81,161.20569,338,365,"7/24/24, 12:00 AM",CUDDALORE,26,2024-12-31T00:00:00,6.94,4.4991775,348,330,314,304,2.9366126,2024-01-01T00:00:00,30.534324324324324,Kundiyamallur South,"{""geodesic"":false,""type"":""Point"",""coordinates"":[79.66785454013127,11.627478627293645]}"
922_0,0.5,0.146975,0.84,0.65,12.01,0.16075,202,5.35,166,0.29958335,0.33,28,0.15471667,4.1,0.2709375,0.210525,-1.8123068311810864,0.86,161.20569,338,365,"7/24/24, 12:00 AM",CUDDALORE,26,2024-12-31T00:00:00,7.01,4.4991775,348,330,314,304,2.9366126,2024-01-01T00:00:00,30.534324324324324,Kundiyamallur South,"{""geodesic"":false,""type"":""Point"",""coordinates"":[79.66785454013127,11.627478627293645]}"
923_0,0.5,0.16619584,0.91,0.41,11.15,0.17672917,212,4.28,163,0.223575,0.39,34,0.18974166,8.3,0.24061249,0.20905417,-1.4802783502347145,0.95,116.09281,338,365,"7/24/24, 12:00 AM",CUDDALORE,24,2024-12-31T00:00:00,6.95,4.4991775,348,330,314,304,4.2099385,2024-01-01T00:00:00,30.534324324324324,Kundiyamallur South,"{""geodesic"":false,""type"":""Point"",""coordinates"":[79.66812403471651,11.627478627293645]}"
924_0,0.5,0.072961904,1.21,0.49,9.41,0.092604764,183,5.01,97,0.2884524,0.3,34,0.08480476,4.1,0.22324762,0.13880476,-1.811429859721227,0.75,198.78018,288,299,"7/27/24, 12:00 AM",CUDDALORE,4,2024-12-31T00:00:00,8.38,4.288105,336,330,376,371,2.9363666,2024-01-01T00:00:00,30.5580625,Kanakkarapattu,"{""geodesic"":false,""type"":""Point"",""coordinates"":[79.75813522618529,11.400025197354582]}"
925_0,0.5,0.08895,1.01,0.57,9.31,0.115481816,78,4.35,100,0.30930454,0.36,22.5,0.119372725,8.3,0.24485908,0.16183181,-1.3709794701201625,0.91,270.0,306,323,"7/27/24, 12:00 AM",CUDDALORE,3,2024-12-31T00:00:00,8.27,4.4413977,344,332,351,345,1.8914337,2024-01-01T00:00:00,30.515105263157885,Ambigapuram,"{""geodesic"":false,""type"":""Point"",""coordinates"":[79.73657565936641,11.37091978214911]}"
926_0,0.5,0.071890004,0.64,0.13,9.75,0.09391,163,4.98,149,0.243965,0.33,28.1,0.09122,4.1,0.226675,0.170765,-1.7081861647086978,0.71,314.42355,287,300,"7/26/24, 12:00 AM",CUDDALORE,8,2024-12-31T00:00:00,5.76,4.270791,350,339,363,361,2.6482494,2024-01-01T00:00:00,30.645310344827585,Killai R.F.,"{""geodesic"":false,""type"":""Point"",""coordinates"":[79.76783703125378,11.455810576498404]}"
927_0,0.5,0.071890004,0.65,0.14,9.62,0.09391,212,4.65,121,0.243965,0.33,28.4,0.09122,4.1,0.226675,0.170765,-1.7081861647086978,0.71,314.42355,287,300,"7/30/24, 12:00 AM",CUDDALORE,8,2024-12-31T00:00:00,5.48,4.270791,350,339,363,361,2.6482494,2024-01-01T00:00:00,30.645310344827585,Killai R.F.,"{""geodesic"":false,""type"":""Point"",""coordinates"":[79.76783703125378,11.455810576498404]}"
928_0,0.5,0.10268,1.01,0.47,9.06,0.129,39,4.06,86,0.2686,0.39,25,0.136985,4.1,0.248515,0.20377,-1.7081833949877991,1.01,314.4236,301,314,"7/27/24, 12:00 AM",CUDDALORE,5,2024-12-31T00:00:00,6.39,4.270791,336,324,363,362,2.6482468,2024-01-01T00:00:00,30.645310344827585,Killai R.F.,"{""geodesic"":false,""type"":""Point"",""coordinates"":[79.76945399876519,11.455271587327934]}"
929_0,0.5,0.071890004,0.91,0.61,9.21,0.09391,31,4.15,121,0.243965,0.33,20,0.09122,4.1,0.226675,0.170765,-1.7081861647086978,1.21,314.42355,287,300,"7/27/24, 12:00 AM",CUDDALORE,8,2024-12-31T00:00:00,6.19,4.270791,350,339,363,361,2.6482494,2024-01-01T00:00:00,30.645310344827585,Killai R.F.,"{""geodesic"":false,""type"":""Point"",""coordinates"":[79.76783703125378,11.455810576498404]}"
930_0,0.05,0.084555,0.82,0.57,10.65,0.118865,47,5.32,104,0.355495,0.27,22.5,0.114965,8.2,0.272205,0.209355,-1.8277375132948959,0.91,288.0919,301,314,"7/26/24, 12:00 AM",CUDDALORE,3,2024-12-31T00:00:00,6.1,4.270791,336,324,363,362,2.9839852,2024-01-01T00:00:00,30.645310344827585,Killai R.F.,"{""geodesic"":false,""type"":""Point"",""coordinates"":[79.76891500959472,11.455002092742697]}"
931_0,0.5,0.122635,0.54,0.65,8.31,0.154105,212,4.41,124,0.329955,0.27,25,0.16471,4.1,0.311215,0.23048499,-1.4790744611117994,0.61,63.891964,299,302,"7/26/24, 12:00 AM",CUDDALORE,2,2024-12-31T00:00:00,5.97,4.3593955,329,328,372,370,2.106672,2024-01-01T00:00:00,30.549759999999996,Killai R.F.,"{""geodesic"":false,""type"":""Point"",""coordinates"":[79.74681645360538,11.43856292304331]}"
932_0,0.5,0.15498571,0.52,0.57,9.06,0.16879047,173,4.64,121,0.2932762,0.27,34.3,0.16853333,4.1,0.25150475,0.1923381,-0.6582760775422676,0.59,-0.0,302,316,"7/30/24, 12:00 AM",CUDDALORE,5,2024-12-31T00:00:00,5.61,4.288105,340,328,358,356,0.92740995,2024-01-01T00:00:00,30.61435714285715,Killai R.F.,"{""geodesic"":false,""type"":""Point"",""coordinates"":[79.76783703125378,11.4482647281118]}"
933_0,0.5,0.068805,0.76,0.36,10.11,0.09161,163,5.31,163,0.258635,0.27,28,0.086055,4.1,0.229535,0.145395,-1.014624600142062,0.88,45.56848,296,310,"7/3/24, 12:00 AM",CUDDALORE,6,2024-12-31T00:00:00,6.95,4.487395,339,325,365,365,1.3246444,2024-01-01T00:00:00,30.68012903225807,Tuniseramedu,"{""geodesic"":false,""type"":""Point"",""coordinates"":[79.67540038851787,11.3768486630243]}"
934_0,0.5,0.12333636,0.51,0.6,8.05,0.1419,240,3.98,131,0.27725455,0.24,22.5,0.14722727,4.1,0.2824409,0.20831819,-1.014623609861069,0.51,225.56842,304,325,"7/26/24, 12:00 AM",CUDDALORE,10,2024-12-31T00:00:00,8.26,4.4413977,325,313,371,362,1.3246431,2024-01-01T00:00:00,30.54617142857144,Kavarapattu,"{""geodesic"":false,""type"":""Point"",""coordinates"":[79.73765363770735,11.376309673853827]}"
935_0,0.5,0.11707,0.59,0.52,9.71,0.13693,192,4.72,159,0.291675,0.3,34.3,0.142615,8.2,0.282335,0.197175,-1.3512736601561186,0.65,-0.0,310,318,"7/29/24, 12:00 AM",CUDDALORE,8,2024-12-31T00:00:00,7.09,4.3063784,344,338,346,344,1.8543341,2024-01-01T00:00:00,30.656258064516127,Kannangudi,"{""geodesic"":false,""type"":""Point"",""coordinates"":[79.64413901663052,11.405145594474064]}"
936_0,0.5,0.11921,0.72,0.47,10.01,0.14131,212,4.98,156,0.300635,0.33,41.6,0.15298,4.1,0.29995,0.213755,-1.827404594517826,0.86,71.90514,320,325,"8/1/24, 12:00 AM",CUDDALORE,9,2024-12-31T00:00:00,7.24,4.3063784,338,333,342,342,2.9835129,2024-01-01T00:00:00,30.656258064516127,Kannangudi,"{""geodesic"":false,""type"":""Point"",""coordinates"":[79.64360002746004,11.4054150890593]}"
937_0,0.5,0.11003182,0.76,0.51,10.57,0.1324,192,4.9,128,0.26779544,0.27,31.3,0.14101364,4.1,0.24281818,0.17296363,1.3830396771732851,0.7,225.57288,289,297,"7/27/24, 12:00 AM",CUDDALORE,5,2024-12-31T00:00:00,7.57,4.3593955,340,333,371,370,1.324748,2024-01-01T00:00:00,30.585692307692305,Kodippallam,"{""geodesic"":false,""type"":""Point"",""coordinates"":[79.730377283906,11.420506785832508]}"
938_0,0.5,0.092895456,0.55,0.55,6.12,0.12257727,250,3.06,142,0.37301365,0.21,22.5,0.10635909,4.1,0.29250455,0.18333636,-1.9538605491415937,0.64,236.82542,293,311,"8/1/24, 12:00 AM",CUDDALORE,12,2024-12-31T00:00:00,8.06,4.654199,357,346,350,343,3.3860548,2024-01-01T00:00:00,30.53410526315789,Neyvasal,"{""geodesic"":false,""type"":""Point"",""coordinates"":[79.56625508149736,11.297886749550193]}"
939_0,0.5,0.092895456,0.59,0.48,5.18,0.12257727,240,2.51,142,0.37301365,0.21,15,0.10635909,8.3,0.29250455,0.18333636,-1.9538605491415937,0.64,236.82542,293,311,"8/1/24, 12:00 AM",CUDDALORE,12,2024-12-31T00:00:00,7.73,4.654199,357,346,350,343,3.3860548,2024-01-01T00:00:00,30.53410526315789,Neyvasal,"{""geodesic"":false,""type"":""Point"",""coordinates"":[79.56625508149736,11.297886749550193]}"
941_0,0.5,0.07886191,0.57,0.29,10.52,0.10119524,328,4.57,95,0.33458573,0.24,44,0.085590474,8.3,0.24551429,0.16400953,-1.4778424218071922,0.68,296.12366,319,325,"5/29/24, 12:00 AM",CUDDALORE,15,2024-12-31T00:00:00,7.12,4.838567,328,320,353,354,2.1055012,2024-01-01T00:00:00,30.601294117647065,Kanattampuliyur,"{""geodesic"":false,""type"":""Point"",""coordinates"":[79.59913342089612,11.241292886650664]}"
942_0,0.5,0.14329444,1.11,0.15,9.31,0.16853888,125,5.01,149,0.33356112,0.42,20,0.17562778,4.1,0.2956722,0.19988889,-0.676957351952589,0.78,270.0,305,308,"7/20/24, 12:00 AM",CUDDALORE,12,2024-12-31T00:00:00,7.17,4.8637958,328,330,367,362,0.9455575,2024-01-01T00:00:00,30.593625000000003,Periakottagam,"{""geodesic"":false,""type"":""Point"",""coordinates"":[79.54685147136037,11.244526821673494]}"
943_0,0.5,0.14196667,0.91,0.12,11.21,0.16795,94,5.28,156,0.3308111,0.33,15,0.17338334,8.3,0.2899778,0.1948389,-1.0139336345999856,0.91,225.55524,305,308,"7/20/24, 12:00 AM",CUDDALORE,13,2024-12-31T00:00:00,7.18,4.8637958,328,330,367,362,1.3243322,2024-01-01T00:00:00,30.593625000000003,Periakottagam,"{""geodesic"":false,""type"":""Point"",""coordinates"":[79.54712096594561,11.244526821673494]}"
944_0,0.5,0.14196667,0.82,0.12,11.01,0.16795,125,5.12,142,0.3308111,0.42,20,0.17338334,4.1,0.2899778,0.1948389,-1.0139336345999856,0.78,225.55524,305,308,"7/20/24, 12:00 AM",CUDDALORE,13,2024-12-31T00:00:00,7.2,4.8637958,328,330,367,362,1.3243322,2024-01-01T00:00:00,30.593625000000003,Periakottagam,"{""geodesic"":false,""type"":""Point"",""coordinates"":[79.54712096594561,11.244526821673494]}"
945_0,0.5,0.14232223,1.06,0.15,10.31,0.1673389,94,4.31,156,0.32762778,0.3,15,0.17343333,4.1,0.28262222,0.18908888,0.03557014728393631,0.95,-0.0,305,308,"7/20/24, 12:00 AM",CUDDALORE,13,2024-12-31T00:00:00,7.15,4.8637958,328,330,367,362,0.92740995,2024-01-01T00:00:00,30.593625000000003,Periakottagam,"{""geodesic"":false,""type"":""Point"",""coordinates"":[79.54712096594561,11.244796316258729]}"
946_0,0.5,0.14232223,0.75,0.39,10.26,0.1673389,94,4.21,142,0.32762778,0.3,12.5,0.17343333,4.1,0.28262222,0.18908888,0.03557014728393631,0.81,-0.0,305,308,"7/22/24, 12:00 AM",CUDDALORE,13,2024-12-31T00:00:00,6.73,4.8637958,328,330,367,362,0.92740995,2024-01-01T00:00:00,30.593625000000003,Periakottagam,"{""geodesic"":false,""type"":""Point"",""coordinates"":[79.54712096594561,11.244796316258729]}"
947_0,0.5,0.14344999,0.82,0.53,11.21,0.16744444,117,5.21,152,0.33441666,0.36,20,0.17271112,8.3,0.28716668,0.19190556,3.254859233351471,0.91,270.0,305,308,"7/22/24, 12:00 AM",CUDDALORE,12,2024-12-31T00:00:00,7.43,4.8637958,328,330,367,362,1.890602,2024-01-01T00:00:00,30.593625000000003,Periakottagam,"{""geodesic"":false,""type"":""Point"",""coordinates"":[79.54685147136037,11.244796316258729]}"
948_0,0.5,0.120866664,1.21,0.54,10.16,0.144,102,4.06,142,0.29655,0.39,25,0.14765,4.1,0.25895,0.17205,-2.1125423036673974,1.01,225.55511,305,308,"7/22/24, 12:00 AM",CUDDALORE,12,2024-12-31T00:00:00,7.63,4.8637958,328,330,367,362,3.9673438,2024-01-01T00:00:00,30.593625000000003,Periakottagam,"{""geodesic"":false,""type"":""Point"",""coordinates"":[79.54577349301942,11.24344884333255]}"
949_0,0.5,0.122322224,0.65,0.52,9.28,0.14499444,125,4.22,156,0.3126,0.36,22.5,0.14431112,4.1,0.2678,0.17742778,-1.4778554267214508,0.75,243.87651,305,308,"7/22/24, 12:00 AM",CUDDALORE,13,2024-12-31T00:00:00,7.68,4.8637958,328,330,367,362,2.105514,2024-01-01T00:00:00,30.593625000000003,Periakottagam,"{""geodesic"":false,""type"":""Point"",""coordinates"":[79.54577349301942,11.243718337917786]}"
950_0,0.91,0.14232223,1.22,0.16,9.27,0.16672222,135,4.28,142,0.32910556,0.33,20,0.17331666,8.3,0.30837777,0.21551667,3.5912293290705795,0.5,134.44482,298,302,"7/31/24, 12:00 AM",CUDDALORE,10,2024-12-31T00:00:00,7.07,4.8637958,330,329,372,370,1.3243309,2024-01-01T00:00:00,30.593625000000003,Periakottagam,"{""geodesic"":false,""type"":""Point"",""coordinates"":[79.54469551467848,11.243987832503022]}"
951_0,0.85,0.13872223,1.12,0.14,10.21,0.1609,117,5.06,145,0.34698334,0.36,12.5,0.15750556,12.5,0.28781667,0.19423333,-1.8108377111573633,1,161.22939,298,302,"7/31/24, 12:00 AM",CUDDALORE,12,2024-12-31T00:00:00,7.18,4.8637958,330,329,372,370,2.9362001,2024-01-01T00:00:00,30.593625000000003,Periakottagam,"{""geodesic"":false,""type"":""Point"",""coordinates"":[79.54361753633754,11.243179348747313]}"
952_0,0.78,0.13844211,1.11,0.15,9.31,0.16156316,125,5.01,149,0.32021052,0.42,20,0.16231579,4.1,0.27036315,0.1851,-1.0139255550532889,0.5,134.44493,298,302,"7/31/24, 12:00 AM",CUDDALORE,11,2024-12-31T00:00:00,7.17,4.8637958,330,329,372,370,1.3243283,2024-01-01T00:00:00,30.593625000000003,Periakottagam,"{""geodesic"":false,""type"":""Point"",""coordinates"":[79.54388703092278,11.242909854162079]}"
953_0,0.5,0.10402,0.86,0.28,9.35,0.122165,144,4.01,118,0.261695,0.33,12.5,0.137475,8.3,0.288925,0.22788,-1.4798971627734505,0.85,116.097626,324,338,"7/25/24, 12:00 AM",CUDDALORE,71,2024-12-31T00:00:00,8.42,4.0401964,372,359,304,302,2.1074526,2024-01-01T00:00:00,30.557151515151517,U.Adhanur,"{""geodesic"":false,""type"":""Point"",""coordinates"":[79.40536681411155,11.567920323956521]}"
954_0,0.5,0.10773,0.75,0.42,10.11,0.128055,125,4.05,118,0.2561,0.42,12.5,0.15573,4.1,0.29930001,0.246015,-1.015634205101771,0.91,134.41211,324,338,"7/25/24, 12:00 AM",CUDDALORE,74,2024-12-31T00:00:00,8.35,4.0401964,372,359,304,302,1.3251024,2024-01-01T00:00:00,30.557151515151517,Mummudicholagan,"{""geodesic"":false,""type"":""Point"",""coordinates"":[79.4050973195263,11.568459313126993]}"
955_0,0.5,0.093175,0.53,0.19,5.75,0.107325,173,3.73,159,0.29518,0.33,34.3,0.099395,8.3,0.24367,0.16414501,-1.4675853304755704,0.7,207.03828,324,338,"7/24/24, 12:00 AM",CUDDALORE,74,2024-12-31T00:00:00,8.42,4.0401964,372,359,304,302,2.081688,2024-01-01T00:00:00,30.557151515151517,Kammapuram,"{""geodesic"":false,""type"":""Point"",""coordinates"":[79.40482782494108,11.568459313126993]}"
956_0,0.5,0.093175,0.55,0.22,5.75,0.107325,173,2.98,156,0.29518,0.33,34.3,0.099395,4.1,0.24367,0.16414501,-1.4675853304755704,0.62,207.03828,324,338,"7/24/24, 12:00 AM",CUDDALORE,74,2024-12-31T00:00:00,8.45,4.0401964,372,359,304,302,2.081688,2024-01-01T00:00:00,30.557151515151517,Kammapuram,"{""geodesic"":false,""type"":""Point"",""coordinates"":[79.40482782494108,11.568459313126993]}"
957_0,0.05,0.10773,0.52,0.23,6.68,0.128055,231,3.22,149,0.2561,0.36,34.3,0.15573,4.1,0.29930001,0.246015,-1.015634205101771,0.3,134.41211,324,338,"7/25/24, 12:00 AM",CUDDALORE,74,2024-12-31T00:00:00,8.69,4.0401964,372,359,304,302,1.3251024,2024-01-01T00:00:00,30.557151515151517,Kammapuram,"{""geodesic"":false,""type"":""Point"",""coordinates"":[79.4050973195263,11.568459313126993]}"
958_0,0.05,0.093175,0.49,0.22,5.69,0.107325,192,2.82,159,0.29518,0.33,22,0.099395,4.1,0.24367,0.16414501,-1.4675853304755704,0.55,207.03828,324,338,"7/25/24, 12:00 AM",CUDDALORE,74,2024-12-31T00:00:00,8.37,4.0401964,372,359,304,302,2.081688,2024-01-01T00:00:00,30.557151515151517,Kammapuram,"{""geodesic"":false,""type"":""Point"",""coordinates"":[79.40482782494108,11.568459313126993]}"
959_0,0.05,0.10773,0.42,0.22,6.3,0.128055,213,3.32,152,0.2561,0.27,46,0.15573,4.1,0.29930001,0.246015,-1.015634205101771,0.48,134.41211,324,338,"7/25/24, 12:00 AM",CUDDALORE,74,2024-12-31T00:00:00,8.53,4.0401964,372,359,304,302,1.3251024,2024-01-01T00:00:00,30.557151515151517,Kammapuram,"{""geodesic"":false,""type"":""Point"",""coordinates"":[79.4050973195263,11.568459313126993]}"
960_0,0.5,0.12247,0.54,0.18,8.55,0.14245,117,4.04,156,0.271395,0.27,31.3,0.139735,4.1,0.26322,0.19797,-1.1191682555959293,0.65,198.7944,323,337,"7/20/24, 12:00 AM",CUDDALORE,52,2024-12-31T00:00:00,8.21,3.7275825,359,351,318,312,2.936614,2024-01-01T00:00:00,30.968875000000004,Kattiyanallur,"{""geodesic"":false,""type"":""Point"",""coordinates"":[79.32128450351796,11.628826100219825]}"
961_0,0.5,0.13795,0.52,0.18,6.65,0.156295,125,3.3,138,0.284165,0.36,31.2,0.15388,4.1,0.270865,0.19981,3.917101753899398,0.6,-0.0,323,337,"7/20/24, 12:00 AM",CUDDALORE,54,2024-12-31T00:00:00,8.3,3.7275825,359,351,318,312,0.0,2024-01-01T00:00:00,30.968875000000004,Kattiyanallur,"{""geodesic"":false,""type"":""Point"",""coordinates"":[79.3207455143475,11.629365089390296]}"
962_0,0.5,0.107045,0.52,0.22,5.98,0.12968001,144,2.65,143,0.26590002,0.27,50,0.13536,4.1,0.267135,0.19294,-0.6589111172246871,0.62,180.0,323,337,"7/20/24, 12:00 AM",CUDDALORE,54,2024-12-31T00:00:00,8.25,3.7275825,359,351,318,312,0.92740995,2024-01-01T00:00:00,30.968875000000004,Kattiyanallur,"{""geodesic"":false,""type"":""Point"",""coordinates"":[79.32047601976225,11.629634583975532]}"
963_0,0.5,0.094385,0.55,0.22,6.14,0.120965,125,3.06,128,0.25677,0.3,31.2,0.119555004,4.1,0.25626,0.18583,0.9297782095881376,0.64,90.0,323,337,"7/20/24, 12:00 AM",CUDDALORE,55,2024-12-31T00:00:00,8.16,3.7275825,359,351,318,312,0.94684637,2024-01-01T00:00:00,30.82937142857143,Kattiyanallur,"{""geodesic"":false,""type"":""Point"",""coordinates"":[79.31966753600655,11.630173573146005]}"
964_0,0.5,0.18848637,0.59,0.26,8.68,0.21531364,78,4.21,131,0.30608636,0.36,46,0.22947727,4.1,0.33664092,0.2786591,1.1817008611976303,0.68,134.41417,306,314,"7/23/24, 12:00 AM",CUDDALORE,61,2024-12-31T00:00:00,8.18,3.8134,379,364,315,322,1.3250536,2024-01-01T00:00:00,30.639225806451606,Kattiyanallur,"{""geodesic"":false,""type"":""Point"",""coordinates"":[79.33583721112069,11.547977724649067]}"
965_0,0.5,0.123442106,0.55,0.13,10.07,0.1456,125,4.21,159,0.3595842,0.33,22.5,0.13603684,4.1,0.30006316,0.19822632,7.62246860953752,0.63,-0.0,326,332,"7/22/24, 12:00 AM",CUDDALORE,53,2024-12-31T00:00:00,8.37,3.7275825,366,362,307,306,0.92740995,2024-01-01T00:00:00,30.858882352941183,Pavalangudi ko,"{""geodesic"":false,""type"":""Point"",""coordinates"":[79.33206428692739,11.629365089390296]}"
966_0,0.5,0.145675,0.55,0.16,9.93,0.16397,135,4.73,138,0.335585,0.27,20,0.152895,4.1,0.286575,0.206985,2.125347510707701,0.6,-0.0,326,332,"7/22/24, 12:00 AM",CUDDALORE,53,2024-12-31T00:00:00,8.29,3.7275825,366,362,307,306,0.0,2024-01-01T00:00:00,30.858882352941183,Pavalangudi ko,"{""geodesic"":false,""type"":""Point"",""coordinates"":[79.33260327609787,11.629365089390296]}"
967_0,0.5,0.11145263,0.64,0.26,9.88,0.14022632,135,4.12,138,0.39809474,0.27,25,0.124131575,4.1,0.28879473,0.19318421,6.523856352486725,0.61,180.0,326,332,"7/22/24, 12:00 AM",CUDDALORE,52,2024-12-31T00:00:00,8.37,3.7275825,366,362,307,306,2.7802885,2024-01-01T00:00:00,30.858882352941183,Pavalangudi ko,"{""geodesic"":false,""type"":""Point"",""coordinates"":[79.33206428692739,11.62909559480506]}"
968_0,0.5,0.09728947,0.7,0.16,9.36,0.117131576,50,4.54,60,0.2378579,0.33,8,0.11553684,4.1,0.22781053,0.16841052,-1.0159554827099777,0.82,314.4059,321,326,"7/23/24, 12:00 AM",CUDDALORE,52,2024-12-31T00:00:00,8.83,3.7275825,361,359,318,314,1.3252484,2024-01-01T00:00:00,30.858882352941183,Pavalangudi ko,"{""geodesic"":false,""type"":""Point"",""coordinates"":[79.33098630858645,11.62855660563459]}"
969_0,0.5,0.10773,0.86,0.34,11.06,0.128055,125,3.21,121,0.2561,0.27,12.5,0.15573,4.1,0.29930001,0.246015,-1.015634205101771,0.86,134.41211,324,338,"7/25/24, 12:00 AM",CUDDALORE,74,2024-12-31T00:00:00,8.13,4.0401964,372,359,304,302,1.3251024,2024-01-01T00:00:00,30.557151515151517,Keenanur,"{""geodesic"":false,""type"":""Point"",""coordinates"":[79.4050973195263,11.568459313126993]}"
970_0,0.5,0.10773,0.82,0.51,11.06,0.128055,125,5.06,118,0.2561,0.33,20,0.15573,4.1,0.29930001,0.246015,-1.015634205101771,0.91,134.41211,324,338,"7/25/24, 12:00 AM",CUDDALORE,74,2024-12-31T00:00:00,8.31,4.0401964,372,359,304,302,1.3251024,2024-01-01T00:00:00,30.557151515151517,Keenanur,"{""geodesic"":false,""type"":""Point"",""coordinates"":[79.4050973195263,11.568459313126993]}"
971_0,0.5,0.100488886,1.01,0.37,13.36,0.12238889,154,4.36,80,0.26487556,0.36,8,0.14855778,4.13,0.2896089,0.20610666,-1.4793526306092741,0.86,296.10455,337,342,"7/4/24, 12:00 AM",CUDDALORE,88,2024-12-31T00:00:00,8.67,3.498318,381,382,282,277,2.106934,2024-01-01T00:00:00,30.90427777777778,Kallur,"{""geodesic"":false,""type"":""Point"",""coordinates"":[79.0606832395949,11.482221045851519]}"
972_0,0.5,0.09002727,0.75,0.31,7.37,0.11768863,163,3.85,111,0.27263865,0.42,17.5,0.13655,4.1,0.2861932,0.20142272,6.023653325873391,0.81,-0.0,334,338,"7/10/24, 12:00 AM",CUDDALORE,84,2024-12-31T00:00:00,8.56,3.498318,390,389,276,273,0.92740995,2024-01-01T00:00:00,30.903371428571425,Kallur,"{""geodesic"":false,""type"":""Point"",""coordinates"":[79.05691031540158,11.494887291357603]}"
973_0,0.5,0.11752083,0.76,0.18,8.74,0.14304583,212,4.06,183,0.30785418,0.36,31.3,0.15030833,4.1,0.26100418,0.17790417,-1.479803579982821,0.5,63.901207,312,309,"6/26/24, 12:00 AM",CUDDALORE,115,2024-12-31T00:00:00,8.06,3.3423345,378,375,310,316,2.1073651,2024-01-01T00:00:00,30.797124999999998,Naraiyur S.,"{""geodesic"":false,""type"":""Point"",""coordinates"":[78.9375242141421,11.55363711093902]}"
974_0,0.5,0.13036,0.78,0.19,9.44,0.148324,212,4.09,183,0.332872,0.39,34.4,0.1485,8.3,0.291476,0.198252,-2.281255919503031,0.5,126.308945,321,318,"6/26/24, 12:00 AM",CUDDALORE,118,2024-12-31T00:00:00,7.82,3.43366,371,368,308,313,4.688526,2024-01-01T00:00:00,30.846121212121208,Naraiyur S.,"{""geodesic"":false,""type"":""Point"",""coordinates"":[78.94102764375016,11.549594692160483]}"
975_0,0.5,0.115792,0.9,0.18,9.2,0.138676,173,4.55,166,0.354972,0.3,50,0.124324,4.1,0.262736,0.173612,-0.6586314684274702,0.51,180.0,325,320,"6/26/24, 12:00 AM",CUDDALORE,113,2024-12-31T00:00:00,8.07,3.43366,377,375,298,305,1.8543341,2024-01-01T00:00:00,30.846121212121208,Naraiyur S.,"{""geodesic"":false,""type"":""Point"",""coordinates"":[78.9421056220911,11.549594692160483]}"
976_0,0.5,0.073336,0.65,0.17,8.65,0.096604,70,4.26,131,0.277468,0.33,50,0.096328,8.3,0.23276,0.160432,0.9507861508703705,0.68,-0.0,322,312,"6/25/24, 12:00 AM",CUDDALORE,108,2024-12-31T00:00:00,8.27,3.3751638,368,370,310,318,0.92740995,2024-01-01T00:00:00,30.887225806451614,Naraiyur S.,"{""geodesic"":false,""type"":""Point"",""coordinates"":[78.95180742715961,11.5549845838652]}"
977_0,0.5,0.08826,0.59,0.53,7.65,0.109564,78,4.01,128,0.299608,0.3,50,0.113092,4.1,0.26502,0.1879,0.5248326897179181,0.61,270.0,332,325,"6/25/24, 12:00 AM",CUDDALORE,110,2024-12-31T00:00:00,7.99,3.3751638,356,356,312,319,2.8377264,2024-01-01T00:00:00,30.887225806451614,Naraiyur S.,"{""geodesic"":false,""type"":""Point"",""coordinates"":[78.95180742715961,11.556601551376616]}"
978_0,0.5,0.11301154,0.54,0.18,7.41,0.13551539,94,3.46,131,0.30730385,0.33,50,0.13227308,4.1,0.24592307,0.18087693,-0.3811503438471228,0.64,116.09931,318,309,"6/25/24, 12:00 AM",CUDDALORE,109,2024-12-31T00:00:00,8.12,3.43366,377,377,305,314,2.1073265,2024-01-01T00:00:00,30.846121212121208,Naraiyur S.,"{""geodesic"":false,""type"":""Point"",""coordinates"":[78.94722601921059,11.54716924089336]}"
979_0,0.5,0.08977917,0.62,0.37,7.96,0.106025,86,4.15,138,0.22309166,0.42,50,0.11650416,8.3,0.21425417,0.16008334,0.9507760443321941,0.76,-0.0,335,337,"6/25/24, 12:00 AM",CUDDALORE,114,2024-12-31T00:00:00,8.17,3.3423345,353,349,312,314,2.7802885,2024-01-01T00:00:00,30.82254545454546,Naraiyur S.,"{""geodesic"":false,""type"":""Point"",""coordinates"":[78.93914118165351,11.560374475569917]}"
980_0,0.5,0.122812,0.61,0.44,7.15,0.134924,63,6.48,131,0.23376,0.36,41.6,0.143704,4.1,0.214092,0.162068,2.7910943340342116,0.71,134.41364,317,322,"6/25/24, 12:00 AM",CUDDALORE,116,2024-12-31T00:00:00,8.24,3.3423345,379,371,304,307,1.3250662,2024-01-01T00:00:00,30.797124999999998,Naraiyur S.,"{""geodesic"":false,""type"":""Point"",""coordinates"":[78.93267331160786,11.553367616353786]}"
981_0,0.5,0.13956,0.76,0.42,8.01,0.155868,78,4.24,138,0.268952,0.3,45.7,0.16406,4.1,0.268588,0.201656,-1.1352490768380084,0.85,288.08597,312,309,"6/25/24, 12:00 AM",CUDDALORE,117,2024-12-31T00:00:00,8.15,3.3423345,378,375,310,316,2.9849255,2024-01-01T00:00:00,30.797124999999998,Naraiyur S.,"{""geodesic"":false,""type"":""Point"",""coordinates"":[78.93941067623875,11.553367616353786]}"
982_0,0.5,0.062090475,0.73,0.42,9.72,0.08685,117,4.92,166,0.3039881,0.3,37.5,0.0753,4.1,0.23062856,0.14931667,0.37070706344414617,0.81,45.587074,327,331,"7/1/24, 12:00 AM",CUDDALORE,101,2024-12-31T00:00:00,7.07,3.3331704,365,369,308,300,1.325083,2024-01-01T00:00:00,30.756352941176466,Mangulam,"{""geodesic"":false,""type"":""Point"",""coordinates"":[79.0148691601048,11.560374475569917]}"
983_0,0.5,0.07365349,0.71,0.15,9.36,0.09703023,183,4.72,124,0.30847675,0.27,57.5,0.09194884,4.1,0.24027441,0.1585093,-1.4675478852255648,0.81,332.96246,329,333,"7/1/24, 12:00 AM",CUDDALORE,104,2024-12-31T00:00:00,6.72,3.3331704,359,361,312,306,2.0816739,2024-01-01T00:00:00,30.756352941176466,Mangulam,"{""geodesic"":false,""type"":""Point"",""coordinates"":[79.0148691601048,11.559296497228974]}"
984_0,0.5,0.07962143,0.56,0.23,9.86,0.109657146,183,4.86,90,0.32812142,0.63,50,0.09879286,4.1,0.24846429,0.15580238,-1.0155980582788924,0.63,225.58719,337,338,"7/15/24, 12:00 AM",CUDDALORE,102,2024-12-31T00:00:00,7.02,3.3331704,366,370,297,293,2.6487553,2024-01-01T00:00:00,30.756352941176466,Mangulam,"{""geodesic"":false,""type"":""Point"",""coordinates"":[79.01540814927526,11.56145245391086]}"
985_0,0.5,0.14263721,0.61,0.25,9.58,0.16724885,183,4.31,104,0.3001,0.36,55,0.19163023,4.1,0.33617908,0.27611163,1.8283117877604944,0.64,332.96268,325,329,"7/1/24, 12:00 AM",CUDDALORE,103,2024-12-31T00:00:00,7.27,3.3331704,361,363,314,308,2.08167,2024-01-01T00:00:00,30.83662857142857,Mangulam,"{""geodesic"":false,""type"":""Point"",""coordinates"":[79.01082674132626,11.556601551376616]}"
986_0,0.5,0.13304879,0.62,0.14,9.63,0.15536585,173,4.68,111,0.3172756,0.33,50,0.18147805,4.1,0.34407806,0.25096098,1.1666480677669602,0.62,90.0,339,338,"7/9/24, 12:00 AM",CUDDALORE,98,2024-12-31T00:00:00,7.11,3.3331704,363,360,298,302,2.837805,2024-01-01T00:00:00,30.74617647058823,Mangulam,"{""geodesic"":false,""type"":""Point"",""coordinates"":[79.0089402792296,11.564416894348454]}"
987_0,0.5,0.09865,0.72,0.15,9.26,0.12399091,163,4.71,97,0.3023341,0.27,52,0.11524091,4.1,0.24313636,0.16577046,-2.2885107303388237,0.76,191.53781,324,326,"7/9/24, 12:00 AM",CUDDALORE,103,2024-12-31T00:00:00,7.03,3.3331704,365,365,311,308,4.722374,2024-01-01T00:00:00,30.84376470588235,Mangulam,"{""geodesic"":false,""type"":""Point"",""coordinates"":[79.00947926840007,11.557949024302795]}"
988_0,0.5,0.10600465,0.78,0.18,9.16,0.12654652,135,4.19,93,0.2748,0.3,72,0.14131628,4.1,0.27761397,0.19669536,-1.4674763634410994,0.79,207.03613,318,321,"7/9/24, 12:00 AM",CUDDALORE,111,2024-12-31T00:00:00,6.26,3.3355167,374,374,308,305,2.0816479,2024-01-01T00:00:00,30.860060606060607,Mangulam,"{""geodesic"":false,""type"":""Point"",""coordinates"":[79.00058594708729,11.542318338359115]}"
989_0,0.5,0.09310233,0.7,0.13,9.82,0.113372095,163,4.52,93,0.32218838,0.3,46,0.106437206,8.2,0.2621814,0.17163256,1.5747648393814841,0.76,134.4148,316,319,"7/9/24, 12:00 AM",CUDDALORE,105,2024-12-31T00:00:00,7.64,3.3355167,363,364,320,317,3.9694622,2024-01-01T00:00:00,30.860060606060607,Mangulam,"{""geodesic"":false,""type"":""Point"",""coordinates"":[79.00112493625777,11.542048843773879]}"
990_0,0.5,0.12828837,0.63,0.19,9.65,0.14469534,117,4.3,138,0.26904187,0.39,37.5,0.15448605,4.1,0.26100233,0.20511861,1.2871710791046604,0.39,180.0,352,360,"6/26/24, 12:00 AM",CUDDALORE,79,2024-12-31T00:00:00,7.97,3.4490197,371,369,277,271,0.92740995,2024-01-01T00:00:00,30.81068421052632,Endal .Ja,"{""geodesic"":false,""type"":""Point"",""coordinates"":[79.06769009881101,11.582203536974022]}"
991_0,0.5,0.14911951,0.6,0.65,8.38,0.17050731,221,4.05,83,0.3456,0.27,52,0.20008048,8.2,0.36081463,0.26497072,-0.6792831448529483,0.65,90.0,330,332,"7/8/24, 12:00 AM",CUDDALORE,82,2024-12-31T00:00:00,8.38,3.4490197,369,372,300,296,0.94666827,2024-01-01T00:00:00,30.78255555555556,Endal .Ja,"{""geodesic"":false,""type"":""Point"",""coordinates"":[79.07604443095333,11.577891623610247]}"
992_0,0.5,0.10549524,0.56,0.26,8.79,0.12539285,192,3.81,107,0.2508881,0.27,50,0.14474523,8.2,0.27725714,0.2095619,0.930131874722358,0.6,90.0,345,349,"7/8/24, 12:00 AM",CUDDALORE,81,2024-12-31T00:00:00,8.32,3.4490197,365,369,290,282,0.9466805,2024-01-01T00:00:00,30.800205128205125,Endal .Ja,"{""geodesic"":false,""type"":""Point"",""coordinates"":[79.05960526125395,11.581395053218314]}"
993_0,0.5,0.12678,0.88,0.56,8.26,0.14084,365,2.31,90,0.2884675,0.27,12.5,0.1627475,4.1,0.2984625,0.206305,-1.0156653906960025,0.86,45.588493,342,344,"5/22/24, 12:00 AM",CUDDALORE,86,2024-12-31T00:00:00,7.96,3.4490197,354,360,305,297,1.3251165,2024-01-01T00:00:00,30.893621621621623,Endal .Ja,"{""geodesic"":false,""type"":""Point"",""coordinates"":[79.06256970169154,11.574118699416946]}"
994_0,0.5,0.088011906,0.82,0.55,8.71,0.108373806,221,4.21,93,0.28544524,0.33,55,0.103038095,8.3,0.2346238,0.15523334,1.9255513276036467,0.96,18.7915,320,326,"5/22/24, 12:00 AM",CUDDALORE,74,2024-12-31T00:00:00,7.96,3.4490197,384,383,296,290,2.9365635,2024-01-01T00:00:00,30.80473684210526,Endal .Ja,"{""geodesic"":false,""type"":""Point"",""coordinates"":[79.07469695802715,11.582473031559257]}"
995_0,0.5,0.13236341,0.76,0.59,8.29,0.15719756,212,4.28,104,0.35705853,0.27,28,0.18017805,4.1,0.3503439,0.24684878,-1.3724356410059744,0.76,90.0,334,332,"7/5/24, 12:00 AM",CUDDALORE,83,2024-12-31T00:00:00,8.09,3.4490197,370,373,296,295,1.8928237,2024-01-01T00:00:00,30.80473684210526,Endal .Ja,"{""geodesic"":false,""type"":""Point"",""coordinates"":[79.07038504466338,11.57843061278072]}"
996_0,0.5,0.11891163,0.68,0.2,8.71,0.1354814,231,4.12,80,0.3216814,0.36,34.31,0.12898837,4.1,0.25083953,0.17654186,-2.2885845971667074,0.73,168.46136,328,330,"6/3/24, 12:00 AM",CUDDALORE,86,2024-12-31T00:00:00,8.16,3.4490197,368,368,304,302,4.722388,2024-01-01T00:00:00,30.81068421052632,Endal .Ja,"{""geodesic"":false,""type"":""Point"",""coordinates"":[79.06661212047008,11.578700107365956]}"
997_0,0.5,0.12706316,0.65,0.19,7.91,0.14278685,231,3.04,100,0.2942079,0.3,52.5,0.14637105,8.3,0.25471842,0.18110263,0.4730936588558284,0.72,111.398674,340,340,"6/3/24, 12:00 AM",CUDDALORE,79,2024-12-31T00:00:00,8.45,3.4490197,367,367,293,292,5.0708766,2024-01-01T00:00:00,30.881027027027027,Endal .Ja,"{""geodesic"":false,""type"":""Point"",""coordinates"":[79.07065453924861,11.572232237320295]}"
998_0,0.5,0.1253359,0.75,0.65,8.27,0.14136924,221,5.27,76,0.3123436,0.3,55,0.13503078,4.1,0.2609641,0.17385897,-0.6587093236403823,0.79,180.0,337,336,"7/5/24, 12:00 AM",CUDDALORE,81,2024-12-31T00:00:00,8.75,3.4490197,366,370,297,294,0.92740995,2024-01-01T00:00:00,30.881027027027027,Endal .Ja,"{""geodesic"":false,""type"":""Point"",""coordinates"":[79.06849858256673,11.572232237320295]}"
999_0,0.1,0.121644184,0.81,0.46,8.75,0.13740698,221,4.31,69,0.2988907,0.27,58,0.13580465,4.1,0.26637208,0.18844418,0.2673288692417081,0.85,198.79123,328,330,"7/15/24, 12:00 AM",CUDDALORE,84,2024-12-31T00:00:00,7.45,3.4490197,368,368,304,302,2.9365587,2024-01-01T00:00:00,30.81068421052632,Endal .Ja,"{""geodesic"":false,""type"":""Point"",""coordinates"":[79.0660731312996,11.578161118195483]}"
1000_0,0.5,0.11908684,0.79,0.56,8.26,0.13534474,365,2.37,90,0.29908684,0.27,55,0.12807105,4.1,0.24762368,0.17260264,1.5720390130720112,0.91,90.0,340,340,"7/5/24, 12:00 AM",CUDDALORE,78,2024-12-31T00:00:00,8.44,3.4490197,367,367,293,292,1.8927804,2024-01-01T00:00:00,30.881027027027027,Endal .Ja,"{""geodesic"":false,""type"":""Point"",""coordinates"":[79.07092403383385,11.571962742735058]}"
1001_0,0.5,0.094648,0.46,0.25,7.9,0.114732005,117,3.62,176,0.304764,0.3,28,0.110596,4.1,0.241988,0.165824,-0.6790688420254031,0.5,270.0,336,329,"7/10/24, 12:00 AM",CUDDALORE,112,2024-12-31T00:00:00,8.22,3.469905,365,368,299,303,0.946565,2024-01-01T00:00:00,30.84438709677419,Arasankudi,"{""geodesic"":false,""type"":""Point"",""coordinates"":[78.95908378096097,11.54716924089336]}"
1002_0,0.5,0.098096,0.68,0.3,7.63,0.118644,192,3.65,145,0.316628,0.33,15,0.109968,8.2,0.253504,0.173068,-1.47969092633141,0.71,243.89977,346,347,"7/10/24, 12:00 AM",CUDDALORE,118,2024-12-31T00:00:00,8.16,3.469905,344,340,309,313,2.1072576,2024-01-01T00:00:00,30.88377142857143,Arasankudi,"{""geodesic"":false,""type"":""Point"",""coordinates"":[78.96447367266569,11.535850468313454]}"
1003_0,0.5,0.099676,0.7,0.25,8.01,0.123612,163,3.92,159,0.278572,0.33,17.5,0.138816,4.1,0.264004,0.192704,-1.7776297059019763,0.73,90.0,343,344,"7/1/24, 12:00 AM",CUDDALORE,115,2024-12-31T00:00:00,8.14,3.469905,357,352,299,304,2.8375552,2024-01-01T00:00:00,30.88377142857143,Arasankudi,"{""geodesic"":false,""type"":""Point"",""coordinates"":[78.9668991239328,11.539623392506757]}"
1004_0,0.5,0.12972,0.88,0.65,11.16,0.144525,183,5.11,159,0.32884,0.36,41.6,0.132585,8.3,0.24671,0.17614,-1.015250458281034,0.75,134.4195,309,325,"7/27/24, 12:00 AM",CUDDALORE,7,2024-12-31T00:00:00,6.97,4.2665224,319,312,372,362,1.3249279,2024-01-01T00:00:00,30.621882352941178,Chokkankollai,"{""geodesic"":false,""type"":""Point"",""coordinates"":[79.64872042457952,11.495965269698548]}"
1005_0,0.5,0.08310909,0.61,0.18,10.76,0.11440909,173,4.8,131,0.33072272,0.36,28.13,0.11511364,8.3,0.2944,0.21671818,-2.275382225270996,0.75,217.43109,316,314,"7/26/24, 12:00 AM",CUDDALORE,4,2024-12-31T00:00:00,6.31,4.2700086,318,312,367,374,4.661685,2024-01-01T00:00:00,30.761466666666657,Kothattai,"{""geodesic"":false,""type"":""Point"",""coordinates"":[79.72390941386033,11.519411298614067]}"
1006_0,0.05,0.078408696,0.75,0.2,11.18,0.107769564,135,5.68,114,0.34776086,0.27,25,0.10143478,4.1,0.27088696,0.19373478,-1.9550173295437632,0.82,303.15652,328,333,"7/25/24, 12:00 AM",CUDDALORE,2,2024-12-31T00:00:00,5.82,4.356147,326,317,346,350,3.3876836,2024-01-01T00:00:00,30.7173125,Ariyakoshti,"{""geodesic"":false,""type"":""Point"",""coordinates"":[79.73630616478118,11.49327032384619]}"
1007_0,0.05,0.09041818,0.8,0.15,11.28,0.124036364,94,5.71,124,0.36817273,0.33,25,0.12200909,4.1,0.30068183,0.22252274,1.0642045007237955,0.86,314.41968,328,333,"7/25/24, 12:00 AM",CUDDALORE,2,2024-12-31T00:00:00,5.61,4.356147,326,317,346,350,1.324924,2024-01-01T00:00:00,30.7173125,Ariyakoshti,"{""geodesic"":false,""type"":""Point"",""coordinates"":[79.73657565936641,11.494078807601896]}"
1008_0,0.5,0.11847826,0.72,0.38,8.56,0.14133479,231,4.2,138,0.32307392,0.21,57.5,0.14036088,4.1,0.26484782,0.17341739,-2.280755934582986,0.78,306.31735,311,335,"7/30/24, 12:00 AM",CUDDALORE,8,2024-12-31T00:00:00,7.31,4.2665224,339,327,351,338,4.6875963,2024-01-01T00:00:00,30.68173333333333,Budararayanpettai,"{""geodesic"":false,""type"":""Point"",""coordinates"":[79.62554389024925,11.463356424885008]}"
1009_0,0.5,0.098113045,0.76,0.44,8.71,0.12153913,193,4.14,145,0.31112608,0.24,55,0.11272174,4.1,0.24691305,0.15909131,3.7353715665965415,0.81,-0.0,302,326,"7/30/24, 12:00 AM",CUDDALORE,11,2024-12-31T00:00:00,7.21,4.2665224,351,341,348,333,0.0,2024-01-01T00:00:00,30.68173333333333,Budararayanpettai,"{""geodesic"":false,""type"":""Point"",""coordinates"":[79.62877782527207,11.462278446544065]}"
1010_0,0.5,0.098113045,0.82,0.52,8.76,0.12153913,202,4.26,138,0.31112608,0.27,50,0.11272174,4.1,0.24691305,0.15909131,3.7353715665965415,0.96,-0.0,302,326,"7/30/24, 12:00 AM",CUDDALORE,11,2024-12-31T00:00:00,7.28,4.2665224,351,341,348,333,0.0,2024-01-01T00:00:00,30.68173333333333,Budararayanpettai,"{""geodesic"":false,""type"":""Point"",""coordinates"":[79.62877782527207,11.462278446544065]}"
1011_0,0.5,0.118875,0.6,0.58,6.73,0.13999583,231,3.15,149,0.2938875,0.27,57.5,0.14049584,4.1,0.28875,0.19346666,-1.0150351735343104,0.65,225.57632,301,309,"7/31/24, 12:00 AM",CUDDALORE,14,2024-12-31T00:00:00,8.35,4.355062,370,363,329,328,1.3248296,2024-01-01T00:00:00,30.569612903225803,Miralur,"{""geodesic"":false,""type"":""Point"",""coordinates"":[79.54900742804226,11.454732598157461]}"
1012_0,0.5,0.10874762,0.63,0.58,7.21,0.13167143,154,3.76,138,0.29337618,0.27,55,0.1376238,4.1,0.26629522,0.18577619,0.08350964142231548,0.73,314.42227,268,285,"7/31/24, 12:00 AM",CUDDALORE,12,2024-12-31T00:00:00,8.29,4.4323535,365,355,367,360,1.3248627,2024-01-01T00:00:00,30.548258064516133,Miralur,"{""geodesic"":false,""type"":""Point"",""coordinates"":[79.55547529808793,11.46847682200449]}"
1013_0,0.5,0.13065454,0.31,0.31,9.31,0.14577273,86,4.31,131,0.3773727,0.33,60,0.12065909,8.3,0.23837273,0.14389545,-0.6784083461378775,0.95,90.0,276,296,"7/31/24, 12:00 AM",CUDDALORE,13,2024-12-31T00:00:00,8.25,4.4323535,354,344,370,360,0.94625044,2024-01-01T00:00:00,30.61878571428571,Miralur,"{""geodesic"":false,""type"":""Point"",""coordinates"":[79.56409912481547,11.453654619816518]}"
1014_0,0.1,0.14958571,1.21,0.38,11.21,0.15789047,78,4.41,145,0.28466192,0.33,60,0.14704286,8.3,0.22767143,0.1561619,-1.8277984713854563,0.75,108.091324,261,275,"8/1/24, 12:00 AM",CUDDALORE,17,2024-12-31T00:00:00,8.46,4.4323535,377,367,362,358,2.984075,2024-01-01T00:00:00,30.578500000000002,Miralur,"{""geodesic"":false,""type"":""Point"",""coordinates"":[79.55143287930939,11.464434403225953]}"
1015_0,0.5,0.13933478,0.98,0.36,11.21,0.15929565,86,4.26,178,0.3062913,0.3,57.5,0.16074783,8.3,0.2658,0.18433914,-1.4792362909346888,0.96,243.89398,264,286,"8/1/24, 12:00 AM",CUDDALORE,13,2024-12-31T00:00:00,8.4,4.4323535,372,359,365,355,2.106824,2024-01-01T00:00:00,30.568645161290323,Miralur,"{""geodesic"":false,""type"":""Point"",""coordinates"":[79.5538583305765,11.46389541405548]}"
1016_0,0.5,0.082845,0.63,0.4,11.36,0.10414,221,0.58,207,0.34646,0.33,28.13,0.086445004,4.1,0.24869,0.15938,-1.8280187267495507,0.58,251.91064,295,314,"7/25/24, 12:00 AM",CUDDALORE,9,2024-12-31T00:00:00,7.08,4.262888,347,330,357,356,2.9843879,2024-01-01T00:00:00,30.753733333333333,Sendirakillai,"{""geodesic"":false,""type"":""Point"",""coordinates"":[79.69291753655821,11.497312742624727]}"
1017_0,0.5,0.134325,0.79,0.17,8.31,0.1609,212,3.91,166,0.34097,0.33,41.6,0.17252,4.1,0.336185,0.26472,-2.4704743583684867,0.85,270.0,295,314,"7/23/24, 12:00 AM",CUDDALORE,9,2024-12-31T00:00:00,7.3,4.262888,347,330,357,356,5.6604033,2024-01-01T00:00:00,30.753733333333333,Sendirakillai,"{""geodesic"":false,""type"":""Point"",""coordinates"":[79.69291753655821,11.49704324803949]}"
1018_0,0.5,0.134325,0.79,0.32,8.35,0.1609,212,4.15,156,0.34097,0.3,28.1,0.17252,8.3,0.336185,0.26472,-2.4704743583684867,0.87,270.0,295,314,"7/23/24, 12:00 AM",CUDDALORE,9,2024-12-31T00:00:00,7.4,4.262888,347,330,357,356,5.6604033,2024-01-01T00:00:00,30.753733333333333,Sendirakillai,"{""geodesic"":false,""type"":""Point"",""coordinates"":[79.69291753655821,11.49704324803949]}"
1019_0,0.5,0.134325,0.68,0.16,6.75,0.1609,183,3.51,173,0.34097,0.3,34.3,0.17252,4.1,0.336185,0.26472,-2.4704743583684867,0.76,270.0,295,314,"7/23/24, 12:00 AM",CUDDALORE,9,2024-12-31T00:00:00,7.6,4.262888,347,330,357,356,5.6604033,2024-01-01T00:00:00,30.753733333333333,Sendirakillai,"{""geodesic"":false,""type"":""Point"",""coordinates"":[79.69291753655821,11.49704324803949]}"
1020_0,0.5,0.134325,0.82,0.18,8.15,0.1609,202,3.98,163,0.34097,0.27,50,0.17252,4.1,0.336185,0.26472,-2.4704743583684867,0.89,270.0,295,314,"7/23/24, 12:00 AM",CUDDALORE,9,2024-12-31T00:00:00,7.2,4.262888,347,330,357,356,5.6604033,2024-01-01T00:00:00,30.753733333333333,Sendirakillai,"{""geodesic"":false,""type"":""Point"",""coordinates"":[79.69291753655821,11.49704324803949]}"
1021_0,0.5,0.134325,0.62,0.31,11.21,0.1609,221,5.58,180,0.34097,0.3,31,0.17252,4.1,0.336185,0.26472,-2.4704743583684867,0.65,270.0,295,314,"7/23/24, 12:00 AM",CUDDALORE,9,2024-12-31T00:00:00,7.06,4.262888,347,330,357,356,5.6604033,2024-01-01T00:00:00,30.753733333333333,Sendirakillai,"{""geodesic"":false,""type"":""Point"",""coordinates"":[79.69291753655821,11.49704324803949]}"
1022_0,0.5,0.134325,0.55,0.23,11.62,0.1609,240,5.72,180,0.34097,0.33,37,0.17252,8.2,0.336185,0.26472,-2.4704743583684867,0.59,270.0,295,314,"7/23/24, 12:00 AM",CUDDALORE,9,2024-12-31T00:00:00,6.89,4.262888,347,330,357,356,5.6604033,2024-01-01T00:00:00,30.753733333333333,Sendirakillai,"{""geodesic"":false,""type"":""Point"",""coordinates"":[79.69291753655821,11.49704324803949]}"
1023_0,0.5,0.134325,1.21,0.51,9.28,0.1609,154,5.36,187,0.34097,0.39,52.5,0.17252,4.1,0.336185,0.26472,-2.4704743583684867,0.77,270.0,295,314,"7/23/24, 12:00 AM",CUDDALORE,9,2024-12-31T00:00:00,7.43,4.262888,347,330,357,356,5.6604033,2024-01-01T00:00:00,30.753733333333333,Sendirakillai,"{""geodesic"":false,""type"":""Point"",""coordinates"":[79.69291753655821,11.49704324803949]}"
1024_0,0.5,0.134325,0.96,0.53,10.22,0.1609,240,4.26,180,0.34097,0.33,41.5,0.17252,4.1,0.336185,0.26472,-2.4704743583684867,1.21,270.0,295,314,"7/23/24, 12:00 AM",CUDDALORE,9,2024-12-31T00:00:00,7.36,4.262888,347,330,357,356,5.6604033,2024-01-01T00:00:00,30.753733333333333,Sendirakillai,"{""geodesic"":false,""type"":""Point"",""coordinates"":[79.69291753655821,11.49704324803949]}"
1025_0,0.5,0.134325,0.76,0.52,9.31,0.1609,163,5.11,180,0.34097,0.36,31,0.17252,4.1,0.336185,0.26472,-2.4704743583684867,0.88,270.0,295,314,"7/23/24, 12:00 AM",CUDDALORE,9,2024-12-31T00:00:00,7.23,4.262888,347,330,357,356,5.6604033,2024-01-01T00:00:00,30.753733333333333,Sendirakillai,"{""geodesic"":false,""type"":""Point"",""coordinates"":[79.69291753655821,11.49704324803949]}"
1026_0,0.5,0.06017143,0.63,0.4,9.92,0.08680476,260,4.48,180,0.23072381,0.3,60,0.082504764,8.2,0.19785714,0.12402381,-1.3514061061459597,0.63,-0.0,289,312,"7/30/24, 12:00 AM",CUDDALORE,14,2024-12-31T00:00:00,7.64,4.3748055,335,323,376,365,1.8543341,2024-01-01T00:00:00,30.573199999999996,Azhichikudi,"{""geodesic"":false,""type"":""Point"",""coordinates"":[79.59724695879947,11.44314433099232]}"
1027_0,0.5,0.08444286,0.5,0.28,8.418,0.1097,212,4.51,187,0.3122905,0.24,55,0.10297143,4.1,0.25456667,0.16093333,-1.4791305034290283,0.77,243.89267,297,324,"7/30/24, 12:00 AM",CUDDALORE,12,2024-12-31T00:00:00,7.62,4.3748055,350,336,353,340,2.1067255,2024-01-01T00:00:00,30.573199999999996,Azhichikudi,"{""geodesic"":false,""type"":""Point"",""coordinates"":[79.59697746421425,11.447456244356093]}"
1028_0,0.5,0.08174762,0.86,0.65,9.26,0.10515238,250,4.21,159,0.26727143,0.33,65.5,0.09641905,4.1,0.21611905,0.14821905,-1.246126548502257,1.06,157.7987,302,326,"7/31/24, 12:00 AM",CUDDALORE,14,2024-12-31T00:00:00,7.63,4.3063784,347,336,351,338,4.996095,2024-01-01T00:00:00,30.598599999999998,Vandarayampattu,"{""geodesic"":false,""type"":""Point"",""coordinates"":[79.60209786133372,11.447456244356093]}"
1029_0,0.5,0.09652,0.72,0.14,8.96,0.121735,173,4.65,156,0.272655,0.33,34.7,0.128825,8.3,0.239095,0.17138,-1.0839304937714511,0.86,90.0,319,326,"8/1/24, 12:00 AM",CUDDALORE,5,2024-12-31T00:00:00,7.38,4.262888,325,317,356,357,2.83677,2024-01-01T00:00:00,30.576000000000008,B.Adhivaraganallur,"{""geodesic"":false,""type"":""Point"",""coordinates"":[79.68510219358637,11.461739457373593]}"
1030_0,0.5,0.09652,0.84,0.13,9.01,0.121735,163,4.31,124,0.272655,0.36,41.6,0.128825,8.3,0.239095,0.17138,-1.0839304937714511,0.91,90.0,319,326,"8/1/24, 12:00 AM",CUDDALORE,5,2024-12-31T00:00:00,7.45,4.262888,325,317,356,357,2.83677,2024-01-01T00:00:00,30.576000000000008,B.Adhivaraganallur,"{""geodesic"":false,""type"":""Point"",""coordinates"":[79.68510219358637,11.461739457373593]}"
1031_0,0.5,0.10120952,0.55,0.17,6.52,0.1230381,135,3.14,135,0.2816857,0.3,31.2,0.12504286,8.3,0.24595238,0.17177142,-0.78607366994732,0.59,116.10617,319,326,"8/1/24, 12:00 AM",CUDDALORE,6,2024-12-31T00:00:00,7.98,4.262888,325,317,356,357,2.1068122,2024-01-01T00:00:00,30.576000000000008,B.Adhivaraganallur,"{""geodesic"":false,""type"":""Point"",""coordinates"":[79.68510219358637,11.462008951958829]}"
1032_0,0.5,0.09652,0.64,0.17,6.21,0.121735,163,3.12,156,0.272655,0.3,34.7,0.128825,8.3,0.239095,0.17138,-1.0839304937714511,0.71,90.0,319,326,"8/1/24, 12:00 AM",CUDDALORE,5,2024-12-31T00:00:00,7.91,4.262888,325,317,356,357,2.83677,2024-01-01T00:00:00,30.576000000000008,B.Adhivaraganallur,"{""geodesic"":false,""type"":""Point"",""coordinates"":[79.68510219358637,11.461739457373593]}"
1033_0,0.5,0.09652,0.72,0.2,6.15,0.121735,135,2.96,180,0.272655,0.39,45.7,0.128825,8.3,0.239095,0.17138,-1.0839304937714511,0.76,90.0,319,326,"7/27/24, 12:00 AM",CUDDALORE,5,2024-12-31T00:00:00,7.6,4.262888,325,317,356,357,2.83677,2024-01-01T00:00:00,30.576000000000008,B.Adhivaraganallur,"{""geodesic"":false,""type"":""Point"",""coordinates"":[79.68510219358637,11.461739457373593]}"
1034_0,0.5,0.09652,0.55,0.26,7.26,0.121735,221,3.86,183,0.272655,0.3,31.2,0.128825,4.1,0.239095,0.17138,-1.0839304937714511,0.64,90.0,319,326,"7/31/24, 12:00 AM",CUDDALORE,5,2024-12-31T00:00:00,7.6,4.262888,325,317,356,357,2.83677,2024-01-01T00:00:00,30.576000000000008,B.Adhivaraganallur,"{""geodesic"":false,""type"":""Point"",""coordinates"":[79.68510219358637,11.461739457373593]}"
1035_0,0.5,0.092539996,0.48,0.49,10.09,0.11679,154,0.55,160,0.25661498,0.27,37.5,0.128995,4.1,0.24087,0.176965,-1.063786826081482,0.55,-0.0,316,325,"7/27/24, 12:00 AM",CUDDALORE,5,2024-12-31T00:00:00,7.67,4.262888,318,311,365,364,2.7802885,2024-01-01T00:00:00,30.576000000000008,B.Adhivaraganallur,"{""geodesic"":false,""type"":""Point"",""coordinates"":[79.6853716881716,11.461469962788359]}"
1036_0,0.5,0.09652,0.75,0.57,10.76,0.121735,212,0.62,190,0.272655,0.39,50,0.128825,4.1,0.239095,0.17138,-1.0839304937714511,0.62,90.0,319,326,"7/27/24, 12:00 AM",CUDDALORE,5,2024-12-31T00:00:00,7.07,4.262888,325,317,356,357,2.83677,2024-01-01T00:00:00,30.576000000000008,B.Adhivaraganallur,"{""geodesic"":false,""type"":""Point"",""coordinates"":[79.68510219358637,11.461739457373593]}"
1037_0,0.5,0.08822105,0.72,0.67,11.2,0.11098421,183,4.92,159,0.2758895,0.39,55,0.1165,4.1,0.23770526,0.15371579,-1.4671467512708098,0.81,27.029718,289,314,"7/27/24, 12:00 AM",CUDDALORE,8,2024-12-31T00:00:00,6.97,4.2665224,340,328,371,358,2.0815291,2024-01-01T00:00:00,30.683172413793105,Therkuthittai,"{""geodesic"":false,""type"":""Point"",""coordinates"":[79.6387491249258,11.464434403225953]}"
1038_0,0.5,0.15074545,0.5,0.33,8.6,0.17170455,135,4.2,83,0.37953636,0.3,12.5,0.16842727,4.1,0.3359091,0.2353,-1.813020657312858,0.5,341.1942,349,379,"7/10/24, 12:00 AM",CUDDALORE,38,2024-12-31T00:00:00,7.7,4.3971405,379,355,272,266,2.9368124,2024-01-01T00:00:00,30.57186206896551,Manamthavizhnthaputhur,"{""geodesic"":false,""type"":""Point"",""coordinates"":[79.49403053265415,11.808848483157377]}"
1039_0,0.5,0.10714286,0.88,0.21,11.01,0.13066667,117,4.21,80,0.25437143,0.36,20,0.15242381,4.1,0.30156192,0.25075716,-0.6595424121013201,0.86,-0.0,343,373,"7/8/24, 12:00 AM",CUDDALORE,36,2024-12-31T00:00:00,7.54,4.3971405,372,348,285,279,2.7802885,2024-01-01T00:00:00,30.5936,Manamthavizhnthaputhur,"{""geodesic"":false,""type"":""Point"",""coordinates"":[79.49376103806891,11.806962021060725]}"
1040_0,0.5,0.07035909,1.06,0.19,11.12,0.09488182,144,5.12,73,0.33474547,0.3,37.5,0.07929091,4.1,0.23338637,0.13832273,-1.813030333214698,0.63,18.80599,351,380,"7/9/24, 12:00 AM",CUDDALORE,41,2024-12-31T00:00:00,7.71,4.3971405,373,351,275,269,2.936816,2024-01-01T00:00:00,30.57186206896551,Manamthavizhnthaputhur,"{""geodesic"":false,""type"":""Point"",""coordinates"":[79.49268305972797,11.811812923594971]}"
1041_0,0.5,0.099938095,0.75,0.16,8.27,0.13561904,173,8.67,104,0.3014619,0.39,55,0.1659,4.1,0.33537617,0.26741427,-1.9486626812091448,0.76,145.74274,320,353,"7/10/24, 12:00 AM",CUDDALORE,40,2024-12-31T00:00:00,7.49,4.545803,377,348,303,299,3.3626323,2024-01-01T00:00:00,30.5674,Manamthavizhnthaputhur,"{""geodesic"":false,""type"":""Point"",""coordinates"":[79.50238486479645,11.800763645600302]}"
1042_0,0.5,0.07719047,0.61,0.14,8.36,0.10819048,154,4.21,69,0.31397143,0.27,17.5,0.12196191,4.1,0.31957144,0.23982382,-0.7882483002477193,0.64,243.92134,320,353,"7/9/24, 12:00 AM",CUDDALORE,36,2024-12-31T00:00:00,7.86,4.545803,377,348,303,299,2.1088767,2024-01-01T00:00:00,30.5674,Manamthavizhnthaputhur,"{""geodesic"":false,""type"":""Point"",""coordinates"":[79.50211537021121,11.80022465642983]}"
1043_0,0.5,0.07719047,0.4,0.19,8.16,0.10819048,202,8.24,66,0.31397143,0.36,28.1,0.12196191,4.1,0.31957144,0.23982382,-0.7882483002477193,0.51,243.92134,320,353,"7/9/24, 12:00 AM",CUDDALORE,36,2024-12-31T00:00:00,7.64,4.545803,377,348,303,299,2.1088767,2024-01-01T00:00:00,30.5674,Manamthavizhnthaputhur,"{""geodesic"":false,""type"":""Point"",""coordinates"":[79.50211537021121,11.80022465642983]}"
1044_0,0.5,0.08859524,0.58,0.21,8.36,0.12042381,163,4.38,83,0.33481428,0.3,28.1,0.12449048,4.1,0.32844287,0.24806191,1.7557091757460102,0.52,314.38834,318,349,"7/9/24, 12:00 AM",CUDDALORE,33,2024-12-31T00:00:00,7.86,4.649809,383,356,299,295,1.3256638,2024-01-01T00:00:00,30.535499999999995,Manamthavizhnthaputhur,"{""geodesic"":false,""type"":""Point"",""coordinates"":[79.50076789728504,11.798338194333178]}"
1045_0,0.5,0.15161765,0.64,0.13,12.31,0.16794117,125,5.07,145,0.24719413,0.33,34.4,0.1845,8.3,0.28806472,0.24791177,-0.7312299974424388,0.65,288.073,340,361,"7/18/24, 12:00 AM",CUDDALORE,25,2024-12-31T00:00:00,6.65,4.665223,337,324,323,315,2.986995,2024-01-01T00:00:00,30.57154838709677,Melkangeyankuppam,"{""geodesic"":false,""type"":""Point"",""coordinates"":[79.56302114647453,11.766537833275347]}"
1046_0,0.5,0.15161765,0.75,0.09,13.36,0.16794117,125,6.72,100,0.24719413,0.27,37.5,0.1845,4.1,0.28806472,0.24791177,-0.7312299974424388,0.81,288.073,340,361,"7/12/24, 12:00 AM",CUDDALORE,25,2024-12-31T00:00:00,6.41,4.665223,337,324,323,315,2.986995,2024-01-01T00:00:00,30.57154838709677,Melkangeyankuppam,"{""geodesic"":false,""type"":""Point"",""coordinates"":[79.56302114647453,11.766537833275347]}"
1047_0,0.5,0.15161765,0.72,0.11,14.22,0.16794117,125,5.76,118,0.24719413,0.33,46,0.1845,8.3,0.28806472,0.24791177,-0.7312299974424388,0.84,288.073,340,361,"7/18/24, 12:00 AM",CUDDALORE,25,2024-12-31T00:00:00,6.58,4.665223,337,324,323,315,2.986995,2024-01-01T00:00:00,30.57154838709677,Melkangeyankuppam,"{""geodesic"":false,""type"":""Point"",""coordinates"":[79.56302114647453,11.766537833275347]}"
1048_0,0.5,0.15161765,0.6,0.14,13.26,0.16794117,154,5.01,107,0.24719413,0.3,41.63,0.1845,8.3,0.28806472,0.24791177,-0.7312299974424388,0.73,288.073,340,361,"7/18/24, 12:00 AM",CUDDALORE,25,2024-12-31T00:00:00,6.67,4.665223,337,324,323,315,2.986995,2024-01-01T00:00:00,30.57154838709677,Melkangeyankuppam,"{""geodesic"":false,""type"":""Point"",""coordinates"":[79.56302114647453,11.766537833275347]}"
1049_0,0.5,0.15161765,0.69,0.09,13.36,0.16794117,125,6.12,111,0.24719413,0.24,34,0.1845,8.3,0.28806472,0.24791177,-0.7312299974424388,0.74,288.073,340,361,"7/12/24, 12:00 AM",CUDDALORE,25,2024-12-31T00:00:00,6.48,4.665223,337,324,323,315,2.986995,2024-01-01T00:00:00,30.57154838709677,Melkangeyankuppam,"{""geodesic"":false,""type"":""Point"",""coordinates"":[79.56302114647453,11.766537833275347]}"
1050_0,0.5,0.15161765,0.9,0.12,14.2,0.16794117,125,5.28,100,0.24719413,0.33,46,0.1845,4.1,0.28806472,0.24791177,-0.7312299974424388,0.86,288.073,340,361,"7/18/24, 12:00 AM",CUDDALORE,25,2024-12-31T00:00:00,6.39,4.665223,337,324,323,315,2.986995,2024-01-01T00:00:00,30.57154838709677,Melkangeyankuppam,"{""geodesic"":false,""type"":""Point"",""coordinates"":[79.56302114647453,11.766537833275347]}"
1051_0,0.5,0.15161765,0.79,0.09,14.15,0.16794117,125,6.98,138,0.24719413,0.36,37.5,0.1845,4.1,0.28806472,0.24791177,-0.7312299974424388,0.75,288.073,340,361,"7/12/24, 12:00 AM",CUDDALORE,25,2024-12-31T00:00:00,6.47,4.665223,337,324,323,315,2.986995,2024-01-01T00:00:00,30.57154838709677,Melkangeyankuppam,"{""geodesic"":false,""type"":""Point"",""coordinates"":[79.56302114647453,11.766537833275347]}"
1052_0,0.5,0.15161765,0.7,0.1,12.15,0.16794117,135,5.98,100,0.24719413,0.24,41.6,0.1845,8.3,0.28806472,0.24791177,-0.7312299974424388,0.74,288.073,340,361,"7/12/24, 12:00 AM",CUDDALORE,25,2024-12-31T00:00:00,6.4,4.665223,337,324,323,315,2.986995,2024-01-01T00:00:00,30.57154838709677,Melkangeyankuppam,"{""geodesic"":false,""type"":""Point"",""coordinates"":[79.56302114647453,11.766537833275347]}"
1053_0,0.5,0.15161765,0.82,0.08,14.15,0.16794117,117,6.76,111,0.24719413,0.24,37.5,0.1845,8.3,0.28806472,0.24791177,-0.7312299974424388,0.91,288.073,340,361,"7/12/24, 12:00 AM",CUDDALORE,25,2024-12-31T00:00:00,6.59,4.665223,337,324,323,315,2.986995,2024-01-01T00:00:00,30.57154838709677,Melkangeyankuppam,"{""geodesic"":false,""type"":""Point"",""coordinates"":[79.56302114647453,11.766537833275347]}"
1054_0,0.5,0.15161765,0.68,0.08,12.31,0.16794117,135,5.06,138,0.24719413,0.36,37.5,0.1845,8.3,0.28806472,0.24791177,-0.7312299974424388,0.71,288.073,340,361,"7/18/24, 12:00 AM",CUDDALORE,25,2024-12-31T00:00:00,6.61,4.665223,337,324,323,315,2.986995,2024-01-01T00:00:00,30.57154838709677,Melkangeyankuppam,"{""geodesic"":false,""type"":""Point"",""coordinates"":[79.56302114647453,11.766537833275347]}"
1055_0,0.5,0.14216316,0.86,0.31,10.36,0.16039474,221,4.28,163,0.3203263,0.3,60,0.16448422,4.1,0.31745788,0.2413,-0.6806649079053801,0.13,270.0,331,359,"7/3/24, 12:00 AM",CUDDALORE,27,2024-12-31T00:00:00,5.71,4.649809,357,336,312,306,1.8941371,2024-01-01T00:00:00,30.685612903225806,Alagappasamudram,"{""geodesic"":false,""type"":""Point"",""coordinates"":[79.54227006341137,11.77084974663912]}"
1056_0,0.5,0.14216316,0.75,0.38,13.96,0.16039474,144,6.35,127,0.3203263,0.3,41.6,0.16448422,8.3,0.31745788,0.2413,-0.6806649079053801,0.81,270.0,331,359,"7/5/24, 12:00 AM",CUDDALORE,27,2024-12-31T00:00:00,5.62,4.649809,357,336,312,306,1.8941371,2024-01-01T00:00:00,30.685612903225806,Alagappasamudram,"{""geodesic"":false,""type"":""Point"",""coordinates"":[79.54227006341137,11.77084974663912]}"
1057_0,0.5,0.05227619,0.64,0.29,13.04,0.06819524,183,6.52,145,0.21196191,0.36,37.5,0.05965238,8.3,0.15225714,0.095714286,-2.5060022650583402,0.72,341.1969,355,382,"7/5/24, 12:00 AM",CUDDALORE,32,2024-12-31T00:00:00,5.83,4.649809,324,303,320,315,5.858181,2024-01-01T00:00:00,30.63886666666666,Alagappasamudram,"{""geodesic"":false,""type"":""Point"",""coordinates"":[79.53876663380329,11.766537833275347]}"
1058_0,0.5,0.14216316,0.65,0.32,12.73,0.16039474,154,6.51,121,0.3203263,0.33,34.3,0.16448422,4.1,0.31745788,0.2413,-0.6806649079053801,0.68,270.0,331,359,"7/5/24, 12:00 AM",CUDDALORE,27,2024-12-31T00:00:00,5.5,4.649809,357,336,312,306,1.8941371,2024-01-01T00:00:00,30.685612903225806,Alagappasamudram,"{""geodesic"":false,""type"":""Point"",""coordinates"":[79.54227006341137,11.77084974663912]}"
1059_0,0.5,0.078805,0.8,0.28,12.76,0.10535,173,6.41,118,0.264395,0.3,37.5,0.128005,4.1,0.28153,0.193965,-2.268835601252091,0.86,-0.0,355,382,"7/5/24, 12:00 AM",CUDDALORE,29,2024-12-31T00:00:00,5.68,4.649809,324,303,320,315,4.6273675,2024-01-01T00:00:00,30.685612903225806,Alagappasamudram,"{""geodesic"":false,""type"":""Point"",""coordinates"":[79.53876663380329,11.766807327860583]}"
1060_0,0.5,0.078805,0.65,0.3,10.21,0.10535,250,5.01,173,0.264395,0.39,62,0.128005,8.2,0.28153,0.193965,-2.268835601252091,0.68,-0.0,355,382,"7/10/24, 12:00 AM",CUDDALORE,29,2024-12-31T00:00:00,5.63,4.649809,324,303,320,315,4.6273675,2024-01-01T00:00:00,30.685612903225806,Alagappasamudram,"{""geodesic"":false,""type"":""Point"",""coordinates"":[79.53876663380329,11.766807327860583]}"
1061_0,0.5,0.14216316,0.65,0.22,9.36,0.16039474,212,5.36,138,0.3203263,0.33,57.5,0.16448422,8.3,0.31745788,0.2413,-0.6806649079053801,0.61,270.0,331,359,"7/3/24, 12:00 AM",CUDDALORE,27,2024-12-31T00:00:00,5.92,4.649809,357,336,312,306,1.8941371,2024-01-01T00:00:00,30.685612903225806,Alagappasamudram,"{""geodesic"":false,""type"":""Point"",""coordinates"":[79.54227006341137,11.77084974663912]}"
1062_0,0.5,0.078805,0.76,0.25,10.35,0.10535,183,5.11,173,0.264395,0.36,60,0.128005,4.1,0.28153,0.193965,-2.268835601252091,1.01,-0.0,355,382,"7/3/24, 12:00 AM",CUDDALORE,29,2024-12-31T00:00:00,5.84,4.649809,324,303,320,315,4.6273675,2024-01-01T00:00:00,30.685612903225806,Alagappasamudram,"{""geodesic"":false,""type"":""Point"",""coordinates"":[79.53876663380329,11.766807327860583]}"
1063_0,0.5,0.078805,0.91,0.22,11.01,0.10535,163,5.31,173,0.264395,0.3,55,0.128005,4.1,0.28153,0.193965,-2.268835601252091,0.61,-0.0,355,382,"7/3/24, 12:00 AM",CUDDALORE,29,2024-12-31T00:00:00,5.73,4.649809,324,303,320,315,4.6273675,2024-01-01T00:00:00,30.685612903225806,Alagappasamudram,"{""geodesic"":false,""type"":""Point"",""coordinates"":[79.53876663380329,11.766807327860583]}"
1064_0,0.5,0.05227619,0.54,0.27,9.35,0.06819524,183,4.36,180,0.21196191,0.33,60,0.05965238,4.1,0.15225714,0.095714286,-2.5060022650583402,1.01,341.1969,355,382,"7/3/24, 12:00 AM",CUDDALORE,32,2024-12-31T00:00:00,5.85,4.649809,324,303,320,315,5.858181,2024-01-01T00:00:00,30.63886666666666,Alagappasamudram,"{""geodesic"":false,""type"":""Point"",""coordinates"":[79.53876663380329,11.766537833275347]}"
1065_0,0.5,0.078805,0.88,0.31,9.31,0.10535,144,4.28,159,0.264395,0.42,68.5,0.128005,4.1,0.28153,0.193965,-2.268835601252091,0.75,-0.0,355,382,"7/3/24, 12:00 AM",CUDDALORE,29,2024-12-31T00:00:00,5.41,4.649809,324,303,320,315,4.6273675,2024-01-01T00:00:00,30.685612903225806,Alagappasamudram,"{""geodesic"":false,""type"":""Point"",""coordinates"":[79.53876663380329,11.766807327860583]}"
1066_0,0.1,0.05227619,1.01,0.33,9.41,0.06819524,183,5.46,156,0.21196191,0.42,68.5,0.05965238,4.1,0.15225714,0.095714286,-2.5060022650583402,0.75,341.1969,355,382,"7/3/24, 12:00 AM",CUDDALORE,32,2024-12-31T00:00:00,5.62,4.649809,324,303,320,315,5.858181,2024-01-01T00:00:00,30.63886666666666,Alagappasamudram,"{""geodesic"":false,""type"":""Point"",""coordinates"":[79.53876663380329,11.766537833275347]}"
1067_0,0.5,0.078805,0.91,0.35,9.46,0.10535,212,5.36,163,0.264395,0.3,71.5,0.128005,4.1,0.28153,0.193965,-2.268835601252091,0.82,-0.0,355,382,"7/3/24, 12:00 AM",CUDDALORE,29,2024-12-31T00:00:00,5.63,4.649809,324,303,320,315,4.6273675,2024-01-01T00:00:00,30.685612903225806,Alagappasamudram,"{""geodesic"":false,""type"":""Point"",""coordinates"":[79.53876663380329,11.766807327860583]}"
1068_0,0.5,0.078805,0.78,0.12,12.24,0.10535,135,5.36,138,0.264395,0.3,50,0.128005,4.1,0.28153,0.193965,-2.268835601252091,0.88,-0.0,355,382,"6/24/24, 12:00 AM",CUDDALORE,29,2024-12-31T00:00:00,5.48,4.649809,324,303,320,315,4.6273675,2024-01-01T00:00:00,30.685612903225806,Alagappasamudram,"{""geodesic"":false,""type"":""Point"",""coordinates"":[79.53876663380329,11.766807327860583]}"
1069_0,0.5,0.13704762,0.59,0.25,10.36,0.1713857,154,5.31,121,0.3728,0.24,15,0.20038095,8.3,0.37937143,0.26700953,-1.0167305370907063,0.65,134.39108,321,342,"7/24/24, 12:00 AM",CUDDALORE,42,2024-12-31T00:00:00,7.43,4.498694,394,376,284,282,3.9711351,2024-01-01T00:00:00,30.550571428571434,Veerapperumanallur,"{""geodesic"":false,""type"":""Point"",""coordinates"":[79.45576230155065,11.771927724980065]}"
1070_0,0.5,0.12252381,0.52,0.28,10.75,0.15429524,173,4.2,121,0.3404476,0.33,10.63,0.1904,4.1,0.37649524,0.27694762,-1.7098699414041638,0.7,134.39122,310,325,"7/18/24, 12:00 AM",CUDDALORE,43,2024-12-31T00:00:00,7.25,4.1939864,406,394,284,281,2.6497731,2024-01-01T00:00:00,30.671696969696967,Veerapperumanallur,"{""geodesic"":false,""type"":""Point"",""coordinates"":[79.44201807770362,11.770580252053886]}"
1071_0,0.5,0.12771429,0.62,0.28,9.31,0.15989524,163,4.98,131,0.36729524,0.3,12.5,0.18609047,8.3,0.3609143,0.24916667,-0.7142625797153594,0.73,161.19656,324,353,"7/24/24, 12:00 AM",CUDDALORE,40,2024-12-31T00:00:00,7.25,4.498694,390,365,286,282,2.9367714,2024-01-01T00:00:00,30.550571428571434,Veerapperumanallur,"{""geodesic"":false,""type"":""Point"",""coordinates"":[79.45603179613589,11.771927724980065]}"
1072_0,0.5,0.116233334,0.72,0.35,10.48,0.1472143,221,4.11,128,0.31338096,0.39,22.5,0.18001428,4.1,0.35144284,0.25818095,2.8179911984774377,0.57,-0.0,310,325,"7/18/24, 12:00 AM",CUDDALORE,42,2024-12-31T00:00:00,7.01,4.1939864,406,394,284,281,0.0,2024-01-01T00:00:00,30.671696969696967,Veerapperumanallur,"{""geodesic"":false,""type"":""Point"",""coordinates"":[79.4425570668741,11.770580252053886]}"
1073_0,0.5,0.1554381,0.63,0.36,10.55,0.17882857,202,4.38,135,0.35364762,0.36,25,0.19688095,8.3,0.36612856,0.2697143,-0.2751873011635492,0.59,270.0,310,325,"7/10/24, 12:00 AM",CUDDALORE,42,2024-12-31T00:00:00,7.02,4.1939864,408,394,283,281,1.8941257,2024-01-01T00:00:00,30.671696969696967,Veerapperumanallur,"{""geodesic"":false,""type"":""Point"",""coordinates"":[79.4433655506298,11.769232779127705]}"
1074_0,0.5,0.20009524,0.5,0.31,10.76,0.22135238,173,4.65,142,0.36953333,0.42,20,0.24372381,4.1,0.43102857,0.33489525,-1.0167138207551938,0.58,45.6086,310,325,"7/10/24, 12:00 AM",CUDDALORE,44,2024-12-31T00:00:00,7.35,4.1939864,408,394,283,281,1.3255913,2024-01-01T00:00:00,30.671696969696967,Veerapperumanallur,"{""geodesic"":false,""type"":""Point"",""coordinates"":[79.44417403438551,11.76896328454247]}"
1075_0,0.5,0.16140476,0.51,0.3,9.18,0.18123333,202,4.57,121,0.33120954,0.39,12.5,0.20457143,8.3,0.39940953,0.30684286,-0.3825804903634902,0.6,296.08124,310,325,"7/10/24, 12:00 AM",CUDDALORE,43,2024-12-31T00:00:00,7.03,4.1939864,408,394,283,281,2.1086824,2024-01-01T00:00:00,30.671696969696967,Veerapperumanallur,"{""geodesic"":false,""type"":""Point"",""coordinates"":[79.44363504521505,11.76896328454247]}"
1076_0,0.5,0.15313333,0.65,0.26,9.95,0.17426667,154,4.72,124,0.30841905,0.36,22,0.19760953,4.1,0.33390477,0.26814762,-0.3698277069482902,0.69,152.94496,308,324,"7/16/24, 12:00 AM",CUDDALORE,41,2024-12-31T00:00:00,7.28,4.1939864,411,397,282,279,2.0819983,2024-01-01T00:00:00,30.671696969696967,Veerapperumanallur,"{""geodesic"":false,""type"":""Point"",""coordinates"":[79.44174858311838,11.768693789957235]}"
1077_0,0.5,0.15720476,0.5,0.29,10.21,0.17767143,221,4.21,104,0.33080477,0.3,25,0.1950857,8.3,0.37410477,0.2817143,-2.1615889589396984,0.53,332.94495,310,325,"7/10/24, 12:00 AM",CUDDALORE,44,2024-12-31T00:00:00,7.2,4.1939864,408,394,283,281,4.158513,2024-01-01T00:00:00,30.671696969696967,Veerapperumanallur,"{""geodesic"":false,""type"":""Point"",""coordinates"":[79.44363504521505,11.768693789957235]}"
1078_0,0.5,0.10513809,0.55,0.32,10.11,0.13650475,183,4.48,142,0.30571905,0.42,20,0.15634762,4.1,0.36115715,0.28317142,-1.4812033341933493,0.55,243.91891,310,325,"7/10/24, 12:00 AM",CUDDALORE,42,2024-12-31T00:00:00,7.26,4.1939864,406,394,284,281,2.1086946,2024-01-01T00:00:00,30.671696969696967,Veerapperumanallur,"{""geodesic"":false,""type"":""Point"",""coordinates"":[79.44147908853316,11.77084974663912]}"
1079_0,0.5,0.11302105,0.48,0.18,7.15,0.14665264,163,3.74,121,0.3312158,0.3,20,0.1698158,4.1,0.3275263,0.23967369,-1.373979380524839,0.57,270.0,311,327,"7/5/24, 12:00 AM",CUDDALORE,39,2024-12-31T00:00:00,8.12,4.498694,407,389,282,285,1.8942999,2024-01-01T00:00:00,30.54624242424242,Natham,"{""geodesic"":false,""type"":""Point"",""coordinates"":[79.4816337817333,11.794565270139877]}"
1080_0,0.5,0.12796316,0.52,0.2,7.06,0.15776315,202,3.94,128,0.34321052,0.27,15,0.17703158,4.1,0.33476317,0.24600527,-1.468553561931357,0.59,207.05722,311,327,"7/5/24, 12:00 AM",CUDDALORE,38,2024-12-31T00:00:00,7.89,4.498694,407,389,282,285,2.0820389,2024-01-01T00:00:00,30.54624242424242,Natham,"{""geodesic"":false,""type"":""Point"",""coordinates"":[79.48136428714805,11.794565270139877]}"
1081_0,0.5,0.12796316,0.53,0.17,8.65,0.15776315,163,4.1,118,0.34321052,0.27,15,0.17703158,4.1,0.33476317,0.24600527,-1.468553561931357,0.55,207.05722,311,327,"7/8/24, 12:00 AM",CUDDALORE,38,2024-12-31T00:00:00,8.1,4.498694,407,389,282,285,2.0820389,2024-01-01T00:00:00,30.54624242424242,Natham,"{""geodesic"":false,""type"":""Point"",""coordinates"":[79.48136428714805,11.794565270139877]}"
1082_0,0.5,0.11478947,0.56,0.15,6.98,0.13558948,183,4.2,142,0.25333685,0.33,20,0.1406,4.1,0.25701052,0.19786842,-1.373956094031375,0.65,90.0,310,328,"7/5/24, 12:00 AM",CUDDALORE,39,2024-12-31T00:00:00,7.65,4.498694,411,391,279,281,1.894275,2024-01-01T00:00:00,30.50969696969697,Natham,"{""geodesic"":false,""type"":""Point"",""coordinates"":[79.47705237378429,11.790792345946574]}"
1083_0,0.5,0.11478947,0.61,0.27,7.35,0.13558948,212,3.91,114,0.25333685,0.3,17.5,0.1406,4.1,0.25701052,0.19786842,-1.373956094031375,0.71,90.0,310,328,"7/5/24, 12:00 AM",CUDDALORE,39,2024-12-31T00:00:00,7.77,4.498694,411,391,279,281,1.894275,2024-01-01T00:00:00,30.50969696969697,Natham,"{""geodesic"":false,""type"":""Point"",""coordinates"":[79.47705237378429,11.790792345946574]}"
1084_0,0.5,0.095310524,0.68,0.28,7.32,0.11940526,221,3.25,138,0.29413158,0.33,31.2,0.13151053,8.3,0.27015263,0.18905263,-1.352630395026436,0.71,-0.0,314,337,"7/5/24, 12:00 AM",CUDDALORE,39,2024-12-31T00:00:00,7.75,4.498694,407,382,280,281,1.8543341,2024-01-01T00:00:00,30.55163636363636,Natham,"{""geodesic"":false,""type"":""Point"",""coordinates"":[79.47678287919905,11.79106184053181]}"
1085_0,0.5,0.08381579,0.95,0.25,11.31,0.109342106,212,5.42,111,0.24018948,0.36,25,0.110026315,8.3,0.24889474,0.19082631,0.14089468095444624,0.76,207.05704,316,332,"7/12/24, 12:00 AM",CUDDALORE,39,2024-12-31T00:00:00,7.83,4.498694,403,382,281,286,2.0820353,2024-01-01T00:00:00,30.597312500000005,Natham,"{""geodesic"":false,""type"":""Point"",""coordinates"":[79.47624389002858,11.792139818872753]}"
1086_0,0.5,0.073694736,0.62,0.25,6.56,0.09629474,202,3.74,138,0.27556843,0.3,17.5,0.106294736,8.3,0.2505737,0.18273684,-1.4813357280662283,0.71,116.079414,310,336,"7/5/24, 12:00 AM",CUDDALORE,36,2024-12-31T00:00:00,8.01,4.498694,412,385,279,279,2.10882,2024-01-01T00:00:00,30.55163636363636,Natham,"{""geodesic"":false,""type"":""Point"",""coordinates"":[79.47274046042051,11.79106184053181]}"
1087_0,0.5,0.13161905,0.55,0.26,8.83,0.15498096,212,4.28,100,0.34667143,0.3,10.63,0.15772857,4.1,0.36122382,0.24753809,-2.276717865635289,0.6,142.54158,304,330,"7/8/24, 12:00 AM",CUDDALORE,42,2024-12-31T00:00:00,7.77,4.498694,412,384,285,285,4.6633806,2024-01-01T00:00:00,30.613806451612913,Natham,"{""geodesic"":false,""type"":""Point"",""coordinates"":[79.46573360120438,11.794026280969405]}"
1088_0,0.5,0.14942999,0.5,0.26,8.92,0.17293,192,4.09,135,0.352355,0.27,15,0.16476,4.1,0.296275,0.211535,-2.1744911977922947,0.53,296.0793,304,330,"7/8/24, 12:00 AM",CUDDALORE,39,2024-12-31T00:00:00,7.79,4.498694,412,384,285,285,4.211959,2024-01-01T00:00:00,30.613806451612913,Natham,"{""geodesic"":false,""type"":""Point"",""coordinates"":[79.46465562286343,11.79240931345799]}"
1089_0,0.5,0.14942999,0.52,0.26,8.9,0.17293,212,4.21,138,0.352355,0.3,28.13,0.16476,4.1,0.296275,0.211535,-2.1744911977922947,0.59,296.0793,304,330,"7/8/24, 12:00 AM",CUDDALORE,39,2024-12-31T00:00:00,7.75,4.498694,412,384,285,285,4.211959,2024-01-01T00:00:00,30.613806451612913,Natham,"{""geodesic"":false,""type"":""Point"",""coordinates"":[79.46465562286343,11.79240931345799]}"
1090_0,0.5,0.14942999,0.55,0.21,8.9,0.17293,163,4.21,107,0.352355,0.33,15,0.16476,4.1,0.296275,0.211535,-2.1744911977922947,0.61,296.0793,304,330,"7/8/24, 12:00 AM",CUDDALORE,39,2024-12-31T00:00:00,7.76,4.498694,412,384,285,285,4.211959,2024-01-01T00:00:00,30.613806451612913,Natham,"{""geodesic"":false,""type"":""Point"",""coordinates"":[79.46465562286343,11.79240931345799]}"
1091_0,0.5,0.11107368,0.75,0.31,9.56,0.1366421,221,5.21,124,0.29240525,0.36,60,0.15476316,4.1,0.3048158,0.24451579,-0.32353980208233635,0.95,225.60811,312,344,"7/15/24, 12:00 AM",CUDDALORE,29,2024-12-31T00:00:00,5.42,4.649809,379,351,309,305,1.3255796,2024-01-01T00:00:00,30.641548387096783,Anguchettipalayam,"{""geodesic"":false,""type"":""Point"",""coordinates"":[79.5215189803482,11.764112382008225]}"
1092_0,0.5,0.11107368,0.62,0.31,9.86,0.1366421,135,4.36,195,0.29240525,0.36,62.5,0.15476316,4.1,0.3048158,0.24451579,-0.32353980208233635,0.72,225.60811,312,344,"7/15/24, 12:00 AM",CUDDALORE,29,2024-12-31T00:00:00,5.64,4.649809,379,351,309,305,1.3255796,2024-01-01T00:00:00,30.641548387096783,Anguchettipalayam,"{""geodesic"":false,""type"":""Point"",""coordinates"":[79.5215189803482,11.764112382008225]}"
1093_0,0.5,0.08077222,0.7,0.28,9.28,0.10208333,183,4.41,131,0.25739443,0.33,66,0.105288886,8.2,0.22782777,0.17172222,-2.115295233408354,0.72,225.60802,329,357,"7/12/24, 12:00 AM",CUDDALORE,29,2024-12-31T00:00:00,5.82,4.649809,338,316,333,327,3.971072,2024-01-01T00:00:00,30.617333333333328,Anguchettipalayam,"{""geodesic"":false,""type"":""Point"",""coordinates"":[79.5492769226275,11.763303898252516]}"
1094_0,0.5,0.17688572,0.6,0.32,9.32,0.18670475,212,4.65,145,0.29895714,0.3,68,0.18505715,8.2,0.31259048,0.25494763,-1.016769615589088,0.63,134.39032,340,365,"7/12/24, 12:00 AM",CUDDALORE,32,2024-12-31T00:00:00,5.28,4.649809,354,333,306,302,2.6498156,2024-01-01T00:00:00,30.736620689655176,Anguchettipalayam,"{""geodesic"":false,""type"":""Point"",""coordinates"":[79.54092259048518,11.779204078781433]}"
1095_0,0.5,0.17688572,0.63,0.28,9.71,0.18670475,183,4.63,131,0.29895714,0.27,57,0.18505715,8.2,0.31259048,0.25494763,-1.016769615589088,0.66,134.39032,340,365,"7/12/24, 12:00 AM",CUDDALORE,32,2024-12-31T00:00:00,5.81,4.649809,354,333,306,302,2.6498156,2024-01-01T00:00:00,30.736620689655176,Anguchettipalayam,"{""geodesic"":false,""type"":""Point"",""coordinates"":[79.54092259048518,11.779204078781433]}"
1096_0,0.5,0.17688572,0.7,0.32,9.71,0.18670475,192,4.36,138,0.29895714,0.33,60,0.18505715,4.1,0.31259048,0.25494763,-1.016769615589088,0.73,134.39032,340,365,"7/12/24, 12:00 AM",CUDDALORE,32,2024-12-31T00:00:00,5.62,4.649809,354,333,306,302,2.6498156,2024-01-01T00:00:00,30.736620689655176,Anguchettipalayam,"{""geodesic"":false,""type"":""Point"",""coordinates"":[79.54092259048518,11.779204078781433]}"
1097_0,0.5,0.17688572,0.59,0.3,9.56,0.18670475,192,4.71,145,0.29895714,0.36,57.5,0.18505715,4.1,0.31259048,0.25494763,-1.016769615589088,0.61,134.39032,340,365,"7/2/24, 12:00 AM",CUDDALORE,32,2024-12-31T00:00:00,5.36,4.649809,354,333,306,302,2.6498156,2024-01-01T00:00:00,30.736620689655176,Anguchettipalayam,"{""geodesic"":false,""type"":""Point"",""coordinates"":[79.54092259048518,11.779204078781433]}"
1098_0,0.5,0.14044091,0.76,0.32,10.32,0.15391818,221,5.12,138,0.2497,0.33,68.7,0.16931364,4.1,0.31785908,0.26332727,-1.0167643874905454,0.86,225.60962,335,363,"7/2/24, 12:00 AM",CUDDALORE,35,2024-12-31T00:00:00,5.42,4.649809,360,337,305,300,1.3256153,2024-01-01T00:00:00,30.736620689655176,Anguchettipalayam,"{""geodesic"":false,""type"":""Point"",""coordinates"":[79.53957511755901,11.77866508961096]}"
1099_0,0.5,0.15341905,0.69,0.31,9.78,0.18222857,173,4.98,124,0.33996665,0.3,62.5,0.20615715,4.1,0.38407618,0.30571905,-0.6594309649301398,0.75,180.0,306,331,"7/2/24, 12:00 AM",CUDDALORE,32,2024-12-31T00:00:00,5.42,4.649809,382,360,312,309,0.92740995,2024-01-01T00:00:00,30.727677419354833,Anguchettipalayam,"{""geodesic"":false,""type"":""Point"",""coordinates"":[79.51585959405826,11.776509132929075]}"
1100_0,0.5,0.14410476,0.59,0.32,9.98,0.16329047,212,4.46,142,0.31258094,0.3,55,0.17168571,4.1,0.32660475,0.26550952,-0.7753240089007303,0.64,332.94446,303,334,"7/2/24, 12:00 AM",CUDDALORE,32,2024-12-31T00:00:00,5.42,4.649809,381,355,317,311,4.158532,2024-01-01T00:00:00,30.608645161290315,Anguchettipalayam,"{""geodesic"":false,""type"":""Point"",""coordinates"":[79.51181717527972,11.774622670832423]}"
1102_0,0.5,0.18047619,0.55,0.26,10.21,0.20543334,117,4.08,149,0.3765381,0.21,15,0.21869047,4.1,0.364,0.27041906,2.8090692517568585,0.55,63.921227,298,316,"6/25/24, 12:00 AM",CUDDALORE,42,2024-12-31T00:00:00,7.68,4.498694,407,387,294,297,2.1088681,2024-01-01T00:00:00,30.554374999999997,Sirugramam,"{""geodesic"":false,""type"":""Point"",""coordinates"":[79.46034370949967,11.79887718350365]}"
1103_0,0.5,0.18921429,0.66,0.26,10.11,0.21559048,78,4.48,166,0.39918572,0.3,8.5,0.23649047,4.1,0.36778095,0.2649619,3.273578936902338,0.51,225.61176,298,316,"6/25/24, 12:00 AM",CUDDALORE,42,2024-12-31T00:00:00,7.6,4.498694,407,387,294,297,1.325666,2024-01-01T00:00:00,30.554374999999997,Sirugramam,"{""geodesic"":false,""type"":""Point"",""coordinates"":[79.46007421491443,11.799146678088887]}"
1104_0,0.5,0.18921429,0.63,0.21,10.2,0.21559048,144,4.43,163,0.39918572,0.21,20,0.23649047,0.21,0.36778095,0.2649619,3.273578936902338,0.51,225.61176,298,316,"6/25/24, 12:00 AM",CUDDALORE,42,2024-12-31T00:00:00,7.47,4.498694,407,387,294,297,1.325666,2024-01-01T00:00:00,30.554374999999997,Sirugramam,"{""geodesic"":false,""type"":""Point"",""coordinates"":[79.46007421491443,11.799146678088887]}"
1105_0,0.5,0.18921429,0.44,0.32,10.15,0.21559048,94,4.04,149,0.39918572,0.33,22.5,0.23649047,4.1,0.36778095,0.2649619,3.273578936902338,0.65,225.61176,298,316,"6/25/24, 12:00 AM",CUDDALORE,42,2024-12-31T00:00:00,7.24,4.498694,407,387,294,297,1.325666,2024-01-01T00:00:00,30.554374999999997,Sirugramam,"{""geodesic"":false,""type"":""Point"",""coordinates"":[79.46007421491443,11.799146678088887]}"
1106_0,0.5,0.19735238,0.51,0.25,9.38,0.22199048,154,4.2,176,0.4017857,0.27,15,0.24598095,4.1,0.37422857,0.2739857,2.510976225509532,0.66,270.0,298,316,"6/25/24, 12:00 AM",CUDDALORE,41,2024-12-31T00:00:00,7.43,4.498694,407,387,294,297,2.840206,2024-01-01T00:00:00,30.554374999999997,Sirugramam,"{""geodesic"":false,""type"":""Point"",""coordinates"":[79.45980472032919,11.799146678088887]}"
1107_0,0.5,0.09531,0.71,0.14,9.25,0.117095,63,4.31,138,0.34323,0.42,34,0.105845,8.3,0.241825,0.1479,-1.016071863897978,0.81,45.596283,298,325,"6/21/24, 12:00 AM",CUDDALORE,102,2024-12-31T00:00:00,5.21,4.2817693,368,345,334,330,1.3253005,2024-01-01T00:00:00,30.490647058823523,Kattugudalur,"{""geodesic"":false,""type"":""Point"",""coordinates"":[79.45522331238018,11.650116172453457]}"
1108_0,0.5,0.08209,0.71,0.1,9.41,0.10467,55,4.21,142,0.35691,0.33,31,0.090795,4.1,0.237945,0.148765,-1.016072313802729,0.65,45.596313,298,325,"6/21/24, 12:00 AM",CUDDALORE,101,2024-12-31T00:00:00,5.52,4.2817693,368,345,334,330,1.325301,2024-01-01T00:00:00,30.490647058823523,Kattugudalur,"{""geodesic"":false,""type"":""Point"",""coordinates"":[79.45549280696542,11.650385667038693]}"
1109_0,0.5,0.09531,0.59,0.1,10.65,0.117095,202,3.79,131,0.34323,0.21,31,0.105845,4.1,0.241825,0.1479,-1.016071863897978,0.71,45.596283,298,325,"7/8/24, 12:00 AM",CUDDALORE,102,2024-12-31T00:00:00,5.57,4.2817693,368,345,334,330,1.3253005,2024-01-01T00:00:00,30.490647058823523,Kattugudalur,"{""geodesic"":false,""type"":""Point"",""coordinates"":[79.45522331238018,11.650116172453457]}"
1110_0,0.5,0.13855264,0.88,0.23,10.31,0.16564737,135,3.71,121,0.34943685,0.42,34,0.17081842,4.1,0.3636737,0.26970264,1.6916319917068308,1.02,225.60312,321,348,"6/14/24, 12:00 AM",CUDDALORE,50,2024-12-31T00:00:00,7.65,4.5596237,406,377,273,275,2.6495063,2024-01-01T00:00:00,30.455249999999996,Kilmambattu,"{""geodesic"":false,""type"":""Point"",""coordinates"":[79.58970111041288,11.716142345836243]}"
1111_0,0.5,0.10431905,0.55,0.25,10.5,0.13251428,183,4.72,159,0.3449143,0.39,50,0.13575238,4.1,0.29395238,0.20734762,-0.6797682516836793,0.58,90.0,303,330,"7/8/24, 12:00 AM",CUDDALORE,85,2024-12-31T00:00:00,7.09,4.3667583,368,344,329,326,0.9468993,2024-01-01T00:00:00,30.497999999999998,Sorathur,"{""geodesic"":false,""type"":""Point"",""coordinates"":[79.50777475650118,11.645804259089683]}"
1112_0,0.5,0.10431905,0.91,0.23,11.21,0.13251428,144,4.28,156,0.3449143,0.33,46,0.13575238,4.1,0.29395238,0.20734762,-0.6797682516836793,0.85,90.0,303,330,"6/21/24, 12:00 AM",CUDDALORE,85,2024-12-31T00:00:00,7.91,4.3667583,368,344,329,326,0.9468993,2024-01-01T00:00:00,30.497999999999998,Sorathur,"{""geodesic"":false,""type"":""Point"",""coordinates"":[79.50777475650118,11.645804259089683]}"
1113_0,0.5,0.090180956,1.31,0.23,10.31,0.11522381,173,5.25,143,0.3202857,0.33,34,0.11925238,4.1,0.2723524,0.18667619,0.03417994903486562,0.75,-0.0,303,330,"6/21/24, 12:00 AM",CUDDALORE,85,2024-12-31T00:00:00,7.82,4.3667583,368,344,329,326,1.8543341,2024-01-01T00:00:00,30.497999999999998,Sorathur,"{""geodesic"":false,""type"":""Point"",""coordinates"":[79.5080442510864,11.645534764504447]}"
1114_0,0.5,0.090180956,0.76,0.24,9.21,0.11522381,173,5.36,149,0.3202857,0.3,53,0.11925238,4.1,0.2723524,0.18667619,0.03417994903486562,0.87,-0.0,303,330,"6/21/24, 12:00 AM",CUDDALORE,85,2024-12-31T00:00:00,7.86,4.3667583,368,344,329,326,1.8543341,2024-01-01T00:00:00,30.497999999999998,Sorathur,"{""geodesic"":false,""type"":""Point"",""coordinates"":[79.5080442510864,11.645534764504447]}"
1115_0,0.5,0.07787272,0.65,0.21,9.36,0.10588636,125,5.25,145,0.3341409,0.3,38,0.101731814,8.3,0.25805455,0.16199091,-0.09410105745247821,0.95,63.908684,303,330,"6/21/24, 12:00 AM",CUDDALORE,85,2024-12-31T00:00:00,7.85,4.3667583,368,344,329,326,2.1079261,2024-01-01T00:00:00,30.497999999999998,Sorathur,"{""geodesic"":false,""type"":""Point"",""coordinates"":[79.50831374567164,11.645804259089683]}"
1116_0,0.5,0.0766,0.56,0.18,7.51,0.104863636,144,3.64,145,0.32730454,0.3,50,0.10483182,4.1,0.2460091,0.15630455,-0.5696397862468314,0.61,56.857765,303,330,"6/25/24, 12:00 AM",CUDDALORE,83,2024-12-31T00:00:00,8,4.3667583,368,344,329,326,3.388975,2024-01-01T00:00:00,30.497999999999998,Sorathur,"{""geodesic"":false,""type"":""Point"",""coordinates"":[79.50858324025688,11.645804259089683]}"
1117_0,0.5,0.07787272,0.68,0.17,8.14,0.10588636,135,4.01,135,0.3341409,0.3,41.6,0.101731814,4.1,0.25805455,0.16199091,-0.09410105745247821,0.75,63.908684,303,330,"6/25/24, 12:00 AM",CUDDALORE,85,2024-12-31T00:00:00,8.05,4.3667583,368,344,329,326,2.1079261,2024-01-01T00:00:00,30.497999999999998,Sorathur,"{""geodesic"":false,""type"":""Point"",""coordinates"":[79.50831374567164,11.645804259089683]}"
1118_0,0.5,0.084972724,0.71,0.27,7.36,0.11335909,154,3.75,152,0.31302273,0.3,41.6,0.1285,8.3,0.27012727,0.18403181,-0.4260848254464054,0.75,18.795452,303,330,"6/25/24, 12:00 AM",CUDDALORE,84,2024-12-31T00:00:00,7.89,4.3667583,368,344,329,326,2.9366324,2024-01-01T00:00:00,30.497999999999998,Sorathur,"{""geodesic"":false,""type"":""Point"",""coordinates"":[79.50858324025688,11.645534764504447]}"
1119_0,0.5,0.08669048,0.55,0.21,7.86,0.112485714,144,4.12,163,0.32289523,0.36,37,0.11214762,4.1,0.25616667,0.1686619,-1.4679125906843966,0.59,27.044687,303,330,"7/8/24, 12:00 AM",CUDDALORE,86,2024-12-31T00:00:00,7.71,4.3667583,368,344,329,326,2.0818067,2024-01-01T00:00:00,30.497999999999998,Sorathur,"{""geodesic"":false,""type"":""Point"",""coordinates"":[79.50858324025688,11.645265269919213]}"
1120_0,0.5,0.06087027,0.55,0.18,10.32,0.08376757,135,4.21,138,0.3337892,0.27,55,0.07674054,4.1,0.2271919,0.13671622,1.9279166343056167,0.6,45.605137,327,353,"7/8/24, 12:00 AM",CUDDALORE,46,2024-12-31T00:00:00,7.63,4.206149,395,368,278,279,1.3255094,2024-01-01T00:00:00,30.5075,Semmedu,"{""geodesic"":false,""type"":""Point"",""coordinates"":[79.49807295143269,11.735545955973224]}"
1121_0,0.5,0.09332051,0.5,0.19,11.06,0.11842051,202,4.81,156,0.31868717,0.33,55,0.12709744,8.3,0.2790487,0.19148718,-0.7751531097117336,0.65,332.94775,336,365,"6/27/24, 12:00 AM",CUDDALORE,46,2024-12-31T00:00:00,7.44,4.206149,388,360,276,275,2.0819468,2024-01-01T00:00:00,30.5075,Semmedu,"{""geodesic"":false,""type"":""Point"",""coordinates"":[79.49726446767697,11.735545955973224]}"
1122_0,0.5,0.099938095,0.83,0.18,9.26,0.13561904,163,6.27,90,0.3014619,0.33,60,0.1659,4.1,0.33537617,0.26741427,-1.9486626812091448,0.66,145.74274,320,353,"7/10/24, 12:00 AM",CUDDALORE,40,2024-12-31T00:00:00,7.68,4.545803,377,348,303,299,3.3626323,2024-01-01T00:00:00,30.5674,Manamthavizhnthaputhur,"{""geodesic"":false,""type"":""Point"",""coordinates"":[79.50238486479645,11.800763645600302]}"
1123_0,0.5,0.099938095,0.66,0.25,7.25,0.13561904,154,9.63,104,0.3014619,0.39,52,0.1659,8.3,0.33537617,0.26741427,-1.9486626812091448,0.63,145.74274,320,353,"7/10/24, 12:00 AM",CUDDALORE,40,2024-12-31T00:00:00,7.71,4.545803,377,348,303,299,3.3626323,2024-01-01T00:00:00,30.5674,Manamthavizhnthaputhur,"{""geodesic"":false,""type"":""Point"",""coordinates"":[79.50238486479645,11.800763645600302]}"
1124_0,0.5,0.099938095,0.68,0.2,8.17,0.13561904,144,3.42,73,0.3014619,0.33,37,0.1659,4.1,0.33537617,0.26741427,-1.9486626812091448,0.77,145.74274,320,353,"7/9/24, 12:00 AM",CUDDALORE,40,2024-12-31T00:00:00,7.88,4.545803,377,348,303,299,3.3626323,2024-01-01T00:00:00,30.5674,Manamthavizhnthaputhur,"{""geodesic"":false,""type"":""Point"",""coordinates"":[79.50238486479645,11.800763645600302]}"
1125_0,0.5,0.11462381,0.49,0.26,9.15,0.13609047,163,4.35,83,0.26801905,0.3,25,0.16214286,4.1,0.35604286,0.2864762,0.9499183833850576,0.52,180.0,318,349,"7/9/24, 12:00 AM",CUDDALORE,38,2024-12-31T00:00:00,8.01,4.498694,383,356,299,295,1.8543341,2024-01-01T00:00:00,30.535499999999995,Manamthavizhnthaputhur,"{""geodesic"":false,""type"":""Point"",""coordinates"":[79.49995941352934,11.799416172674121]}"
1126_0,0.5,0.11780953,0.59,0.33,8.15,0.14878096,154,4.02,80,0.3004857,0.27,17.5,0.18171428,4.1,0.37852857,0.3149619,-0.6595139367163847,0.68,180.0,318,349,"7/9/24, 12:00 AM",CUDDALORE,33,2024-12-31T00:00:00,8.02,4.649809,383,356,299,295,3.7047918,2024-01-01T00:00:00,30.535499999999995,Manamthavizhnthaputhur,"{""geodesic"":false,""type"":""Point"",""coordinates"":[79.5004984026998,11.79887718350365]}"
1127_0,0.5,0.07719047,0.45,0.2,8.16,0.10819048,212,8.06,73,0.31397143,0.33,20,0.12196191,4.1,0.31957144,0.23982382,-0.7882483002477193,0.56,243.92134,320,353,"7/9/24, 12:00 AM",CUDDALORE,36,2024-12-31T00:00:00,7.84,4.545803,377,348,303,299,2.1088767,2024-01-01T00:00:00,30.5674,Manamthavizhnthaputhur,"{""geodesic"":false,""type"":""Point"",""coordinates"":[79.50211537021121,11.80022465642983]}"
1128_0,0.5,0.11780953,0.54,0.18,8.24,0.14878096,193,8.1,62,0.3004857,0.3,17.5,0.18171428,4.1,0.37852857,0.3149619,-0.6595139367163847,0.51,180.0,318,349,"7/12/24, 12:00 AM",CUDDALORE,33,2024-12-31T00:00:00,8.01,4.649809,383,356,299,295,3.7047918,2024-01-01T00:00:00,30.535499999999995,Manamthavizhnthaputhur,"{""geodesic"":false,""type"":""Point"",""coordinates"":[79.5004984026998,11.79887718350365]}"
1129_0,0.5,0.09973334,0.49,0.14,8.16,0.1300857,163,8.02,73,0.30161905,0.33,2.5,0.14797619,4.1,0.3410381,0.2694857,-0.32373186761334355,0.64,225.61172,318,349,"7/9/24, 12:00 AM",CUDDALORE,34,2024-12-31T00:00:00,8.06,4.649809,383,356,299,295,2.6499126,2024-01-01T00:00:00,30.535499999999995,Manamthavizhnthaputhur,"{""geodesic"":false,""type"":""Point"",""coordinates"":[79.50076789728504,11.79887718350365]}"
1130_0,0.5,0.15161765,0.85,0.1,11.59,0.16794117,144,5.88,131,0.24719413,0.39,34,0.1845,4.1,0.28806472,0.24791177,-0.7312299974424388,0.92,288.073,340,361,"7/16/24, 12:00 AM",CUDDALORE,25,2024-12-31T00:00:00,6.52,4.665223,337,324,323,315,2.986995,2024-01-01T00:00:00,30.57154838709677,Melkangeyankuppam,"{""geodesic"":false,""type"":""Point"",""coordinates"":[79.56302114647453,11.766537833275347]}"
1131_0,0.5,0.15161765,0.7,0.1,13.72,0.16794117,173,4.36,111,0.24719413,0.27,37.5,0.1845,4.1,0.28806472,0.24791177,-0.7312299974424388,0.71,288.073,340,361,"7/18/24, 12:00 AM",CUDDALORE,25,2024-12-31T00:00:00,6.91,4.665223,337,324,323,315,2.986995,2024-01-01T00:00:00,30.57154838709677,Melkangeyankuppam,"{""geodesic"":false,""type"":""Point"",""coordinates"":[79.56302114647453,11.766537833275347]}"
1132_0,0.5,0.15161765,0.72,0.09,13.14,0.16794117,109,4.98,111,0.24719413,0.33,45.8,0.1845,4.1,0.28806472,0.24791177,-0.7312299974424388,0.6,288.073,340,361,"7/18/24, 12:00 AM",CUDDALORE,25,2024-12-31T00:00:00,6.58,4.665223,337,324,323,315,2.986995,2024-01-01T00:00:00,30.57154838709677,Melkangeyankuppam,"{""geodesic"":false,""type"":""Point"",""coordinates"":[79.56302114647453,11.766537833275347]}"
1133_0,0.5,0.15161765,0.79,0.09,12.24,0.16794117,117,6.42,118,0.24719413,0.36,64,0.1845,8.3,0.28806472,0.24791177,-0.7312299974424388,0.64,288.073,340,361,"7/18/24, 12:00 AM",CUDDALORE,25,2024-12-31T00:00:00,6.72,4.665223,337,324,323,315,2.986995,2024-01-01T00:00:00,30.57154838709677,Melkangeyankuppam,"{""geodesic"":false,""type"":""Point"",""coordinates"":[79.56302114647453,11.766537833275347]}"
1134_0,0.5,0.15161765,0.9,0.08,14.36,0.16794117,117,6.63,104,0.24719413,0.24,37.5,0.1845,4.1,0.28806472,0.24791177,-0.7312299974424388,0.82,288.073,340,361,"7/18/24, 12:00 AM",CUDDALORE,25,2024-12-31T00:00:00,6.52,4.665223,337,324,323,315,2.986995,2024-01-01T00:00:00,30.57154838709677,Melkangeyankuppam,"{""geodesic"":false,""type"":""Point"",""coordinates"":[79.56302114647453,11.766537833275347]}"
1135_0,0.5,0.15161765,0.78,0.09,12.64,0.16794117,117,6.81,138,0.24719413,0.33,46,0.1845,8.3,0.28806472,0.24791177,-0.7312299974424388,0.85,288.073,340,361,"7/18/24, 12:00 AM",CUDDALORE,25,2024-12-31T00:00:00,6.65,4.665223,337,324,323,315,2.986995,2024-01-01T00:00:00,30.57154838709677,Melkangeyankuppam,"{""geodesic"":false,""type"":""Point"",""coordinates"":[79.56302114647453,11.766537833275347]}"
1136_0,0.5,0.15161765,0.64,0.14,12.68,0.16794117,125,6.24,124,0.24719413,0.24,34,0.1845,4.1,0.28806472,0.24791177,-0.7312299974424388,0.78,288.073,340,361,"7/18/24, 12:00 AM",CUDDALORE,25,2024-12-31T00:00:00,6.79,4.665223,337,324,323,315,2.986995,2024-01-01T00:00:00,30.57154838709677,Melkangeyankuppam,"{""geodesic"":false,""type"":""Point"",""coordinates"":[79.56302114647453,11.766537833275347]}"
1137_0,0.5,0.15161765,0.68,0.09,13.67,0.16794117,109,6.14,131,0.24719413,0.3,41.6,0.1845,8.3,0.28806472,0.24791177,-0.7312299974424388,0.9,288.073,340,361,"7/18/24, 12:00 AM",CUDDALORE,25,2024-12-31T00:00:00,6.64,4.665223,337,324,323,315,2.986995,2024-01-01T00:00:00,30.57154838709677,Melkangeyankuppam,"{""geodesic"":false,""type"":""Point"",""coordinates"":[79.56302114647453,11.766537833275347]}"
1138_0,0.5,0.15161765,0.76,0.12,13.18,0.16794117,117,5.75,86,0.24719413,0.36,46,0.1845,4.1,0.28806472,0.24791177,-0.7312299974424388,0.62,288.073,340,361,"7/18/24, 12:00 AM",CUDDALORE,25,2024-12-31T00:00:00,6.41,4.665223,337,324,323,315,2.986995,2024-01-01T00:00:00,30.57154838709677,Melkangeyankuppam,"{""geodesic"":false,""type"":""Point"",""coordinates"":[79.56302114647453,11.766537833275347]}"
1139_0,0.5,0.15161765,0.79,0.1,14.32,0.16794117,125,6.32,111,0.24719413,0.27,34,0.1845,8.3,0.28806472,0.24791177,-0.7312299974424388,0.86,288.073,340,361,"7/12/24, 12:00 AM",CUDDALORE,25,2024-12-31T00:00:00,6.55,4.665223,337,324,323,315,2.986995,2024-01-01T00:00:00,30.57154838709677,Melkangeyankuppam,"{""geodesic"":false,""type"":""Point"",""coordinates"":[79.56302114647453,11.766537833275347]}"
1140_0,0.5,0.12941892,0.65,0.1,12.31,0.14272162,135,4.81,107,0.36070812,0.3,45.7,0.12854055,4.1,0.255,0.17241082,-1.3731193483113489,0.76,90.0,327,346,"7/12/24, 12:00 AM",CUDDALORE,95,2024-12-31T00:00:00,6.47,4.2817693,366,347,307,308,1.8934766,2024-01-01T00:00:00,30.494411764705887,Melkangeyankuppam,"{""geodesic"":false,""type"":""Point"",""coordinates"":[79.47705237378429,11.674370685124684]}"
1141_0,0.5,0.16780514,0.59,0.09,12.31,0.17841282,135,5.06,107,0.37704873,0.33,37.5,0.16619231,4.1,0.2758564,0.18352564,-0.32306282943110926,0.64,134.40102,321,339,"7/12/24, 12:00 AM",CUDDALORE,94,2024-12-31T00:00:00,6.48,4.2817693,372,353,307,308,1.325364,2024-01-01T00:00:00,30.523411764705884,Melkangeyankuppam,"{""geodesic"":false,""type"":""Point"",""coordinates"":[79.47732186836951,11.675987652636099]}"
1142_0,0.5,0.16825384,0.58,0.1,12.15,0.18283845,125,4.36,111,0.3868,0.24,37.5,0.17661282,8.3,0.31754872,0.23367693,-1.0162121229866057,0.65,134.40102,321,339,"7/12/24, 12:00 AM",CUDDALORE,95,2024-12-31T00:00:00,6.59,4.2817693,372,353,307,308,1.325364,2024-01-01T00:00:00,30.523411764705884,Melkangeyankuppam,"{""geodesic"":false,""type"":""Point"",""coordinates"":[79.47705237378429,11.675987652636099]}"
1143_0,0.5,0.1816,0.61,0.12,12.36,0.20528461,125,4.35,121,0.37695897,0.33,45.8,0.22200257,8.3,0.33274615,0.25860256,-1.0162116731032058,0.73,134.40105,321,339,"7/18/24, 12:00 AM",CUDDALORE,94,2024-12-31T00:00:00,6.61,4.2817693,372,353,307,308,1.3253634,2024-01-01T00:00:00,30.523411764705884,Melkangeyankuppam,"{""geodesic"":false,""type"":""Point"",""coordinates"":[79.47705237378429,11.675718158050863]}"
1144_0,0.5,0.14216316,0.93,0.34,10.25,0.16039474,269,4.41,159,0.3203263,0.3,57.5,0.16448422,8.3,0.31745788,0.2413,-0.6806649079053801,0.75,270.0,331,359,"7/3/24, 12:00 AM",CUDDALORE,27,2024-12-31T00:00:00,5.62,4.649809,357,336,312,306,1.8941371,2024-01-01T00:00:00,30.685612903225806,Alagappasamudram,"{""geodesic"":false,""type"":""Point"",""coordinates"":[79.54227006341137,11.77084974663912]}"
1145_0,0.5,0.078805,0.81,0.38,13.37,0.10535,192,6.78,124,0.264395,0.3,45.7,0.128005,8.3,0.28153,0.193965,-2.268835601252091,0.86,-0.0,355,382,"7/5/24, 12:00 AM",CUDDALORE,29,2024-12-31T00:00:00,5.57,4.649809,324,303,320,315,4.6273675,2024-01-01T00:00:00,30.685612903225806,Alagappasamudram,"{""geodesic"":false,""type"":""Point"",""coordinates"":[79.53876663380329,11.766807327860583]}"
1146_0,0.5,0.14216316,0.62,0.31,12.81,0.16039474,154,6.56,121,0.3203263,0.33,41.6,0.16448422,4.1,0.31745788,0.2413,-0.6806649079053801,0.7,270.0,331,359,"7/5/24, 12:00 AM",CUDDALORE,27,2024-12-31T00:00:00,5.72,4.649809,357,336,312,306,1.8941371,2024-01-01T00:00:00,30.685612903225806,Alagappasamudram,"{""geodesic"":false,""type"":""Point"",""coordinates"":[79.54227006341137,11.77084974663912]}"
1147_0,0.5,0.14216316,0.7,0.25,13.02,0.16039474,183,6.22,149,0.3203263,0.33,41.6,0.16448422,4.1,0.31745788,0.2413,-0.6806649079053801,0.82,270.0,331,359,"7/5/24, 12:00 AM",CUDDALORE,27,2024-12-31T00:00:00,5.65,4.649809,357,336,312,306,1.8941371,2024-01-01T00:00:00,30.685612903225806,Alagappasamudram,"{""geodesic"":false,""type"":""Point"",""coordinates"":[79.54227006341137,11.77084974663912]}"
1148_0,0.5,0.078805,0.81,0.35,11.39,0.10535,192,5.36,138,0.264395,0.3,52.5,0.128005,4.1,0.28153,0.193965,-2.268835601252091,0.98,-0.0,355,382,"7/5/24, 12:00 AM",CUDDALORE,29,2024-12-31T00:00:00,5.85,4.649809,324,303,320,315,4.6273675,2024-01-01T00:00:00,30.685612903225806,Alagappasamudram,"{""geodesic"":false,""type"":""Point"",""coordinates"":[79.53876663380329,11.766807327860583]}"
1149_0,0.5,0.078805,0.76,0.25,9.35,0.10535,163,5.65,149,0.264395,0.39,69,0.128005,4.1,0.28153,0.193965,-2.268835601252091,0.75,-0.0,355,382,"7/3/24, 12:00 AM",CUDDALORE,29,2024-12-31T00:00:00,5.78,4.649809,324,303,320,315,4.6273675,2024-01-01T00:00:00,30.685612903225806,Alagappasamudram,"{""geodesic"":false,""type"":""Point"",""coordinates"":[79.53876663380329,11.766807327860583]}"
1150_0,0.5,0.14216316,0,0.21,10.26,0.16039474,221,5.36,173,0.3203263,0.33,66,0.16448422,4.1,0.31745788,0.2413,-0.6806649079053801,0.95,270.0,331,359,"7/3/24, 12:00 AM",CUDDALORE,27,2024-12-31T00:00:00,5.73,4.649809,357,336,312,306,1.8941371,2024-01-01T00:00:00,30.685612903225806,Alagappasamudram,"{""geodesic"":false,""type"":""Point"",""coordinates"":[79.54227006341137,11.77084974663912]}"
1151_0,0.5,0.078805,0.75,0.2,10.26,0.10535,154,5.36,156,0.264395,0.36,65.6,0.128005,4.1,0.28153,0.193965,-2.268835601252091,0.92,-0.0,355,382,"7/3/24, 12:00 AM",CUDDALORE,29,2024-12-31T00:00:00,5.62,4.649809,324,303,320,315,4.6273675,2024-01-01T00:00:00,30.685612903225806,Alagappasamudram,"{""geodesic"":false,""type"":""Point"",""coordinates"":[79.53876663380329,11.766807327860583]}"
1152_0,0.5,0.14216316,0.63,0.25,10.2,0.16039474,163,4.21,156,0.3203263,0.42,72,0.16448422,4.1,0.31745788,0.2413,-0.6806649079053801,0.82,270.0,331,359,"7/3/24, 12:00 AM",CUDDALORE,27,2024-12-31T00:00:00,5.26,4.649809,357,336,312,306,1.8941371,2024-01-01T00:00:00,30.685612903225806,Alagappasamudram,"{""geodesic"":false,""type"":""Point"",""coordinates"":[79.54227006341137,11.77084974663912]}"
1153_0,0.5,0.078805,0.65,0.22,10.73,0.10535,163,4.28,169,0.264395,0.36,55,0.128005,4.1,0.28153,0.193965,-2.268835601252091,0.73,-0.0,355,382,"7/3/24, 12:00 AM",CUDDALORE,29,2024-12-31T00:00:00,5.71,4.649809,324,303,320,315,4.6273675,2024-01-01T00:00:00,30.685612903225806,Alagappasamudram,"{""geodesic"":false,""type"":""Point"",""coordinates"":[79.53876663380329,11.766807327860583]}"
1154_0,0.5,0.14216316,0.76,0.32,9.26,0.16039474,173,5.28,156,0.3203263,0.33,60,0.16448422,4.1,0.31745788,0.2413,-0.6806649079053801,1.06,270.0,331,359,"7/3/24, 12:00 AM",CUDDALORE,27,2024-12-31T00:00:00,5.35,4.649809,357,336,312,306,1.8941371,2024-01-01T00:00:00,30.685612903225806,Alagappasamudram,"{""geodesic"":false,""type"":""Point"",""coordinates"":[79.54227006341137,11.77084974663912]}"
1155_0,0.5,0.14216316,1.21,0.32,11.02,0.16039474,250,4.36,156,0.3203263,0.33,57.5,0.16448422,8.3,0.31745788,0.2413,-0.6806649079053801,0.91,270.0,331,359,"7/3/24, 12:00 AM",CUDDALORE,27,2024-12-31T00:00:00,5.48,4.649809,357,336,312,306,1.8941371,2024-01-01T00:00:00,30.685612903225806,Alagappasamudram,"{""geodesic"":false,""type"":""Point"",""coordinates"":[79.54227006341137,11.77084974663912]}"
1156_0,0.5,0.14216316,1.11,0.32,10.36,0.16039474,192,4.35,156,0.3203263,0.3,65.5,0.16448422,4.1,0.31745788,0.2413,-0.6806649079053801,0.92,270.0,331,359,"7/3/24, 12:00 AM",CUDDALORE,27,2024-12-31T00:00:00,5.65,4.649809,357,336,312,306,1.8941371,2024-01-01T00:00:00,30.685612903225806,Alagappasamudram,"{""geodesic"":false,""type"":""Point"",""coordinates"":[79.54227006341137,11.77084974663912]}"
1157_0,0.5,0.11960477,0.65,0.39,10.38,0.15088572,183,4.15,135,0.33323333,0.33,22.5,0.18418571,8.3,0.3555,0.25832856,-1.4684546329703032,0.62,152.94475,310,325,"7/18/24, 12:00 AM",CUDDALORE,42,2024-12-31T00:00:00,7.07,4.1939864,406,394,284,281,4.1585207,2024-01-01T00:00:00,30.671696969696967,Veerapperumanallur,"{""geodesic"":false,""type"":""Point"",""coordinates"":[79.44282656145933,11.771119241224357]}"
1158_0,0.5,0.124557145,0.68,0.32,10.96,0.15089047,212,5.81,124,0.3333,0.24,15,0.1598381,4.1,0.3231857,0.2193,0.12823167889328693,0.7,296.08112,324,353,"7/10/24, 12:00 AM",CUDDALORE,37,2024-12-31T00:00:00,7.31,4.498694,390,365,286,282,2.1086926,2024-01-01T00:00:00,30.550571428571434,Veerapperumanallur,"{""geodesic"":false,""type"":""Point"",""coordinates"":[79.45603179613589,11.770580252053886]}"
1159_0,0.5,0.096995234,0.72,0.27,14.31,0.114695236,192,5.86,138,0.36585715,0.24,12.5,0.099057145,8.3,0.21819048,0.13728096,-1.9566942485613683,0.75,236.86963,324,353,"7/24/24, 12:00 AM",CUDDALORE,42,2024-12-31T00:00:00,7.44,4.498694,390,365,286,282,3.3900468,2024-01-01T00:00:00,30.550571428571434,Veerapperumanallur,"{""geodesic"":false,""type"":""Point"",""coordinates"":[79.45657078530635,11.77084974663912]}"
1160_0,0.5,0.13127619,0.62,0.29,11.31,0.16085239,183,5.15,142,0.37029523,0.27,15,0.1807619,8.3,0.34570476,0.23755237,-1.8128731625767585,0.71,198.80344,324,353,"7/24/24, 12:00 AM",CUDDALORE,41,2024-12-31T00:00:00,7.29,4.498694,390,365,286,282,2.9367714,2024-01-01T00:00:00,30.550571428571434,Veerapperumanallur,"{""geodesic"":false,""type"":""Point"",""coordinates"":[79.45630129072113,11.771927724980065]}"
1161_0,0.5,0.112261906,0.65,0.27,9.96,0.13849048,183,5.02,131,0.30861428,0.27,15,0.16768095,4.1,0.35657144,0.26569524,-1.119717411333209,0.72,341.19672,310,325,"7/16/24, 12:00 AM",CUDDALORE,43,2024-12-31T00:00:00,7.28,4.1939864,406,394,284,281,2.9367688,2024-01-01T00:00:00,30.671696969696967,Veerapperumanallur,"{""geodesic"":false,""type"":""Point"",""coordinates"":[79.44147908853316,11.769502273712941]}"
1162_0,0.5,0.14097619,0.6,0.28,10.42,0.16822381,144,4.85,142,0.35676667,0.33,20,0.1951238,4.1,0.35827142,0.2587476,0.5430235166907579,0.65,103.75248,308,324,"7/16/24, 12:00 AM",CUDDALORE,41,2024-12-31T00:00:00,7.5,4.1939864,411,397,282,279,3.8954673,2024-01-01T00:00:00,30.671696969696967,Veerapperumanallur,"{""geodesic"":false,""type"":""Point"",""coordinates"":[79.44228757228886,11.769232779127705]}"
1163_0,0.5,0.15351905,0.56,0.35,10.72,0.18310952,183,4.09,104,0.36190477,0.36,22.5,0.21620476,4.1,0.37635237,0.2722,0.8261934528831589,0.65,161.19672,310,325,"7/10/24, 12:00 AM",CUDDALORE,41,2024-12-31T00:00:00,7.08,4.1939864,406,394,284,281,2.9367688,2024-01-01T00:00:00,30.671696969696967,Veerapperumanallur,"{""geodesic"":false,""type"":""Point"",""coordinates"":[79.4425570668741,11.769502273712941]}"
1164_0,0.5,0.15339048,0.71,0.31,10.13,0.18001428,221,4.11,138,0.35875237,0.36,22.5,0.20879048,4.1,0.35344762,0.25216666,-0.2751873011635492,0.65,270.0,310,325,"7/10/24, 12:00 AM",CUDDALORE,41,2024-12-31T00:00:00,7.26,4.1939864,408,394,283,281,1.8941257,2024-01-01T00:00:00,30.671696969696967,Veerapperumanallur,"{""geodesic"":false,""type"":""Point"",""coordinates"":[79.44309605604457,11.769232779127705]}"
1165_0,0.5,0.18879999,0.51,0.41,11.26,0.20856191,212,4.11,107,0.38295713,0.39,17.5,0.23458095,4.1,0.36849523,0.26695713,-1.7792699828055984,0.55,90.0,305,320,"7/10/24, 12:00 AM",CUDDALORE,43,2024-12-31T00:00:00,7.21,4.1939864,408,396,287,283,2.8399048,2024-01-01T00:00:00,30.671696969696967,Veerapperumanallur,"{""geodesic"":false,""type"":""Point"",""coordinates"":[79.44417403438551,11.770041262883414]}"
1166_0,0.5,0.17075238,0.6,0.31,10.25,0.17991428,163,4.09,107,0.31179047,0.36,20,0.17639524,4.1,0.28186667,0.21110477,3.4181162199092636,0.51,-0.0,305,320,"7/10/24, 12:00 AM",CUDDALORE,41,2024-12-31T00:00:00,7.24,4.1939864,408,396,287,283,0.92740995,2024-01-01T00:00:00,30.671696969696967,Veerapperumanallur,"{""geodesic"":false,""type"":""Point"",""coordinates"":[79.44471302355598,11.770041262883414]}"
1167_0,0.5,0.11302105,0.61,0.18,7.36,0.14665264,231,3.81,142,0.3312158,0.27,20,0.1698158,8.3,0.3275263,0.23967369,-1.373979380524839,0.72,270.0,311,327,"7/5/24, 12:00 AM",CUDDALORE,39,2024-12-31T00:00:00,7.99,4.498694,407,389,282,285,1.8942999,2024-01-01T00:00:00,30.54624242424242,Natham,"{""geodesic"":false,""type"":""Point"",""coordinates"":[79.4816337817333,11.794565270139877]}"
1168_0,0.5,0.11302105,0.59,0.22,7.81,0.14665264,183,4.02,131,0.3312158,0.24,22.5,0.1698158,4.1,0.3275263,0.23967369,-1.373979380524839,0.64,270.0,311,327,"7/5/24, 12:00 AM",CUDDALORE,39,2024-12-31T00:00:00,7.73,4.498694,407,389,282,285,1.8942999,2024-01-01T00:00:00,30.54624242424242,Natham,"{""geodesic"":false,""type"":""Point"",""coordinates"":[79.4816337817333,11.794565270139877]}"
1169_0,0.5,0.11478947,0.71,0.31,7.54,0.13558948,154,3.97,121,0.25333685,0.3,20,0.1406,8.3,0.25701052,0.19786842,-1.373956094031375,0.78,90.0,310,328,"7/5/24, 12:00 AM",CUDDALORE,39,2024-12-31T00:00:00,7.67,4.498694,411,391,279,281,1.894275,2024-01-01T00:00:00,30.50969696969697,Natham,"{""geodesic"":false,""type"":""Point"",""coordinates"":[79.47705237378429,11.790792345946574]}"
1170_0,0.5,0.11478947,0.5,0.2,6.98,0.13558948,212,3.46,138,0.25333685,0.36,15,0.1406,4.1,0.25701052,0.19786842,-1.373956094031375,0.61,90.0,310,328,"7/5/24, 12:00 AM",CUDDALORE,39,2024-12-31T00:00:00,7.68,4.498694,411,391,279,281,1.894275,2024-01-01T00:00:00,30.50969696969697,Natham,"{""geodesic"":false,""type"":""Point"",""coordinates"":[79.47705237378429,11.790792345946574]}"
1171_0,0.5,0.095310524,0.95,0.34,10.06,0.11940526,212,5.41,128,0.29413158,0.39,20,0.13151053,8.3,0.27015263,0.18905263,-1.352630395026436,0.85,-0.0,314,337,"7/12/24, 12:00 AM",CUDDALORE,39,2024-12-31T00:00:00,7.66,4.498694,407,382,280,281,1.8543341,2024-01-01T00:00:00,30.55163636363636,Natham,"{""geodesic"":false,""type"":""Point"",""coordinates"":[79.47678287919905,11.79106184053181]}"
1172_0,0.5,0.08381579,0.82,0.21,11.06,0.109342106,202,5.11,128,0.24018948,0.36,28,0.110026315,4.1,0.24889474,0.19082631,0.14089468095444624,0.65,207.05704,316,332,"7/12/24, 12:00 AM",CUDDALORE,39,2024-12-31T00:00:00,7.61,4.498694,403,382,281,286,2.0820353,2024-01-01T00:00:00,30.597312500000005,Natham,"{""geodesic"":false,""type"":""Point"",""coordinates"":[79.47624389002858,11.792139818872753]}"
1173_0,0.5,0.07992222,0.62,0.23,6.75,0.1079,144,3.52,145,0.30360556,0.3,17.5,0.10390556,4.1,0.25725,0.17825556,-1.4685406868796336,0.72,207.05692,310,336,"7/5/24, 12:00 AM",CUDDALORE,42,2024-12-31T00:00:00,8.04,4.498694,412,385,279,279,2.0820332,2024-01-01T00:00:00,30.55163636363636,Natham,"{""geodesic"":false,""type"":""Point"",""coordinates"":[79.47435742793192,11.790792345946574]}"
1174_0,0.5,0.07024737,0.6,0.16,6.13,0.09882105,192,3.24,121,0.25315264,0.33,12.5,0.102863155,4.1,0.23277895,0.16137895,4.961054974475062,0.65,270.0,310,336,"7/16/24, 12:00 AM",CUDDALORE,37,2024-12-31T00:00:00,8.05,4.498694,412,385,279,279,1.8942808,2024-01-01T00:00:00,30.55163636363636,Natham,"{""geodesic"":false,""type"":""Point"",""coordinates"":[79.47327944959099,11.791600829702283]}"
1175_0,0.5,0.073694736,0.59,0.3,7.36,0.09629474,192,3.41,142,0.27556843,0.36,12.5,0.106294736,4.1,0.2505737,0.18273684,-1.4813357280662283,0.64,116.079414,310,336,"7/5/24, 12:00 AM",CUDDALORE,36,2024-12-31T00:00:00,7.81,4.498694,412,385,279,279,2.10882,2024-01-01T00:00:00,30.55163636363636,Natham,"{""geodesic"":false,""type"":""Point"",""coordinates"":[79.47274046042051,11.79106184053181]}"
1176_0,0.5,0.057875,0.98,0.26,10.16,0.08092,192,4.65,124,0.277275,0.3,50,0.081385,8.2,0.22248,0.157995,-1.709980564812402,1.01,45.61089,304,330,"7/12/24, 12:00 AM",CUDDALORE,45,2024-12-31T00:00:00,7.69,4.498694,403,377,293,293,2.649873,2024-01-01T00:00:00,30.55163636363636,Natham,"{""geodesic"":false,""type"":""Point"",""coordinates"":[79.47166248207957,11.790792345946574]}"
1177_0,0.5,0.15285239,0.6,0.32,10.81,0.17650953,212,4.62,124,0.33339524,0.39,28,0.1885,4.1,0.3247,0.2434619,-1.4685531034794994,0.65,207.05717,302,320,"7/12/24, 12:00 AM",CUDDALORE,38,2024-12-31T00:00:00,7.98,4.498694,410,390,288,290,2.082038,2024-01-01T00:00:00,30.54624242424242,Natham,"{""geodesic"":false,""type"":""Point"",""coordinates"":[79.4854067059266,11.794026280969405]}"
1178_0,0.5,0.15285239,0.85,0.35,10.28,0.17650953,269,4.82,97,0.33339524,0.27,57,0.1885,4.1,0.3247,0.2434619,-1.4685531034794994,0.98,207.05717,302,320,"7/12/24, 12:00 AM",CUDDALORE,38,2024-12-31T00:00:00,7.65,4.498694,410,390,288,290,2.082038,2024-01-01T00:00:00,30.54624242424242,Natham,"{""geodesic"":false,""type"":""Point"",""coordinates"":[79.4854067059266,11.794026280969405]}"
1179_0,0.5,0.079890475,0.98,0.3,10.28,0.112161905,250,4.68,111,0.33824286,0.39,50,0.11629048,4.1,0.30482382,0.21440476,2.1247583533108405,1.02,-0.0,297,316,"7/12/24, 12:00 AM",CUDDALORE,41,2024-12-31T00:00:00,7.81,4.498694,413,390,291,294,0.0,2024-01-01T00:00:00,30.613806451612913,Natham,"{""geodesic"":false,""type"":""Point"",""coordinates"":[79.46762006330103,11.794834764725111]}"
1180_0,0.5,0.10773809,0.52,0.32,10.46,0.14294286,183,4.89,121,0.32485238,0.27,28,0.1538857,4.1,0.33174285,0.24954286,-0.6594954526895098,0.59,180.0,297,316,"7/12/24, 12:00 AM",CUDDALORE,39,2024-12-31T00:00:00,7.76,4.498694,413,390,291,294,1.8543341,2024-01-01T00:00:00,30.613806451612913,Natham,"{""geodesic"":false,""type"":""Point"",""coordinates"":[79.46869804164197,11.793756786384169]}"
1181_0,0.5,0.14942999,0.49,0.23,8.94,0.17293,173,4.2,104,0.352355,0.33,17.5,0.16476,4.1,0.296275,0.211535,-2.1744911977922947,0.6,296.0793,304,330,"7/8/24, 12:00 AM",CUDDALORE,39,2024-12-31T00:00:00,7.67,4.498694,412,384,285,285,4.211959,2024-01-01T00:00:00,30.613806451612913,Natham,"{""geodesic"":false,""type"":""Point"",""coordinates"":[79.46465562286343,11.79240931345799]}"
1182_0,0.5,0.07913,0.68,0.31,9.41,0.10834,183,5.38,142,0.339555,0.3,57.5,0.10586,8.3,0.2912,0.19831,-1.8298522209416674,0.75,251.9271,340,371,"7/1/24, 12:00 AM",CUDDALORE,28,2024-12-31T00:00:00,5.47,4.649809,339,316,321,312,2.9870086,2024-01-01T00:00:00,30.69386666666667,Anguchettipalayam,"{""geodesic"":false,""type"":""Point"",""coordinates"":[79.53095129083145,11.768154800786762]}"
1183_0,0.5,0.11107368,0.65,0.31,11.21,0.1366421,173,4.76,142,0.29240525,0.3,69,0.15476316,4.1,0.3048158,0.24451579,-0.32353980208233635,0.86,225.60811,312,344,"7/15/24, 12:00 AM",CUDDALORE,29,2024-12-31T00:00:00,5.71,4.649809,379,351,309,305,1.3255796,2024-01-01T00:00:00,30.641548387096783,Anguchettipalayam,"{""geodesic"":false,""type"":""Point"",""coordinates"":[79.5215189803482,11.764112382008225]}"
1184_0,0.5,0.11107368,0.76,0.33,11.31,0.1366421,163,5.24,124,0.29240525,0.36,45.7,0.15476316,8.3,0.3048158,0.24451579,-0.32353980208233635,0.86,225.60811,312,344,"7/15/24, 12:00 AM",CUDDALORE,29,2024-12-31T00:00:00,5.8,4.649809,379,351,309,305,1.3255796,2024-01-01T00:00:00,30.641548387096783,Anguchettipalayam,"{""geodesic"":false,""type"":""Point"",""coordinates"":[79.5215189803482,11.764112382008225]}"
1185_0,0.5,0.11107368,0.72,0.32,9.86,0.1366421,154,4.72,131,0.29240525,0.3,45.7,0.15476316,8.3,0.3048158,0.24451579,-0.32353980208233635,0.81,225.60811,312,344,"7/15/24, 12:00 AM",CUDDALORE,29,2024-12-31T00:00:00,5.43,4.649809,379,351,309,305,1.3255796,2024-01-01T00:00:00,30.641548387096783,Anguchettipalayam,"{""geodesic"":false,""type"":""Point"",""coordinates"":[79.5215189803482,11.764112382008225]}"
1186_0,0.5,0.17688572,0.71,0.32,9.86,0.18670475,202,4.65,131,0.29895714,0.42,62.5,0.18505715,4.1,0.31259048,0.25494763,-1.016769615589088,0.82,134.39032,340,365,"7/2/24, 12:00 AM",CUDDALORE,32,2024-12-31T00:00:00,5.21,4.649809,354,333,306,302,2.6498156,2024-01-01T00:00:00,30.736620689655176,Anguchettipalayam,"{""geodesic"":false,""type"":""Point"",""coordinates"":[79.54092259048518,11.779204078781433]}"
1187_0,0.5,0.14410476,0.71,0.35,10.73,0.16329047,202,5.36,131,0.31258094,0.33,60,0.17168571,4.1,0.32660475,0.26550952,-0.7753240089007303,0.75,332.94446,303,334,"7/2/24, 12:00 AM",CUDDALORE,32,2024-12-31T00:00:00,5.37,4.649809,381,355,317,311,4.158532,2024-01-01T00:00:00,30.608645161290315,Anguchettipalayam,"{""geodesic"":false,""type"":""Point"",""coordinates"":[79.51181717527972,11.774622670832423]}"
1189_0,0.5,0.046609093,0.7,0.25,9.71,0.063863635,163,4.81,124,0.30284092,0.33,55,0.04665909,8.2,0.18484999,0.09312273,0.5936013001410677,0.72,314.40814,307,332,"7/12/24, 12:00 AM",CUDDALORE,67,2024-12-31T00:00:00,5.75,4.2107716,385,365,308,303,1.3251959,2024-01-01T00:00:00,30.43897142857143,Anguchettipalayam,"{""geodesic"":false,""type"":""Point"",""coordinates"":[79.48702367343802,11.60699703881572]}"
1190_0,0.5,0.0572,0.5,0.31,9.59,0.07217273,183,4.59,145,0.30652273,0.36,69,0.055204544,8.2,0.17570908,0.09043636,0.9506058720157603,0.55,180.0,312,334,"7/12/24, 12:00 AM",CUDDALORE,64,2024-12-31T00:00:00,5.6,4.2107716,381,363,307,304,0.92740995,2024-01-01T00:00:00,30.43897142857143,Anguchettipalayam,"{""geodesic"":false,""type"":""Point"",""coordinates"":[79.48998811387561,11.606727544230484]}"
1191_0,0.5,0.0572,0.52,0.22,9.62,0.07217273,163,4.68,135,0.30652273,0.33,72,0.055204544,4.1,0.17570908,0.09043636,0.9506058720157603,0.6,180.0,312,334,"7/12/24, 12:00 AM",CUDDALORE,64,2024-12-31T00:00:00,5.86,4.2107716,381,363,307,304,0.92740995,2024-01-01T00:00:00,30.43897142857143,Anguchettipalayam,"{""geodesic"":false,""type"":""Point"",""coordinates"":[79.48998811387561,11.606727544230484]}"
1193_0,0.5,0.18047619,0.6,0.24,10.53,0.20543334,144,4.15,138,0.3765381,0.39,12.5,0.21869047,4.1,0.364,0.27041906,2.8090692517568585,0.58,63.921227,298,316,"6/25/24, 12:00 AM",CUDDALORE,42,2024-12-31T00:00:00,7.28,4.498694,407,387,294,297,2.1088681,2024-01-01T00:00:00,30.554374999999997,Sirugramam,"{""geodesic"":false,""type"":""Point"",""coordinates"":[79.46034370949967,11.79887718350365]}"
1194_0,0.5,0.19479047,0.45,0.25,9.36,0.21482381,117,4.32,159,0.3993381,0.33,20,0.2182381,4.1,0.3448762,0.24284762,2.9240040773684473,0.49,-0.0,298,316,"7/5/24, 12:00 AM",CUDDALORE,40,2024-12-31T00:00:00,7.68,4.498694,407,387,294,297,1.8543341,2024-01-01T00:00:00,30.554374999999997,Sirugramam,"{""geodesic"":false,""type"":""Point"",""coordinates"":[79.45926573115872,11.79887718350365]}"
1195_0,0.5,0.174,0.59,0.29,8.67,0.19619524,135,4.41,159,0.3776476,0.27,20,0.20183334,8.2,0.33270952,0.22878571,2.79527509417078,0.6,116.07875,298,316,"7/5/24, 12:00 AM",CUDDALORE,40,2024-12-31T00:00:00,7.63,4.498694,407,387,294,297,2.1088698,2024-01-01T00:00:00,30.554374999999997,Sirugramam,"{""geodesic"":false,""type"":""Point"",""coordinates"":[79.45926573115872,11.799146678088887]}"
1196_0,0.5,0.10124,0.52,0.24,8.72,0.128225,135,4.18,156,0.299485,0.39,20,0.138955,4.1,0.287075,0.20079,0.3231724866935556,0.58,332.9422,311,335,"7/5/24, 12:00 AM",CUDDALORE,42,2024-12-31T00:00:00,7.54,4.209525,400,377,289,288,2.0820498,2024-01-01T00:00:00,30.562000000000005,Sirugramam,"{""geodesic"":false,""type"":""Point"",""coordinates"":[79.44201807770362,11.801302634770773]}"
1197_0,0.5,0.09968095,0.46,0.46,9.65,0.12500952,117,4.51,159,0.2652476,0.33,17,0.1331619,4.1,0.2737619,0.18153334,1.1322379426364317,0.52,180.0,311,335,"7/5/24, 12:00 AM",CUDDALORE,41,2024-12-31T00:00:00,7.41,4.209525,400,377,289,288,0.92740995,2024-01-01T00:00:00,30.562000000000005,Sirugramam,"{""geodesic"":false,""type"":""Point"",""coordinates"":[79.44147908853316,11.801572129356009]}"
1198_0,0.5,0.09968095,0.39,0.24,9.27,0.12500952,144,4.18,156,0.2652476,0.36,15,0.1331619,4.1,0.2737619,0.18153334,1.1322379426364317,0.42,180.0,311,335,"7/5/24, 12:00 AM",CUDDALORE,41,2024-12-31T00:00:00,7.65,4.209525,400,377,289,288,0.92740995,2024-01-01T00:00:00,30.562000000000005,Sirugramam,"{""geodesic"":false,""type"":""Point"",""coordinates"":[79.44147908853316,11.801572129356009]}"
1199_0,0.5,0.096128576,0.6,0.33,8.65,0.122019045,117,4.76,83,0.27512857,0.33,15,0.12934762,8.2,0.2790381,0.18815237,1.419910708557771,0.65,-0.0,315,340,"7/5/24, 12:00 AM",CUDDALORE,43,2024-12-31T00:00:00,7.61,4.209525,400,375,285,285,1.8543341,2024-01-01T00:00:00,30.562000000000005,Sirugramam,"{""geodesic"":false,""type"":""Point"",""coordinates"":[79.44147908853316,11.802650107696952]}"
1200_0,0.5,0.08209,0.81,0.1,9.36,0.10467,70,4.25,138,0.35691,0.39,28,0.090795,8.3,0.237945,0.148765,-1.016072313802729,0.77,45.596313,298,325,"6/21/24, 12:00 AM",CUDDALORE,101,2024-12-31T00:00:00,5.37,4.2817693,368,345,334,330,1.325301,2024-01-01T00:00:00,30.490647058823523,Kattugudalur,"{""geodesic"":false,""type"":""Point"",""coordinates"":[79.45549280696542,11.650385667038693]}"
1201_0,0.5,0.07965,0.54,0.11,15.23,0.103715,240,3.79,128,0.3322,0.24,60,0.0847,4.1,0.23117,0.139115,-0.6589820604009005,0.58,-0.0,298,325,"7/8/24, 12:00 AM",CUDDALORE,101,2024-12-31T00:00:00,5.37,4.2817693,368,345,334,330,0.92740995,2024-01-01T00:00:00,30.490647058823523,Kattugudalur,"{""geodesic"":false,""type"":""Point"",""coordinates"":[79.45522331238018,11.650385667038693]}"
1202_0,0.5,0.14087436,0.65,0.2,10.11,0.1667641,135,4.06,121,0.34217435,0.3,38,0.17488462,8.3,0.3571487,0.2672,1.92035790958196,0.88,243.91443,325,346,"6/14/24, 12:00 AM",CUDDALORE,51,2024-12-31T00:00:00,7.78,4.5596237,391,367,285,287,2.1083572,2024-01-01T00:00:00,30.455249999999996,Kilmambattu,"{""geodesic"":false,""type"":""Point"",""coordinates"":[79.58997060499811,11.716142345836243]}"
1203_0,0.5,0.055191666,0.63,0.23,9.16,0.07323611,163,5.41,128,0.38941666,0.36,50,0.06960833,8.3,0.25825554,0.16643333,-0.25373837400370547,0.75,180.0,313,334,"6/14/24, 12:00 AM",CUDDALORE,52,2024-12-31T00:00:00,7.72,4.5596237,386,365,301,301,1.8543341,2024-01-01T00:00:00,30.455249999999996,Kilmambattu,"{""geodesic"":false,""type"":""Point"",""coordinates"":[79.5861976808048,11.713716894569119]}"
1204_0,0.5,0.10431905,0.52,0.34,10.95,0.13251428,135,4.63,135,0.3449143,0.3,42,0.13575238,8.2,0.29395238,0.20734762,-0.6797682516836793,0.55,90.0,303,330,"7/8/24, 12:00 AM",CUDDALORE,85,2024-12-31T00:00:00,7.48,4.3667583,368,344,329,326,0.9468993,2024-01-01T00:00:00,30.497999999999998,Sorathur,"{""geodesic"":false,""type"":""Point"",""coordinates"":[79.50777475650118,11.645804259089683]}"
1205_0,0.5,0.09458182,0.42,0.27,10.26,0.11767273,102,4.18,142,0.34838638,0.24,62,0.10670909,8.2,0.25417727,0.16132727,-1.0160500982815215,0.48,45.595882,303,330,"7/8/24, 12:00 AM",CUDDALORE,85,2024-12-31T00:00:00,7.29,4.3667583,368,344,329,326,1.3252909,2024-01-01T00:00:00,30.497999999999998,Sorathur,"{""geodesic"":false,""type"":""Point"",""coordinates"":[79.50777475650118,11.64607375367492]}"
1206_0,0.5,0.09458182,0.75,0.19,9.36,0.11767273,173,4.25,149,0.34838638,0.42,55,0.10670909,8.3,0.25417727,0.16132727,-1.0160500982815215,1.21,45.595882,303,330,"6/21/24, 12:00 AM",CUDDALORE,85,2024-12-31T00:00:00,7.94,4.3667583,368,344,329,326,1.3252909,2024-01-01T00:00:00,30.497999999999998,Sorathur,"{""geodesic"":false,""type"":""Point"",""coordinates"":[79.50777475650118,11.64607375367492]}"
1207_0,0.5,0.090180956,1.25,0.23,10.26,0.11522381,125,4.31,142,0.3202857,0.36,46,0.11925238,4.1,0.2723524,0.18667619,0.03417994903486562,0.82,-0.0,303,330,"6/21/24, 12:00 AM",CUDDALORE,85,2024-12-31T00:00:00,7.77,4.3667583,368,344,329,326,1.8543341,2024-01-01T00:00:00,30.497999999999998,Sorathur,"{""geodesic"":false,""type"":""Point"",""coordinates"":[79.5080442510864,11.645534764504447]}"
1208_0,0.5,0.07787272,0.65,0.19,7.31,0.10588636,135,3.32,152,0.3341409,0.33,45.7,0.101731814,4.1,0.25805455,0.16199091,-0.09410105745247821,0.73,63.908684,303,330,"6/25/24, 12:00 AM",CUDDALORE,85,2024-12-31T00:00:00,7.87,4.3667583,368,344,329,326,2.1079261,2024-01-01T00:00:00,30.497999999999998,Sorathur,"{""geodesic"":false,""type"":""Point"",""coordinates"":[79.50831374567164,11.645804259089683]}"
1209_0,0.5,0.074277274,0.64,0.25,7.64,0.10031363,135,3.8,142,0.3212409,0.27,41.6,0.09302273,4.1,0.266,0.1784,0.37024547503367694,0.73,45.595825,303,330,"6/25/24, 12:00 AM",CUDDALORE,85,2024-12-31T00:00:00,7.66,4.3667583,368,344,329,326,1.3252896,2024-01-01T00:00:00,30.497999999999998,Sorathur,"{""geodesic"":false,""type"":""Point"",""coordinates"":[79.50831374567164,11.645534764504447]}"
1210_0,0.5,0.06323784,0.62,0.17,11.5,0.08552973,125,5.06,145,0.28986216,0.36,22.5,0.08440541,4.1,0.23223783,0.15505676,-0.7751531097117336,0.48,332.94775,327,353,"6/27/24, 12:00 AM",CUDDALORE,47,2024-12-31T00:00:00,7.65,4.206149,395,368,278,279,2.0819468,2024-01-01T00:00:00,30.5075,Semmedu,"{""geodesic"":false,""type"":""Point"",""coordinates"":[79.49753396226221,11.735545955973224]}"
1211_0,0.5,0.0669,0.62,0.22,11.36,0.09451081,125,4.76,159,0.3397189,0.24,41.6,0.10235406,4.1,0.25515947,0.16197838,-0.7751533389476989,0.56,332.94772,327,353,"6/27/24, 12:00 AM",CUDDALORE,45,2024-12-31T00:00:00,7.66,4.206149,395,368,278,279,2.0819473,2024-01-01T00:00:00,30.5075,Semmedu,"{""geodesic"":false,""type"":""Point"",""coordinates"":[79.49753396226221,11.73581545055846]}"
1212_0,0.5,0.0669,0.59,0.24,10.27,0.09451081,154,3.17,163,0.3397189,0.24,55,0.10235406,4.1,0.25515947,0.16197838,-0.7751533389476989,0.55,332.94772,327,353,"6/27/24, 12:00 AM",CUDDALORE,45,2024-12-31T00:00:00,7.61,4.206149,395,368,278,279,2.0819473,2024-01-01T00:00:00,30.5075,Semmedu,"{""geodesic"":false,""type"":""Point"",""coordinates"":[79.49753396226221,11.73581545055846]}"
1213_0,0.5,0.025947368,0.72,0.45,10.91,0.043815788,94,5.68,138,0.35852632,0.3,28.1,0.024,4.1,0.1459,0.07283158,-1.0167052045488907,0.81,225.60846,317,349,"7/15/24, 12:00 AM",CUDDALORE,28,2024-12-31T00:00:00,7.92,4.649809,375,348,308,303,1.3255879,2024-01-01T00:00:00,30.701290322580647,Siruvathur,"{""geodesic"":false,""type"":""Point"",""coordinates"":[79.5236749370301,11.76761581161629]}"
1214_0,0.5,0.025947368,0.76,0.45,9.48,0.043815788,109,5.02,138,0.35852632,0.33,50,0.024,4.1,0.1459,0.07283158,-1.0167052045488907,0.81,225.60846,317,349,"7/16/24, 12:00 AM",CUDDALORE,28,2024-12-31T00:00:00,7.86,4.649809,375,348,308,303,1.3255879,2024-01-01T00:00:00,30.701290322580647,Siruvathur,"{""geodesic"":false,""type"":""Point"",""coordinates"":[79.5236749370301,11.76761581161629]}"
1215_0,0.5,0.025947368,0.75,0.3,11.06,0.043815788,109,5.98,138,0.35852632,0.3,34.3,0.024,4.1,0.1459,0.07283158,-1.0167052045488907,0.76,225.60846,317,349,"7/16/24, 12:00 AM",CUDDALORE,28,2024-12-31T00:00:00,8.17,4.649809,375,348,308,303,1.3255879,2024-01-01T00:00:00,30.701290322580647,Siruvathur,"{""geodesic"":false,""type"":""Point"",""coordinates"":[79.5236749370301,11.76761581161629]}"
1216_0,0.5,0.025947368,0.7,0.27,10.96,0.043815788,117,5.36,138,0.35852632,0.33,37.5,0.024,4.1,0.1459,0.07283158,-1.0167052045488907,0.72,225.60846,317,349,"7/16/24, 12:00 AM",CUDDALORE,28,2024-12-31T00:00:00,8.13,4.649809,375,348,308,303,1.3255879,2024-01-01T00:00:00,30.701290322580647,Siruvathur,"{""geodesic"":false,""type"":""Point"",""coordinates"":[79.5236749370301,11.76761581161629]}"
1217_0,0.5,0.025947368,0.52,0.29,11.21,0.043815788,78,4.72,166,0.35852632,0.33,37,0.024,4.1,0.1459,0.07283158,-1.0167052045488907,0.6,225.60846,317,349,"7/12/24, 12:00 AM",CUDDALORE,28,2024-12-31T00:00:00,8.12,4.649809,375,348,308,303,1.3255879,2024-01-01T00:00:00,30.701290322580647,Siruvathur,"{""geodesic"":false,""type"":""Point"",""coordinates"":[79.5236749370301,11.76761581161629]}"
1218_0,0.5,0.025947368,0.61,0.43,8.36,0.043815788,154,4.21,159,0.35852632,0.36,25,0.024,4.1,0.1459,0.07283158,-1.0167052045488907,0.69,225.60846,317,349,"7/16/24, 12:00 AM",CUDDALORE,28,2024-12-31T00:00:00,8.06,4.649809,375,348,308,303,1.3255879,2024-01-01T00:00:00,30.701290322580647,Siruvathur,"{""geodesic"":false,""type"":""Point"",""coordinates"":[79.5236749370301,11.76761581161629]}"
1219_0,0.5,0.025947368,0.65,0.32,10.21,0.043815788,63,4.76,152,0.35852632,0.33,31,0.024,4.1,0.1459,0.07283158,-1.0167052045488907,0.65,225.60846,317,349,"7/16/24, 12:00 AM",CUDDALORE,28,2024-12-31T00:00:00,7.63,4.649809,375,348,308,303,1.3255879,2024-01-01T00:00:00,30.701290322580647,Siruvathur,"{""geodesic"":false,""type"":""Point"",""coordinates"":[79.5236749370301,11.76761581161629]}"
1220_0,0.5,0.025947368,0.62,0.44,11.03,0.043815788,78,4.59,156,0.35852632,0.33,28,0.024,4.1,0.1459,0.07283158,-1.0167052045488907,0.69,225.60846,317,349,"7/12/24, 12:00 AM",CUDDALORE,28,2024-12-31T00:00:00,7.97,4.649809,375,348,308,303,1.3255879,2024-01-01T00:00:00,30.701290322580647,Siruvathur,"{""geodesic"":false,""type"":""Point"",""coordinates"":[79.5236749370301,11.76761581161629]}"
1221_0,0.5,0.025947368,0.65,0.48,11.03,0.043815788,59,4.68,159,0.35852632,0.33,31,0.024,8.2,0.1459,0.07283158,-1.0167052045488907,0.69,225.60846,317,349,"7/12/24, 12:00 AM",CUDDALORE,28,2024-12-31T00:00:00,7.84,4.649809,375,348,308,303,1.3255879,2024-01-01T00:00:00,30.701290322580647,Siruvathur,"{""geodesic"":false,""type"":""Point"",""coordinates"":[79.5236749370301,11.76761581161629]}"
1222_0,0.5,0.025947368,0.54,0.39,9.78,0.043815788,154,4.48,169,0.35852632,0.33,31.5,0.024,4.1,0.1459,0.07283158,-1.0167052045488907,0.54,225.60846,317,349,"7/16/24, 12:00 AM",CUDDALORE,28,2024-12-31T00:00:00,7.85,4.649809,375,348,308,303,1.3255879,2024-01-01T00:00:00,30.701290322580647,Siruvathur,"{""geodesic"":false,""type"":""Point"",""coordinates"":[79.5236749370301,11.76761581161629]}"
1223_0,0.5,0.025947368,0.6,0.22,9.85,0.043815788,109,4.33,156,0.35852632,0.27,22.5,0.024,4.1,0.1459,0.07283158,-1.0167052045488907,0.7,225.60846,317,349,"7/16/24, 12:00 AM",CUDDALORE,28,2024-12-31T00:00:00,7.76,4.649809,375,348,308,303,1.3255879,2024-01-01T00:00:00,30.701290322580647,Siruvathur,"{""geodesic"":false,""type"":""Point"",""coordinates"":[79.5236749370301,11.76761581161629]}"
1224_0,0.5,0.025947368,0.56,0.39,9.93,0.043815788,125,4.27,169,0.35852632,0.36,28.13,0.024,4.1,0.1459,0.07283158,-1.0167052045488907,0.64,225.60846,317,349,"7/4/24, 12:00 AM",CUDDALORE,28,2024-12-31T00:00:00,7.71,4.649809,375,348,308,303,1.3255879,2024-01-01T00:00:00,30.701290322580647,Siruvathur,"{""geodesic"":false,""type"":""Point"",""coordinates"":[79.5236749370301,11.76761581161629]}"
1225_0,0.5,0.025947368,0.71,0.39,10.51,0.043815788,135,4.26,156,0.35852632,0.33,37.5,0.024,4.1,0.1459,0.07283158,-1.0167052045488907,0.5,225.60846,317,349,"7/10/24, 12:00 AM",CUDDALORE,28,2024-12-31T00:00:00,7.24,4.649809,375,348,308,303,1.3255879,2024-01-01T00:00:00,30.701290322580647,Siruvathur,"{""geodesic"":false,""type"":""Point"",""coordinates"":[79.5236749370301,11.76761581161629]}"
1226_0,0.5,0.087626316,0.61,0.4,10.33,0.12008947,86,4.83,159,0.33528948,0.33,31.3,0.10868421,4.1,0.26602632,0.18711579,-0.7879896580637349,0.71,243.91805,328,359,"7/10/24, 12:00 AM",CUDDALORE,28,2024-12-31T00:00:00,7.24,4.649809,359,333,313,309,2.1086292,2024-01-01T00:00:00,30.641548387096783,Siruvathur,"{""geodesic"":false,""type"":""Point"",""coordinates"":[79.52178847493344,11.760339457814922]}"
1227_0,0.5,0.099395454,0.27,0.22,8.67,0.12550454,144,7.63,163,0.28671363,0.3,45,0.13492727,12.3,0.2908818,0.19619545,-0.6807653183505118,0.76,90.0,327,343,"7/9/24, 12:00 AM",CUDDALORE,37,2024-12-31T00:00:00,7.7,4.498694,385,364,288,293,0.94737625,2024-01-01T00:00:00,30.49200000000001,Rayarpalayam,"{""geodesic"":false,""type"":""Point"",""coordinates"":[79.49079659763132,11.784863465071385]}"
1228_0,0.5,0.12470476,0.67,0.26,8.72,0.1570238,135,7.25,163,0.35195714,0.27,50,0.17851904,8.3,0.36754763,0.26391906,1.7557667086528164,0.75,45.610542,329,344,"7/9/24, 12:00 AM",CUDDALORE,34,2024-12-31T00:00:00,7.55,4.498694,386,365,286,291,1.3256371,2024-01-01T00:00:00,30.49200000000001,Rayarpalayam,"{""geodesic"":false,""type"":""Point"",""coordinates"":[79.49241356514273,11.787558410923744]}"
1229_0,0.5,0.099795,0.54,0.12,9.63,0.12242,117,4.68,97,0.331295,0.3,25,0.115265004,8.3,0.246795,0.157795,-1.016071863897978,0.6,45.596283,298,325,"6/24/24, 12:00 AM",CUDDALORE,101,2024-12-31T00:00:00,6.18,4.2817693,368,345,334,330,1.3253005,2024-01-01T00:00:00,30.490647058823523,Virasingankuppam,"{""geodesic"":false,""type"":""Point"",""coordinates"":[79.45549280696542,11.650116172453457]}"
1230_0,0.5,0.07686842,0.65,0.09,11.06,0.09399474,63,4.26,107,0.32647896,0.27,18,0.09041579,4.1,0.21863684,0.12869474,-1.7092665779335054,0.75,225.59723,289,308,"6/21/24, 12:00 AM",CUDDALORE,100,2024-12-31T00:00:00,5.61,4.2817693,372,353,339,339,2.6492288,2024-01-01T00:00:00,30.488857142857146,Virasingankuppam,"{""geodesic"":false,""type"":""Point"",""coordinates"":[79.46384713910773,11.659278988351476]}"
1231_0,0.5,0.063605,0.6,0.33,10.18,0.086455,135,4.76,180,0.3058725,0.3,28.13,0.07595,4.1,0.2193875,0.12482,2.1251424516874606,0.49,-0.0,330,356,"6/25/24, 12:00 AM",CUDDALORE,72,2024-12-31T00:00:00,7.73,4.483492,367,344,303,300,0.0,2024-01-01T00:00:00,30.489562499999998,Silambinathanpettai,"{""geodesic"":false,""type"":""Point"",""coordinates"":[79.60829623679415,11.687306425216006]}"
1232_0,0.5,0.18868947,0.51,0.23,10.36,0.20514737,135,4.19,144,0.39714473,0.27,28.13,0.20066315,4.1,0.3403921,0.2478342,1.5863768919994274,0.47,314.39896,337,335,"6/25/24, 12:00 AM",CUDDALORE,63,2024-12-31T00:00:00,7.96,4.483492,343,340,321,325,2.6494088,2024-01-01T00:00:00,30.544709677419352,Silambinathanpettai,"{""geodesic"":false,""type"":""Point"",""coordinates"":[79.61179966640222,11.696199746528789]}"
1233_0,0.5,0.06258158,0.57,0.28,10.23,0.0880921,125,4.18,173,0.33479738,0.24,37.5,0.07496053,4.1,0.23969737,0.13994473,2.0279374552898455,0.45,90.0,326,334,"6/25/24, 12:00 AM",CUDDALORE,58,2024-12-31T00:00:00,7.85,4.483492,367,357,307,309,0.9470652,2024-01-01T00:00:00,30.521500000000003,Silambinathanpettai,"{""geodesic"":false,""type"":""Point"",""coordinates"":[79.6282388361016,11.694313284432138]}"
1234_0,0.5,0.17649473,0.46,0.33,7.31,0.19556841,192,3.56,180,0.3715842,0.3,20,0.21190526,8.3,0.32137895,0.23070526,-1.352524262537613,0.51,180.0,333,363,"7/11/24, 12:00 AM",CUDDALORE,31,2024-12-31T00:00:00,8.55,4.498694,351,329,317,308,1.8543341,2024-01-01T00:00:00,30.51024242424243,Tiruvamur,"{""geodesic"":false,""type"":""Point"",""coordinates"":[79.4832507492447,11.761417436155867]}"
1235_0,0.5,0.17953683,0.45,0.33,7.36,0.20303158,212,3.65,166,0.36470526,0.3,25,0.23177369,4.1,0.36732104,0.27252632,-1.352524262537613,0.62,-0.0,333,363,"7/11/24, 12:00 AM",CUDDALORE,31,2024-12-31T00:00:00,8.56,4.498694,351,329,317,308,1.8543341,2024-01-01T00:00:00,30.51024242424243,Tiruvamur,"{""geodesic"":false,""type"":""Point"",""coordinates"":[79.4832507492447,11.761956425326337]}"
1236_0,0.5,0.16815555,0.39,0.34,6.96,0.18271667,173,3.98,190,0.32077223,0.3,22.5,0.18835555,4.1,0.28665555,0.20811667,4.306308039849386,0.49,45.607937,333,363,"7/11/24, 12:00 AM",CUDDALORE,30,2024-12-31T00:00:00,8.56,4.498694,351,329,317,308,1.3255756,2024-01-01T00:00:00,30.51024242424243,Tiruvamur,"{""geodesic"":false,""type"":""Point"",""coordinates"":[79.4832507492447,11.76249541449681]}"
1237_0,0.5,0.17777894,0.45,0.29,6.73,0.19536842,183,3.34,173,0.36516315,0.36,20,0.19341579,4.1,0.32458946,0.2303579,-1.3737409338410127,0.61,270.0,340,365,"7/11/24, 12:00 AM",CUDDALORE,28,2024-12-31T00:00:00,8.55,4.498694,363,340,297,294,1.8940703,2024-01-01T00:00:00,30.51024242424243,Tiruvamur,"{""geodesic"":false,""type"":""Point"",""coordinates"":[79.48298125465948,11.76114794157063]}"
1238_0,0.5,0.159095,0.4,0.33,9.41,0.169515,212,4.06,190,0.308025,0.24,17.5,0.174845,4.1,0.28439,0.20028,-1.373742831537307,0.51,90.0,333,363,"7/11/24, 12:00 AM",CUDDALORE,33,2024-12-31T00:00:00,8.55,4.498694,351,329,317,308,1.8940722,2024-01-01T00:00:00,30.51024242424243,Tiruvamur,"{""geodesic"":false,""type"":""Point"",""coordinates"":[79.48190327631853,11.761417436155867]}"
1239_0,0.5,0.13121499,0.5,0.34,8.6,0.141025,163,3.64,169,0.287755,0.27,15,0.138645,4.1,0.27393,0.187815,-0.6805956490545302,0.48,90.0,339,366,"7/11/24, 12:00 AM",CUDDALORE,34,2024-12-31T00:00:00,8.56,4.498694,375,351,287,283,0.9472949,2024-01-01T00:00:00,30.51024242424243,Tiruvamur,"{""geodesic"":false,""type"":""Point"",""coordinates"":[79.4816337817333,11.761417436155867]}"
1240_0,0.5,0.13121499,0.43,0.33,8.23,0.141025,212,3.3,173,0.287755,0.33,20,0.138645,4.1,0.27393,0.187815,-0.6805956490545302,0.4,90.0,339,366,"7/11/24, 12:00 AM",CUDDALORE,34,2024-12-31T00:00:00,8.68,4.498694,375,351,287,283,0.9472949,2024-01-01T00:00:00,30.51024242424243,Tiruvamur,"{""geodesic"":false,""type"":""Point"",""coordinates"":[79.4816337817333,11.761417436155867]}"
1241_0,0.5,0.16487,0.45,0.33,8.31,0.17653,192,3.7,183,0.290955,0.33,22.5,0.190265,4.1,0.30415002,0.232935,2.8180283546093996,0.45,-0.0,330,357,"7/11/24, 12:00 AM",CUDDALORE,34,2024-12-31T00:00:00,8.42,4.498694,369,346,301,297,0.0,2024-01-01T00:00:00,30.51024242424243,Tiruvamur,"{""geodesic"":false,""type"":""Point"",""coordinates"":[79.48136428714805,11.76114794157063]}"
1242_0,0.5,0.16048001,0.53,0.3,8.75,0.16989,173,4.06,176,0.30596,0.3,17.5,0.17842,4.1,0.30831,0.235075,2.124879839122515,0.47,-0.0,330,357,"7/11/24, 12:00 AM",CUDDALORE,34,2024-12-31T00:00:00,8.54,4.498694,369,346,301,297,0.0,2024-01-01T00:00:00,30.51024242424243,Tiruvamur,"{""geodesic"":false,""type"":""Point"",""coordinates"":[79.48109479256283,11.76114794157063]}"
1243_0,0.5,0.086552635,0.82,0.37,10.35,0.10120527,221,5.16,166,0.31101054,0.3,17.5,0.10351053,4.1,0.23797895,0.15813684,-0.4435339409965899,0.19,251.92685,309,336,"7/12/24, 12:00 AM",CUDDALORE,36,2024-12-31T00:00:00,8.56,4.498694,382,362,308,302,2.9869704,2024-01-01T00:00:00,30.541257142857148,Tiruvamur,"{""geodesic"":false,""type"":""Point"",""coordinates"":[79.46681157954532,11.764112382008225]}"
1244_0,0.5,0.087073684,1.21,0.43,9.26,0.10495789,173,5.06,173,0.29910526,0.36,20,0.11358421,4.1,0.24481052,0.16061053,-0.5621982957043435,1.06,214.25368,314,347,"7/12/24, 12:00 AM",CUDDALORE,35,2024-12-31T00:00:00,8.61,4.498694,376,352,309,301,3.3624892,2024-01-01T00:00:00,30.541257142857148,Tiruvamur,"{""geodesic"":false,""type"":""Point"",""coordinates"":[79.46708107413056,11.763842887422989]}"
1245_0,0.5,0.16747369,0.76,0.46,9.21,0.18387368,202,5.06,183,0.3218421,0.36,22.5,0.19991052,8.3,0.3141158,0.22907895,0.38438291405661584,0.82,18.80286,302,330,"7/12/24, 12:00 AM",CUDDALORE,32,2024-12-31T00:00:00,8.76,4.498694,370,350,328,320,2.9367614,2024-01-01T00:00:00,30.541257142857148,Tiruvamur,"{""geodesic"":false,""type"":""Point"",""coordinates"":[79.4673505687158,11.762764909082046]}"
1246_0,0.5,0.16283685,0.32,0.33,6.76,0.18681052,212,3.56,180,0.32199472,0.36,25,0.21135263,8.2,0.3480842,0.2562579,1.6429808763099492,0.44,202.22389,302,330,"7/16/24, 12:00 AM",CUDDALORE,30,2024-12-31T00:00:00,8.49,4.498694,370,350,328,320,4.996896,2024-01-01T00:00:00,30.541257142857148,Tiruvamur,"{""geodesic"":false,""type"":""Point"",""coordinates"":[79.46681157954532,11.761956425326337]}"
1247_0,0.5,0.16901052,0.3,0.37,6.82,0.19573158,163,3.52,176,0.33823684,0.27,22,0.22323158,4.1,0.36942106,0.27165264,2.520574063134798,0.36,207.05447,314,341,"7/16/24, 12:00 AM",CUDDALORE,29,2024-12-31T00:00:00,8.5,4.498694,381,360,306,299,2.081988,2024-01-01T00:00:00,30.541257142857148,Tiruvamur,"{""geodesic"":false,""type"":""Point"",""coordinates"":[79.46654208496008,11.761956425326337]}"
1248_0,0.5,0.14973158,0.42,0.29,6.72,0.17389473,183,3.36,163,0.33254737,0.33,20,0.19444211,8.2,0.33158422,0.24046843,3.329609834043335,0.46,-0.0,314,341,"7/16/24, 12:00 AM",CUDDALORE,28,2024-12-31T00:00:00,8.58,4.498694,381,360,306,299,0.92740995,2024-01-01T00:00:00,30.541257142857148,Tiruvamur,"{""geodesic"":false,""type"":""Point"",""coordinates"":[79.46654208496008,11.761686930741101]}"
1249_0,0.5,0.090121426,0.72,0.13,9.87,0.10984286,154,4.75,149,0.28833094,0.3,37.5,0.11899524,4.1,0.25534284,0.18014523,-1.4810086076387117,0.76,116.08355,333,343,"7/18/24, 12:00 AM",CUDDALORE,40,2024-12-31T00:00:00,7.26,4.5596237,400,388,267,270,2.1085093,2024-01-01T00:00:00,30.45359999999999,Melkavarapattu,"{""geodesic"":false,""type"":""Point"",""coordinates"":[79.57703486490679,11.74093584767794]}"
1250_0,0.5,0.090121426,0.71,0.1,9.69,0.10984286,163,4.76,135,0.28833094,0.3,37,0.11899524,8.2,0.25534284,0.18014523,-1.4810086076387117,0.76,116.08355,333,343,"7/19/24, 12:00 AM",CUDDALORE,40,2024-12-31T00:00:00,7.41,4.5596237,400,388,267,270,2.1085093,2024-01-01T00:00:00,30.45359999999999,Melkavarapattu,"{""geodesic"":false,""type"":""Point"",""coordinates"":[79.57703486490679,11.74093584767794]}"
1251_0,0.5,0.090121426,0.71,0.11,9.65,0.10984286,221,4.72,145,0.28833094,0.3,28.12,0.11899524,4.1,0.25534284,0.18014523,-1.4810086076387117,0.81,116.08355,333,343,"7/18/24, 12:00 AM",CUDDALORE,40,2024-12-31T00:00:00,7.05,4.5596237,400,388,267,270,2.1085093,2024-01-01T00:00:00,30.45359999999999,Melkavarapattu,"{""geodesic"":false,""type"":""Point"",""coordinates"":[79.57703486490679,11.74093584767794]}"
1252_0,0.5,0.17979048,0.68,0.1,9.36,0.19552381,202,4.65,135,0.34350476,0.33,31.2,0.2070619,4.1,0.3358619,0.2616762,-1.255454707980846,0.75,145.744,340,368,"7/18/24, 12:00 AM",CUDDALORE,23,2024-12-31T00:00:00,7.26,4.665223,338,317,322,315,3.3625817,2024-01-01T00:00:00,30.56628571428572,Melkavarapattu,"{""geodesic"":false,""type"":""Point"",""coordinates"":[79.58781464831623,11.78782790550898]}"
1253_0,0.5,0.17979048,0.74,0.13,9.65,0.19552381,144,4.98,156,0.34350476,0.33,50,0.2070619,8.3,0.3358619,0.2616762,-1.255454707980846,0.71,145.744,340,368,"7/18/24, 12:00 AM",CUDDALORE,23,2024-12-31T00:00:00,7.15,4.665223,338,317,322,315,3.3625817,2024-01-01T00:00:00,30.56628571428572,Melkavarapattu,"{""geodesic"":false,""type"":""Point"",""coordinates"":[79.58781464831623,11.78782790550898]}"
1254_0,0.5,0.17979048,0.72,0.15,10.16,0.19552381,221,5.01,131,0.34350476,0.33,50,0.2070619,8.2,0.3358619,0.2616762,-1.255454707980846,0.78,145.744,340,368,"7/19/24, 12:00 AM",CUDDALORE,23,2024-12-31T00:00:00,6.69,4.665223,338,317,322,315,3.3625817,2024-01-01T00:00:00,30.56628571428572,Melkavarapattu,"{""geodesic"":false,""type"":""Point"",""coordinates"":[79.58781464831623,11.78782790550898]}"
1255_0,0.5,0.07135909,0.75,0.12,12.46,0.10329545,144,5.36,156,0.25028637,0.27,34,0.12715454,8.3,0.29808182,0.23657273,-1.4814143090478655,0.88,243.92157,338,366,"7/18/24, 12:00 AM",CUDDALORE,28,2024-12-31T00:00:00,7.09,4.5402136,332,319,330,315,2.1088939,2024-01-01T00:00:00,30.626357142857138,Melkavarapattu,"{""geodesic"":false,""type"":""Point"",""coordinates"":[79.58673666997528,11.803189096867424]}"
1256_0,0.5,0.08725897,0.64,0.3,10.48,0.11406667,154,3.09,159,0.3445923,0.27,28.8,0.12424616,4.1,0.27968976,0.18541795,0.033862832479636895,0.73,-0.0,336,365,"6/27/24, 12:00 AM",CUDDALORE,45,2024-12-31T00:00:00,7.66,4.206149,388,360,276,275,0.92740995,2024-01-01T00:00:00,30.5075,Semmedu,"{""geodesic"":false,""type"":""Point"",""coordinates"":[79.49726446767697,11.73581545055846]}"
1257_0,0.5,0.025947368,0.55,0.42,10.36,0.043815788,86,4.71,152,0.35852632,0.3,34,0.024,4.1,0.1459,0.07283158,-1.0167052045488907,0.58,225.60846,317,349,"7/12/24, 12:00 AM",CUDDALORE,28,2024-12-31T00:00:00,8.05,4.649809,375,348,308,303,1.3255879,2024-01-01T00:00:00,30.701290322580647,Siruvathur,"{""geodesic"":false,""type"":""Point"",""coordinates"":[79.5236749370301,11.76761581161629]}"
1258_0,0.5,0.025947368,0.85,0.34,11.24,0.043815788,109,5.98,138,0.35852632,0.33,31.2,0.024,4.1,0.1459,0.07283158,-1.0167052045488907,0.96,225.60846,317,349,"7/16/24, 12:00 AM",CUDDALORE,28,2024-12-31T00:00:00,8.18,4.649809,375,348,308,303,1.3255879,2024-01-01T00:00:00,30.701290322580647,Siruvathur,"{""geodesic"":false,""type"":""Point"",""coordinates"":[79.5236749370301,11.76761581161629]}"
1259_0,0.5,0.025947368,0.81,0.48,11.36,0.043815788,94,5.41,142,0.35852632,0.3,37.5,0.024,4.1,0.1459,0.07283158,-1.0167052045488907,0.86,225.60846,317,349,"7/5/24, 12:00 AM",CUDDALORE,28,2024-12-31T00:00:00,7.75,4.649809,375,348,308,303,1.3255879,2024-01-01T00:00:00,30.701290322580647,Siruvathur,"{""geodesic"":false,""type"":""Point"",""coordinates"":[79.5236749370301,11.76761581161629]}"
1260_0,0.5,0.025947368,0.51,0.43,10.56,0.043815788,135,4.97,180,0.35852632,0.33,37.5,0.024,4.1,0.1459,0.07283158,-1.0167052045488907,0.72,225.60846,317,349,"6/24/24, 12:00 AM",CUDDALORE,28,2024-12-31T00:00:00,7.51,4.649809,375,348,308,303,1.3255879,2024-01-01T00:00:00,30.701290322580647,Siruvathur,"{""geodesic"":false,""type"":""Point"",""coordinates"":[79.5236749370301,11.76761581161629]}"
1261_0,0.5,0.025947368,0.7,0.67,10.81,0.043815788,117,4.7,180,0.35852632,0.3,31.3,0.024,4.1,0.1459,0.07283158,-1.0167052045488907,0.57,225.60846,317,349,"7/10/24, 12:00 AM",CUDDALORE,28,2024-12-31T00:00:00,7.61,4.649809,375,348,308,303,1.3255879,2024-01-01T00:00:00,30.701290322580647,Siruvathur,"{""geodesic"":false,""type"":""Point"",""coordinates"":[79.5236749370301,11.76761581161629]}"
1262_0,0.5,0.025947368,0.7,0.61,10.87,0.043815788,135,4.58,159,0.35852632,0.24,28.13,0.024,4.1,0.1459,0.07283158,-1.0167052045488907,0.73,225.60846,317,349,"7/10/24, 12:00 AM",CUDDALORE,28,2024-12-31T00:00:00,7.65,4.649809,375,348,308,303,1.3255879,2024-01-01T00:00:00,30.701290322580647,Siruvathur,"{""geodesic"":false,""type"":""Point"",""coordinates"":[79.5236749370301,11.76761581161629]}"
1263_0,0.5,0.025947368,0.89,0.54,12.41,0.043815788,117,4.34,138,0.35852632,0.3,41.6,0.024,4.1,0.1459,0.07283158,-1.0167052045488907,0.96,225.60846,317,349,"7/5/24, 12:00 AM",CUDDALORE,28,2024-12-31T00:00:00,7.81,4.649809,375,348,308,303,1.3255879,2024-01-01T00:00:00,30.701290322580647,Siruvathur,"{""geodesic"":false,""type"":""Point"",""coordinates"":[79.5236749370301,11.76761581161629]}"
1264_0,0.5,0.025947368,0.56,0.32,10.64,0.043815788,117,4.65,135,0.35852632,0.36,28.1,0.024,8.3,0.1459,0.07283158,-1.0167052045488907,0.64,225.60846,317,349,"6/24/24, 12:00 AM",CUDDALORE,28,2024-12-31T00:00:00,7.62,4.649809,375,348,308,303,1.3255879,2024-01-01T00:00:00,30.701290322580647,Siruvathur,"{""geodesic"":false,""type"":""Point"",""coordinates"":[79.5236749370301,11.76761581161629]}"
1265_0,0.5,0.025947368,0.68,0.53,10.18,0.043815788,78,4.59,149,0.35852632,0.36,31,0.024,4.1,0.1459,0.07283158,-1.0167052045488907,0.72,225.60846,317,349,"7/12/24, 12:00 AM",CUDDALORE,28,2024-12-31T00:00:00,7.9,4.649809,375,348,308,303,1.3255879,2024-01-01T00:00:00,30.701290322580647,Siruvathur,"{""geodesic"":false,""type"":""Point"",""coordinates"":[79.5236749370301,11.76761581161629]}"
1266_0,0.5,0.025947368,0.71,0.37,9.36,0.043815788,63,4.36,169,0.35852632,0.33,37.5,0.024,4.1,0.1459,0.07283158,-1.0167052045488907,0.35,225.60846,317,349,"7/16/24, 12:00 AM",CUDDALORE,28,2024-12-31T00:00:00,7.67,4.649809,375,348,308,303,1.3255879,2024-01-01T00:00:00,30.701290322580647,Siruvathur,"{""geodesic"":false,""type"":""Point"",""coordinates"":[79.5236749370301,11.76761581161629]}"
1267_0,0.5,0.025947368,0.64,0.63,9.36,0.043815788,102,4.81,138,0.35852632,0.36,37.5,0.024,8.3,0.1459,0.07283158,-1.0167052045488907,0.71,225.60846,317,349,"6/24/24, 12:00 AM",CUDDALORE,28,2024-12-31T00:00:00,7.67,4.649809,375,348,308,303,1.3255879,2024-01-01T00:00:00,30.701290322580647,Siruvathur,"{""geodesic"":false,""type"":""Point"",""coordinates"":[79.5236749370301,11.76761581161629]}"
1268_0,0.5,0.025947368,0.52,0.62,10.32,0.043815788,117,4.96,135,0.35852632,0.3,25,0.024,4.1,0.1459,0.07283158,-1.0167052045488907,0.64,225.60846,317,349,"6/24/24, 12:00 AM",CUDDALORE,28,2024-12-31T00:00:00,7.37,4.649809,375,348,308,303,1.3255879,2024-01-01T00:00:00,30.701290322580647,Siruvathur,"{""geodesic"":false,""type"":""Point"",""coordinates"":[79.5236749370301,11.76761581161629]}"
1269_0,0.5,0.025947368,1.21,0.39,10.76,0.043815788,55,6.31,156,0.35852632,0.3,34,0.024,4.1,0.1459,0.07283158,-1.0167052045488907,0.82,225.60846,317,349,"7/16/24, 12:00 AM",CUDDALORE,28,2024-12-31T00:00:00,7.85,4.649809,375,348,308,303,1.3255879,2024-01-01T00:00:00,30.701290322580647,Siruvathur,"{""geodesic"":false,""type"":""Point"",""coordinates"":[79.5236749370301,11.76761581161629]}"
1270_0,0.4,0.087626316,0.71,0.67,10.06,0.12008947,78,4.6,163,0.33528948,0.33,25,0.10868421,4.1,0.26602632,0.18711579,-0.7879896580637349,0.52,243.91805,328,359,"7/10/24, 12:00 AM",CUDDALORE,28,2024-12-31T00:00:00,7.46,4.649809,359,333,313,309,2.1086292,2024-01-01T00:00:00,30.641548387096783,Siruvathur,"{""geodesic"":false,""type"":""Point"",""coordinates"":[79.52178847493344,11.760339457814922]}"
1271_0,0.5,0.087626316,0.74,0.44,10.71,0.12008947,78,4.7,180,0.33528948,0.24,25,0.10868421,4.1,0.26602632,0.18711579,-0.7879896580637349,0.5,243.91805,328,359,"7/10/24, 12:00 AM",CUDDALORE,28,2024-12-31T00:00:00,7.71,4.649809,359,333,313,309,2.1086292,2024-01-01T00:00:00,30.641548387096783,Siruvathur,"{""geodesic"":false,""type"":""Point"",""coordinates"":[79.52178847493344,11.760339457814922]}"
1272_0,0.5,0.12470476,0.69,0.19,8.63,0.1570238,117,6.19,166,0.35195714,0.33,52,0.17851904,4.1,0.36754763,0.26391906,1.7557667086528164,0.66,45.610542,329,344,"7/9/24, 12:00 AM",CUDDALORE,34,2024-12-31T00:00:00,7.76,4.498694,386,365,286,291,1.3256371,2024-01-01T00:00:00,30.49200000000001,Rayarpalayam,"{""geodesic"":false,""type"":""Point"",""coordinates"":[79.49241356514273,11.787558410923744]}"
1273_0,0.5,0.08817,0.58,0.18,9.24,0.11659,144,4.54,83,0.344845,0.33,20,0.10081,4.1,0.27402,0.186805,-1.3740078960944286,0.67,90.0,309,338,"7/9/24, 12:00 AM",CUDDALORE,45,2024-12-31T00:00:00,7.92,4.498694,394,366,297,296,1.8943248,2024-01-01T00:00:00,30.540125000000003,Melarungunam,"{""geodesic"":false,""type"":""Point"",""coordinates"":[79.4921440705575,11.798068699747942]}"
1274_0,0.5,0.09348571,0.6,0.26,10.02,0.110766664,212,4.98,124,0.38976666,0.3,60,0.090409525,8.2,0.20768096,0.13549525,-1.8129686333160044,0.7,341.19504,312,336,"7/19/24, 12:00 AM",CUDDALORE,40,2024-12-31T00:00:00,7.27,4.498694,392,366,296,298,2.9367979,2024-01-01T00:00:00,30.540125000000003,Melarungunam,"{""geodesic"":false,""type"":""Point"",""coordinates"":[79.49456952182462,11.795912743066056]}"
1275_0,0.5,0.06421905,0.55,0.35,9.99,0.092938095,144,4.78,121,0.34998095,0.27,62,0.07257143,8.2,0.23115239,0.13587143,5.718875495519393,0.59,180.0,313,339,"7/19/24, 12:00 AM",CUDDALORE,34,2024-12-31T00:00:00,7.35,4.498694,383,356,304,304,0.92740995,2024-01-01T00:00:00,30.535499999999995,Melarungunam,"{""geodesic"":false,""type"":""Point"",""coordinates"":[79.49753396226221,11.796721226821763]}"
1276_0,0.5,0.06421905,0.57,0.26,10.57,0.092938095,212,5.06,124,0.34998095,0.36,69,0.07257143,8.2,0.23115239,0.13587143,5.718875495519393,0.58,180.0,313,339,"7/19/24, 12:00 AM",CUDDALORE,34,2024-12-31T00:00:00,7.29,4.498694,383,356,304,304,0.92740995,2024-01-01T00:00:00,30.535499999999995,Melarungunam,"{""geodesic"":false,""type"":""Point"",""coordinates"":[79.49753396226221,11.796721226821763]}"
1277_0,0.5,0.07326191,0.55,0.21,8.55,0.107776195,154,3.98,83,0.34530476,0.33,20,0.09287143,4.1,0.28004286,0.18655714,-1.468564967240703,0.59,332.94257,317,343,"7/11/24, 12:00 AM",CUDDALORE,37,2024-12-31T00:00:00,7.83,4.498694,381,353,303,303,2.082043,2024-01-01T00:00:00,30.535499999999995,Melarungunam,"{""geodesic"":false,""type"":""Point"",""coordinates"":[79.49861194060315,11.796990721407]}"
1278_0,0.5,0.10421429,0.62,0.15,8.9,0.12077143,173,4.11,62,0.3446619,0.3,25,0.11539524,4.1,0.2712381,0.18236667,-1.3526558729502893,0.63,180.0,318,349,"7/11/24, 12:00 AM",CUDDALORE,38,2024-12-31T00:00:00,7.54,4.498694,383,356,299,295,1.8543341,2024-01-01T00:00:00,30.535499999999995,Melarungunam,"{""geodesic"":false,""type"":""Point"",""coordinates"":[79.4988814351884,11.798068699747942]}"
1279_0,0.5,0.06838421,0.49,0.09,9.41,0.08596842,109,4.81,111,0.3313737,0.3,24.37,0.0774579,4.1,0.2187421,0.13112631,-1.9479955237564008,0.54,214.24358,294,312,"6/24/24, 12:00 AM",CUDDALORE,99,2024-12-31T00:00:00,5.78,4.2817693,373,354,333,334,3.3620868,2024-01-01T00:00:00,30.488857142857146,Virasingankuppam,"{""geodesic"":false,""type"":""Point"",""coordinates"":[79.46357764452249,11.659278988351476]}"
1280_0,0.5,0.104444444,0.63,0.09,10.26,0.1358,102,3.26,97,0.35121667,0.27,20,0.14143333,8.3,0.32173333,0.23296666,1.2864247769460269,0.61,45.597946,318,342,"7/26/24, 12:00 AM",CUDDALORE,96,2024-12-31T00:00:00,5.82,4.2817693,376,354,306,304,1.3253397,2024-01-01T00:00:00,30.43329411764706,Virasingankuppam,"{""geodesic"":false,""type"":""Point"",""coordinates"":[79.47651338461381,11.666016352982373]}"
1281_0,0.5,0.06258158,0.51,0.34,10.08,0.0880921,109,4.11,187,0.33479738,0.33,25,0.07496053,4.1,0.23969737,0.13994473,2.0279374552898455,0.56,90.0,326,334,"6/25/24, 12:00 AM",CUDDALORE,58,2024-12-31T00:00:00,7.89,4.483492,367,357,307,309,0.9470652,2024-01-01T00:00:00,30.521500000000003,Silambinathanpettai,"{""geodesic"":false,""type"":""Point"",""coordinates"":[79.6282388361016,11.694313284432138]}"
1282_0,0.5,0.13569,0.49,0.29,7.98,0.14795,202,3.98,190,0.290525,0.3,17.5,0.149085,4.1,0.28219,0.19988,2.124878949170232,0.5,-0.0,339,366,"7/11/24, 12:00 AM",CUDDALORE,34,2024-12-31T00:00:00,8.45,4.498694,375,351,287,283,0.0,2024-01-01T00:00:00,30.51024242424243,Tiruvamur,"{""geodesic"":false,""type"":""Point"",""coordinates"":[79.48136428714805,11.761417436155867]}"
1283_0,0.5,0.15910527,0.45,0.32,7.52,0.16961053,163,3.62,183,0.35984212,0.3,25,0.14976317,4.1,0.23582105,0.15826316,-0.6909599269932005,0.58,14.324961,340,365,"7/11/24, 12:00 AM",CUDDALORE,30,2024-12-31T00:00:00,8.56,4.498694,363,340,297,294,3.8233304,2024-01-01T00:00:00,30.51024242424243,Tiruvamur,"{""geodesic"":false,""type"":""Point"",""coordinates"":[79.48271176007424,11.760878446985394]}"
1284_0,0.5,0.10148421,0.68,0.42,9.73,0.12171579,163,4.38,169,0.32947367,0.39,20,0.13108948,8.3,0.27866843,0.19002631,-0.4435339409965899,0.68,251.92685,309,336,"7/11/24, 12:00 AM",CUDDALORE,34,2024-12-31T00:00:00,8.5,4.498694,382,362,308,302,2.9869704,2024-01-01T00:00:00,30.541257142857148,Tiruvamur,"{""geodesic"":false,""type"":""Point"",""coordinates"":[79.46654208496008,11.764112382008225]}"
1285_0,0.5,0.13437368,0.32,0.32,6.8,0.1675,163,3.4,163,0.34182104,0.33,20,0.20265263,8.2,0.3617421,0.2677263,0.36960437968306975,0.38,225.60808,309,336,"7/16/24, 12:00 AM",CUDDALORE,33,2024-12-31T00:00:00,8.51,4.498694,382,362,308,302,1.325579,2024-01-01T00:00:00,30.541257142857148,Tiruvamur,"{""geodesic"":false,""type"":""Point"",""coordinates"":[79.46627259037486,11.763842887422989]}"
1286_0,0.5,0.18635263,0.61,0.34,9.08,0.19191054,173,3.58,173,0.32798946,0.36,17.5,0.18078947,4.1,0.25163683,0.17547369,-0.09484441102610906,0.5,116.08189,340,365,"7/11/24, 12:00 AM",CUDDALORE,29,2024-12-31T00:00:00,8.52,4.498694,363,340,297,294,2.1086345,2024-01-01T00:00:00,30.51024242424243,Tiruvamur,"{""geodesic"":false,""type"":""Point"",""coordinates"":[79.482442265489,11.76114794157063]}"
1287_0,0.5,0.18635263,0.5,0.33,9.21,0.19191054,212,3.25,190,0.32798946,0.36,20,0.18078947,4.1,0.25163683,0.17547369,-0.09484441102610906,0.51,116.08189,340,365,"7/11/24, 12:00 AM",CUDDALORE,29,2024-12-31T00:00:00,8.86,4.498694,363,340,297,294,2.1086345,2024-01-01T00:00:00,30.51024242424243,Tiruvamur,"{""geodesic"":false,""type"":""Point"",""coordinates"":[79.482442265489,11.76114794157063]}"
1288_0,0.5,0.10610527,0.64,0.38,10.32,0.12997368,173,4.49,149,0.3394263,0.42,22.5,0.13780527,4.1,0.2984684,0.19781579,0.726904446624777,0.72,180.0,309,336,"7/11/24, 12:00 AM",CUDDALORE,33,2024-12-31T00:00:00,8.34,4.498694,382,362,308,302,0.92740995,2024-01-01T00:00:00,30.541257142857148,Tiruvamur,"{""geodesic"":false,""type"":""Point"",""coordinates"":[79.46627259037486,11.764112382008225]}"
1289_0,0.5,0.186795,0.6,0.36,9.67,0.195075,173,4.27,180,0.300425,0.36,17.5,0.21476,4.1,0.359875,0.286765,-1.0166660029563732,0.74,314.39236,330,357,"7/11/24, 12:00 AM",CUDDALORE,35,2024-12-31T00:00:00,8.38,4.498694,369,346,301,297,1.3255688,2024-01-01T00:00:00,30.51024242424243,Tiruvamur,"{""geodesic"":false,""type"":""Point"",""coordinates"":[79.48109479256283,11.759800468644451]}"
1290_0,0.5,0.15826842,0.35,0.33,6.58,0.1552579,183,3.54,169,0.3362,0.3,22.5,0.13747369,4.1,0.2220579,0.14318947,0.4647699967171936,0.39,116.08186,333,363,"7/11/24, 12:00 AM",CUDDALORE,31,2024-12-31T00:00:00,8.52,4.498694,351,329,317,308,2.1086361,2024-01-01T00:00:00,30.51024242424243,Tiruvamur,"{""geodesic"":false,""type"":""Point"",""coordinates"":[79.482442265489,11.761417436155867]}"
1291_0,0.5,0.16868421,0.76,0.41,9.26,0.18361579,173,4.31,176,0.35719472,0.33,25,0.18507895,4.1,0.31961578,0.223,0.4392265713078804,0.76,180.0,302,330,"7/12/24, 12:00 AM",CUDDALORE,34,2024-12-31T00:00:00,8.61,4.498694,370,350,328,320,2.7802885,2024-01-01T00:00:00,30.541257142857148,Tiruvamur,"{""geodesic"":false,""type"":""Point"",""coordinates"":[79.4673505687158,11.762225919911574]}"
1292_0,0.5,0.087073684,0.86,0.37,9.88,0.10495789,212,5.15,166,0.29910526,0.3,25,0.11358421,8.3,0.24481052,0.16061053,-0.5621982957043435,1.21,214.25368,314,347,"7/12/24, 12:00 AM",CUDDALORE,35,2024-12-31T00:00:00,8.78,4.498694,376,352,309,301,3.3624892,2024-01-01T00:00:00,30.541257142857148,Tiruvamur,"{""geodesic"":false,""type"":""Point"",""coordinates"":[79.46708107413056,11.763842887422989]}"
1293_0,0.5,0.160745,0.61,0.37,8.74,0.173985,163,5.3,159,0.289925,0.39,15,0.19177,4.1,0.3424,0.269385,-1.0166669925463345,0.62,314.3923,330,357,"7/11/24, 12:00 AM",CUDDALORE,34,2024-12-31T00:00:00,8.5,4.498694,369,346,301,297,1.3255701,2024-01-01T00:00:00,30.51024242424243,Tiruvamur,"{""geodesic"":false,""type"":""Point"",""coordinates"":[79.48109479256283,11.760339457814922]}"
1294_0,0.5,0.16651578,0.35,0.3,6.96,0.17202106,173,3.84,156,0.36632633,0.3,15,0.16635789,4.1,0.27490526,0.19081053,0.23609260323950668,0.46,134.39218,333,363,"7/11/24, 12:00 AM",CUDDALORE,30,2024-12-31T00:00:00,8.58,4.498694,351,329,317,308,2.6497283,2024-01-01T00:00:00,30.51024242424243,Tiruvamur,"{""geodesic"":false,""type"":""Point"",""coordinates"":[79.48271176007424,11.761417436155867]}"
1295_0,0.5,0.18029,0.68,0.56,10.38,0.19092,173,5.22,176,0.29999,0.42,17.5,0.204365,8.3,0.34952,0.27649,-0.6805917383441453,0.73,90.0,330,357,"7/11/24, 12:00 AM",CUDDALORE,33,2024-12-31T00:00:00,8.42,4.498694,369,346,301,297,0.94729203,2024-01-01T00:00:00,30.51024242424243,Tiruvamur,"{""geodesic"":false,""type"":""Point"",""coordinates"":[79.48109479256283,11.760608952400158]}"
1296_0,0.5,0.090121426,0.79,0.13,12.75,0.10984286,183,4.98,156,0.28833094,0.3,34.3,0.11899524,8.3,0.25534284,0.18014523,-1.4810086076387117,0.81,116.08355,333,343,"7/18/24, 12:00 AM",CUDDALORE,40,2024-12-31T00:00:00,7.02,4.5596237,400,388,267,270,2.1085093,2024-01-01T00:00:00,30.45359999999999,Melkavarapattu,"{""geodesic"":false,""type"":""Point"",""coordinates"":[79.57703486490679,11.74093584767794]}"
1297_0,0.5,0.090121426,0.72,0.12,9.15,0.10984286,163,4.96,142,0.28833094,0.3,45.7,0.11899524,4.1,0.25534284,0.18014523,-1.4810086076387117,0.69,116.08355,333,343,"7/18/24, 12:00 AM",CUDDALORE,40,2024-12-31T00:00:00,7.14,4.5596237,400,388,267,270,2.1085093,2024-01-01T00:00:00,30.45359999999999,Melkavarapattu,"{""geodesic"":false,""type"":""Point"",""coordinates"":[79.57703486490679,11.74093584767794]}"
1298_0,0.5,0.12404,0.74,0.12,10.14,0.151025,163,4.19,173,0.345495,0.3,37.5,0.15675,4.1,0.326685,0.243505,-1.3526790150332224,0.76,180.0,364,392,"7/19/24, 12:00 AM",CUDDALORE,27,2024-12-31T00:00:00,7.33,4.5402136,335,319,301,289,1.8543341,2024-01-01T00:00:00,30.596357142857148,Melkavarapattu,"{""geodesic"":false,""type"":""Point"",""coordinates"":[79.59239605626523,11.805075558964075]}"
1299_0,0.5,0.12404,0.86,0.12,9.75,0.151025,154,4.65,135,0.345495,0.33,50,0.15675,4.1,0.326685,0.243505,-1.3526790150332224,0.75,180.0,364,392,"7/19/24, 12:00 AM",CUDDALORE,27,2024-12-31T00:00:00,6.93,4.5402136,335,319,301,289,1.8543341,2024-01-01T00:00:00,30.596357142857148,Melkavarapattu,"{""geodesic"":false,""type"":""Point"",""coordinates"":[79.59239605626523,11.805075558964075]}"
1300_0,0.1,0.12404,0.73,0.15,9.34,0.151025,212,5.31,135,0.345495,0.33,37.5,0.15675,4.1,0.326685,0.243505,-1.3526790150332224,0.75,180.0,364,392,"7/19/24, 12:00 AM",CUDDALORE,27,2024-12-31T00:00:00,7,4.5402136,335,319,301,289,1.8543341,2024-01-01T00:00:00,30.596357142857148,Melkavarapattu,"{""geodesic"":false,""type"":""Point"",""coordinates"":[79.59239605626523,11.805075558964075]}"
1301_0,0.5,0.12404,0.63,0.46,11.01,0.151025,212,5.21,142,0.345495,0.33,52.5,0.15675,4.1,0.326685,0.243505,-1.3526790150332224,0.91,180.0,364,392,"7/19/24, 12:00 AM",CUDDALORE,27,2024-12-31T00:00:00,7.59,4.5402136,335,319,301,289,1.8543341,2024-01-01T00:00:00,30.596357142857148,Melkavarapattu,"{""geodesic"":false,""type"":""Point"",""coordinates"":[79.59239605626523,11.805075558964075]}"
1302_0,0.5,0.12404,0.71,0.13,9.75,0.151025,163,4.35,156,0.345495,0.27,31.3,0.15675,4.1,0.326685,0.243505,-1.3526790150332224,0.8,180.0,364,392,"7/19/24, 12:00 AM",CUDDALORE,27,2024-12-31T00:00:00,7.02,4.5402136,335,319,301,289,1.8543341,2024-01-01T00:00:00,30.596357142857148,Melkavarapattu,"{""geodesic"":false,""type"":""Point"",""coordinates"":[79.59239605626523,11.805075558964075]}"
1303_0,0.5,0.12404,0.63,0.15,10.15,0.151025,221,4.98,173,0.345495,0.27,34.4,0.15675,8.3,0.326685,0.243505,-1.3526790150332224,0.86,180.0,364,392,"7/19/24, 12:00 AM",CUDDALORE,27,2024-12-31T00:00:00,7.09,4.5402136,335,319,301,289,1.8543341,2024-01-01T00:00:00,30.596357142857148,Melkavarapattu,"{""geodesic"":false,""type"":""Point"",""coordinates"":[79.59239605626523,11.805075558964075]}"
1304_0,0.5,0.12404,0.74,0.16,14.24,0.151025,144,6.44,180,0.345495,0.39,41.6,0.15675,8.3,0.326685,0.243505,-1.3526790150332224,0.84,180.0,364,392,"7/18/24, 12:00 AM",CUDDALORE,27,2024-12-31T00:00:00,7.26,4.5402136,335,319,301,289,1.8543341,2024-01-01T00:00:00,30.596357142857148,Melkavarapattu,"{""geodesic"":false,""type"":""Point"",""coordinates"":[79.59239605626523,11.805075558964075]}"
1305_0,0.5,0.12404,0.72,0.1,9.86,0.151025,192,5.13,138,0.345495,0.27,34,0.15675,8.2,0.326685,0.243505,-1.3526790150332224,0.81,180.0,364,392,"7/19/24, 12:00 AM",CUDDALORE,27,2024-12-31T00:00:00,7.41,4.5402136,335,319,301,289,1.8543341,2024-01-01T00:00:00,30.596357142857148,Melkavarapattu,"{""geodesic"":false,""type"":""Point"",""coordinates"":[79.59239605626523,11.805075558964075]}"
1306_0,0.5,0.12404,0.66,0.15,13.78,0.151025,163,5.28,156,0.345495,0.33,31,0.15675,4.1,0.326685,0.243505,-1.3526790150332224,0.64,180.0,364,392,"7/18/24, 12:00 AM",CUDDALORE,27,2024-12-31T00:00:00,7.12,4.5402136,335,319,301,289,1.8543341,2024-01-01T00:00:00,30.596357142857148,Melkavarapattu,"{""geodesic"":false,""type"":""Point"",""coordinates"":[79.59239605626523,11.805075558964075]}"
1307_0,0.5,0.08986316,0.68,0.13,9.36,0.11462632,250,4.98,149,0.3432421,0.27,37.5,0.106973685,4.1,0.28633684,0.19781053,1.077415118841963,0.75,341.19525,363,390,"7/18/24, 12:00 AM",CUDDALORE,28,2024-12-31T00:00:00,7.12,4.665223,328,307,309,302,2.936794,2024-01-01T00:00:00,30.57907142857142,Melkavarapattu,"{""geodesic"":false,""type"":""Point"",""coordinates"":[79.5988639263109,11.792139818872753]}"
1308_0,0.5,0.071514286,0.59,0.18,10.01,0.09867619,250,4.99,138,0.29862857,0.39,42,0.09080476,8.2,0.25788096,0.17341904,-1.948810795724891,0.62,34.260292,373,388,"7/19/24, 12:00 AM",CUDDALORE,26,2024-12-31T00:00:00,7.41,4.4601145,314,301,313,311,3.362753,2024-01-01T00:00:00,30.59706666666667,Melkavarapattu,"{""geodesic"":false,""type"":""Point"",""coordinates"":[79.61072168806128,11.832025017487661]}"
1311_0,0.5,0.13157369,0.22,0.66,11.35,0.15408948,183,3.26,124,0.33630002,0.3,71.85,0.14936842,4.13,0.2791,0.19497895,3.157665932643732,0.75,45.609066,327,341,"6/7/24, 12:00 AM",CUDDALORE,5,2024-12-31T00:00:00,7.74,4.323916,328,319,345,339,1.3256023,2024-01-01T00:00:00,30.570969696969698,Pillali,"{""geodesic"":false,""type"":""Point"",""coordinates"":[79.75085887238392,11.773275197906244]}"
1312_0,0.5,0.13157369,0.77,0.57,11.06,0.15408948,212,4.25,131,0.33630002,0.37,65.63,0.14936842,8.25,0.2791,0.19497895,3.157665932643732,0.75,45.609066,327,341,"6/7/24, 12:00 AM",CUDDALORE,5,2024-12-31T00:00:00,7.78,4.323916,328,319,345,339,1.3256023,2024-01-01T00:00:00,30.570969696969698,Pillali,"{""geodesic"":false,""type"":""Point"",""coordinates"":[79.75085887238392,11.773275197906244]}"
1313_0,0.5,0.13157369,0.86,0.12,10.36,0.15408948,192,3.26,121,0.33630002,0.33,60,0.14936842,4.13,0.2791,0.19497895,3.157665932643732,0.71,45.609066,327,341,"6/7/24, 12:00 AM",CUDDALORE,5,2024-12-31T00:00:00,7.46,4.323916,328,319,345,339,1.3256023,2024-01-01T00:00:00,30.570969696969698,Pillali,"{""geodesic"":false,""type"":""Point"",""coordinates"":[79.75085887238392,11.773275197906244]}"
1314_0,0.5,0.13157369,0.35,0.58,8.36,0.15408948,202,3.98,124,0.33630002,0.27,65.6,0.14936842,8.3,0.2791,0.19497895,3.157665932643732,0.4,45.609066,327,341,"6/14/24, 12:00 AM",CUDDALORE,5,2024-12-31T00:00:00,7.84,4.323916,328,319,345,339,1.3256023,2024-01-01T00:00:00,30.570969696969698,Pillali,"{""geodesic"":false,""type"":""Point"",""coordinates"":[79.75085887238392,11.773275197906244]}"
1315_0,0.5,0.09643529,0.89,0.17,6.25,0.11559412,183,5.72,48,0.27102354,0.33,23,0.11496471,4.1,0.22781175,0.16361764,-1.481135614942218,0.57,243.91805,358,383,"7/5/24, 12:00 AM",CUDDALORE,8,2024-12-31T00:00:00,7.87,4.5885277,307,291,336,325,2.1086292,2024-01-01T00:00:00,30.47889655172414,Pillali,"{""geodesic"":false,""type"":""Point"",""coordinates"":[79.70827872791665,11.760339457814922]}"
1316_0,0.5,0.11192353,0.46,0.51,9.34,0.12961765,183,4.51,142,0.28774118,0.36,62.5,0.12078823,4.1,0.22184706,0.15477647,-0.3235215754437821,0.45,314.39227,358,383,"6/14/24, 12:00 AM",CUDDALORE,8,2024-12-31T00:00:00,7.59,4.5885277,307,291,336,325,1.3255708,2024-01-01T00:00:00,30.47889655172414,Pillali,"{""geodesic"":false,""type"":""Point"",""coordinates"":[79.70827872791665,11.760608952400158]}"
1317_0,0.5,0.13157369,0.58,0.25,10.57,0.15408948,231,4.465,138,0.33630002,0.21,41.6,0.14936842,4.1,0.2791,0.19497895,3.157665932643732,0.62,45.609066,327,341,"6/10/24, 12:00 AM",CUDDALORE,5,2024-12-31T00:00:00,7.66,4.323916,328,319,345,339,1.3256023,2024-01-01T00:00:00,30.570969696969698,Pillali,"{""geodesic"":false,""type"":""Point"",""coordinates"":[79.75085887238392,11.773275197906244]}"
1318_0,0.5,0.07728,0.56,0.12,11.13,0.09728,117,3.97,104,0.204175,0.27,34.4,0.09989,4.1,0.200555,0.13613,-0.6593667756971441,0.51,-0.0,332,352,"6/26/24, 12:00 AM",CUDDALORE,13,2024-12-31T00:00:00,8.05,4.7172713,324,313,344,335,0.92740995,2024-01-01T00:00:00,30.53041379310345,Konamangalam,"{""geodesic"":false,""type"":""Point"",""coordinates"":[79.69157006363203,11.758722490303507]}"
1319_0,0.5,0.07521,0.92,0.17,9.21,0.09901,163,5.26,90,0.237115,0.33,50,0.09666,4.13,0.19327,0.125795,-1.0166564969470036,0.82,225.6075,332,352,"6/12/24, 12:00 AM",CUDDALORE,13,2024-12-31T00:00:00,7.99,4.7172713,324,313,344,335,1.3255653,2024-01-01T00:00:00,30.53041379310345,Konamangalam,"{""geodesic"":false,""type"":""Point"",""coordinates"":[79.69157006363203,11.758452995718272]}"
1320_0,0.5,0.101347364,0.61,0.16,9.93,0.10536316,109,3.97,100,0.29320526,0.24,34.4,0.09867895,4.1,0.24103683,0.16013685,-1.0167034362472562,0.5,45.6084,343,376,"6/10/24, 12:00 AM",CUDDALORE,17,2024-12-31T00:00:00,8.01,4.5885277,320,301,337,323,1.3255866,2024-01-01T00:00:00,30.50186206896552,Varakalpattu,"{""geodesic"":false,""type"":""Point"",""coordinates"":[79.70747024416094,11.76707682244582]}"
1321_0,0.5,0.101347364,0.63,0.18,9.93,0.10536316,144,3.73,90,0.29320526,0.27,45.75,0.09867895,4.1,0.24103683,0.16013685,-1.0167034362472562,0.5,45.6084,343,376,"6/10/24, 12:00 AM",CUDDALORE,17,2024-12-31T00:00:00,8.02,4.5885277,320,301,337,323,1.3255866,2024-01-01T00:00:00,30.50186206896552,Varakalpattu,"{""geodesic"":false,""type"":""Point"",""coordinates"":[79.70747024416094,11.76707682244582]}"
1322_0,0.5,0.101347364,0.55,0.16,10.23,0.10536316,192,4.05,118,0.29320526,0.3,45.8,0.09867895,4.1,0.24103683,0.16013685,-1.0167034362472562,0.51,45.6084,343,376,"7/15/24, 12:00 AM",CUDDALORE,17,2024-12-31T00:00:00,8.03,4.5885277,320,301,337,323,1.3255866,2024-01-01T00:00:00,30.50186206896552,Varakalpattu,"{""geodesic"":false,""type"":""Point"",""coordinates"":[79.70747024416094,11.76707682244582]}"
1323_0,0.5,0.041504763,0.68,0.21,13.62,0.06487619,192,5.64,180,0.23754285,0.39,31,0.055428572,4.1,0.1823,0.110695235,-1.710284446961927,0.8,45.61676,303,327,"7/19/24, 12:00 AM",CUDDALORE,9,2024-12-31T00:00:00,7.82,3.9367187,344,332,353,341,2.6501498,2024-01-01T00:00:00,30.41177777777778,Madalpattu,"{""geodesic"":false,""type"":""Point"",""coordinates"":[79.79775093021496,11.846847219675633]}"
1324_0,0.5,0.041504763,0.6,0.55,9.63,0.06487619,212,4.91,190,0.23754285,0.27,38,0.055428572,8.3,0.1823,0.110695235,-1.710284446961927,0.65,45.61676,303,327,"7/20/24, 12:00 AM",CUDDALORE,9,2024-12-31T00:00:00,8.57,3.9367187,344,332,353,341,2.6501498,2024-01-01T00:00:00,30.41177777777778,Madalpattu,"{""geodesic"":false,""type"":""Point"",""coordinates"":[79.79775093021496,11.846847219675633]}"
1325_0,0.5,0.041504763,0.52,0.56,9.35,0.06487619,173,4.21,173,0.23754285,0.39,31,0.055428572,8.2,0.1823,0.110695235,-1.710284446961927,0.59,45.61676,303,327,"7/20/24, 12:00 AM",CUDDALORE,9,2024-12-31T00:00:00,8.16,3.9367187,344,332,353,341,2.6501498,2024-01-01T00:00:00,30.41177777777778,Madalpattu,"{""geodesic"":false,""type"":""Point"",""coordinates"":[79.79775093021496,11.846847219675633]}"
1326_0,0.5,0.041504763,0.72,0.41,9.81,0.06487619,173,4.92,190,0.23754285,0.33,42,0.055428572,8.2,0.1823,0.110695235,-1.710284446961927,0.76,45.61676,303,327,"7/20/24, 12:00 AM",CUDDALORE,9,2024-12-31T00:00:00,8.36,3.9367187,344,332,353,341,2.6501498,2024-01-01T00:00:00,30.41177777777778,Madalpattu,"{""geodesic"":false,""type"":""Point"",""coordinates"":[79.79775093021496,11.846847219675633]}"
1327_0,0.5,0.041504763,0.7,0.32,10.18,0.06487619,163,5.16,180,0.23754285,0.3,34,0.055428572,8.1,0.1823,0.110695235,-1.710284446961927,0.75,45.61676,303,327,"7/20/24, 12:00 AM",CUDDALORE,9,2024-12-31T00:00:00,8.32,3.9367187,344,332,353,341,2.6501498,2024-01-01T00:00:00,30.41177777777778,Madalpattu,"{""geodesic"":false,""type"":""Point"",""coordinates"":[79.79775093021496,11.846847219675633]}"
1328_0,0.5,0.16763714,0.71,0.45,12.13,0.18375143,94,4.25,100,0.33542857,0.39,11.25,0.17838857,4.13,0.3338657,0.24878572,-1.9564487291378134,0.91,303.1342,328,347,"6/4/24, 12:00 AM",CUDDALORE,22,2024-12-31T00:00:00,6.74,4.6249967,367,353,306,300,3.3897026,2024-01-01T00:00:00,30.5088275862069,Vilangalpattu,"{""geodesic"":false,""type"":""Point"",""coordinates"":[79.65411031628425,11.730964548024215]}"
1329_0,0.5,0.065957144,0.59,0.51,9.46,0.081685714,94,4.68,90,0.24071428,0.39,37.5,0.07051143,8.8,0.18436,0.117434286,-1.468333833363443,0.63,207.0529,339,359,"7/19/24, 12:00 AM",CUDDALORE,24,2024-12-31T00:00:00,8.15,4.424942,339,324,322,317,2.081959,2024-01-01T00:00:00,30.433103448275862,Vilangalpattu,"{""geodesic"":false,""type"":""Point"",""coordinates"":[79.64710345706811,11.743361298945064]}"
1330_0,0.5,0.09323333,0.5,0.22,11.28,0.11610556,94,5.03,90,0.25794443,0.39,31.3,0.12312778,4.1,0.264675,0.20025277,-1.468294590286844,0.71,332.94785,336,358,"6/4/24, 12:00 AM",CUDDALORE,19,2024-12-31T00:00:00,6.51,4.6249967,356,343,309,299,2.081945,2024-01-01T00:00:00,30.524000000000004,Vilangalpattu,"{""geodesic"":false,""type"":""Point"",""coordinates"":[79.65842222964801,11.73446797763228]}"
1331_0,0.5,0.12158857,0.63,0.41,9.63,0.14695714,47,4.98,100,0.32077715,0.27,25,0.15055715,4.1,0.2898343,0.20542857,4.27165487624971,1.04,63.91581,337,361,"6/3/24, 12:00 AM",CUDDALORE,19,2024-12-31T00:00:00,7.12,4.6249967,365,349,297,290,2.1084614,2024-01-01T00:00:00,30.5088275862069,Vilangalpattu,"{""geodesic"":false,""type"":""Point"",""coordinates"":[79.6530323379433,11.7331205047061]}"
1332_0,0.5,0.13999723,0.65,0.42,10.54,0.16484444,78,5.21,111,0.33246112,0.33,55,0.1750889,4.1,0.30336112,0.21695833,1.2397479205694177,0.95,332.94757,338,365,"6/4/24, 12:00 AM",CUDDALORE,15,2024-12-31T00:00:00,6.34,4.6249967,339,318,323,316,2.0819502,2024-01-01T00:00:00,30.522857142857138,Vilangalpattu,"{""geodesic"":false,""type"":""Point"",""coordinates"":[79.65033739209095,11.73770191265511]}"
1333_0,0.5,0.17302369,0.65,0.46,12.11,0.19052368,63,4.01,97,0.3556658,0.33,15,0.19712631,8.25,0.3532816,0.26562893,-1.9529354182795153,0.88,163.73167,341,359,"6/4/24, 12:00 AM",CUDDALORE,16,2024-12-31T00:00:00,6.86,4.424942,334,320,326,321,6.732083,2024-01-01T00:00:00,30.433103448275862,Vilangalpattu,"{""geodesic"":false,""type"":""Point"",""coordinates"":[79.64306103828957,11.74174433143365]}"
1334_0,0.5,0.11713637,0.67,0.64,10.93,0.13496667,78,4.48,104,0.36613637,0.3,60,0.12402121,4.1,0.2778394,0.18374546,0.012772772522008423,0.68,90.0,333,350,"6/4/24, 12:00 AM",CUDDALORE,24,2024-12-31T00:00:00,6.61,4.6249967,361,349,306,300,0.94718987,2024-01-01T00:00:00,30.54020689655173,Vilangalpattu,"{""geodesic"":false,""type"":""Point"",""coordinates"":[79.65653576755136,11.730964548024215]}"
1335_0,0.5,0.08285278,0.91,0.45,12.01,0.11165,109,4.21,93,0.27033612,0.3,24,0.11111389,4.13,0.25792778,0.17825556,-0.8497340915452776,0.76,34.2508,327,353,"6/4/24, 12:00 AM",CUDDALORE,18,2024-12-31T00:00:00,6.42,4.6249967,354,336,319,311,3.3623745,2024-01-01T00:00:00,30.524000000000004,Vilangalpattu,"{""geodesic"":false,""type"":""Point"",""coordinates"":[79.65923071340373,11.734198483047045]}"
1336_0,0.5,0.09323333,0.6,0.17,11.41,0.11610556,63,5.21,86,0.25794443,0.36,50,0.12312778,8.3,0.264675,0.20025277,-1.468294590286844,0.75,332.94785,336,358,"7/19/24, 12:00 AM",CUDDALORE,19,2024-12-31T00:00:00,6.48,4.6249967,356,343,309,299,2.081945,2024-01-01T00:00:00,30.524000000000004,Vilangalpattu,"{""geodesic"":false,""type"":""Point"",""coordinates"":[79.65842222964801,11.73446797763228]}"
1337_0,0.5,0.11162308,0.72,0.46,10.9,0.13667949,202,5.06,73,0.38248718,0.24,22.5,0.12884615,4.1,0.29929486,0.20852564,0.9936254306342054,0.63,90.0,338,365,"6/4/24, 12:00 AM",CUDDALORE,22,2024-12-31T00:00:00,7.27,4.6249967,358,337,304,298,2.8394759,2024-01-01T00:00:00,30.521928571428568,Vanamadevi North,"{""geodesic"":false,""type"":""Point"",""coordinates"":[79.66677656179033,11.728269602171856]}"
1338_0,0.3,0.11965384,0.75,0.19,10.26,0.13375385,125,4.31,86,0.3422359,0.3,9,0.12080513,4.13,0.24695128,0.16448206,-1.3524086866125837,0.71,-0.0,338,365,"6/4/24, 12:00 AM",CUDDALORE,27,2024-12-31T00:00:00,6.89,4.6249967,358,337,304,298,1.8543341,2024-01-01T00:00:00,30.521928571428568,Vanamadevi North,"{""geodesic"":false,""type"":""Point"",""coordinates"":[79.66650706720509,11.7293475805128]}"
1339_0,0.5,0.15972105,0.67,0.05,15.27,0.19048421,102,4.17,124,0.34457368,0.56,31,0.21851578,8.3,0.38692105,0.2912,0.16804554244433853,0.67,270.0,320,351,"7/5/24, 12:00 AM",CUDDALORE,41,2024-12-31T00:00:00,6.7,4.36,394,364,286,285,2.8378952,2024-01-01T00:00:00,30.711575757575762,Abatharanapuram,"{""geodesic"":false,""type"":""Point"",""coordinates"":[79.55412782516174,11.573310215661238]}"
1340_0,0.5,0.135675,0.5,0.09,11.06,0.15754,39,4.19,104,0.34414,0.27,25,0.15574999,4.1,0.308175,0.225665,2.567857938092404,0.73,45.588467,293,323,"7/19/24, 12:00 AM",CUDDALORE,39,2024-12-31T00:00:00,6.73,4.36,403,372,304,306,1.3251159,2024-01-01T00:00:00,30.689833333333336,Abatharanapuram,"{""geodesic"":false,""type"":""Point"",""coordinates"":[79.56005670603693,11.57384920483171]}"
1341_0,0.5,0.23167,0.59,0.05,11.26,0.25113,125,5.36,121,0.35998,0.33,34.4,0.26054,4.1,0.342735,0.271635,-0.6792536565121713,0.7,270.0,293,323,"6/19/24, 12:00 AM",CUDDALORE,40,2024-12-31T00:00:00,6.5,4.36,403,372,304,306,0.94665414,2024-01-01T00:00:00,30.689833333333336,Abatharanapuram,"{""geodesic"":false,""type"":""Point"",""coordinates"":[79.56086518979264,11.573579710246474]}"
1342_0,0.5,0.191925,0,0.27,11.36,0.223075,78,5.21,107,0.367955,0.42,34,0.233955,8.3,0.371885,0.270795,-0.658711880549537,0.71,-0.0,293,323,"6/14/24, 12:00 AM",CUDDALORE,40,2024-12-31T00:00:00,6.76,4.36,403,372,304,306,0.92740995,2024-01-01T00:00:00,30.689833333333336,Serakkuppam,"{""geodesic"":false,""type"":""Point"",""coordinates"":[79.56005670603693,11.573579710246474]}"
1343_0,0.5,0.191925,1.01,0.3,10.31,0.223075,78,4.21,114,0.367955,0.39,41.5,0.233955,4.1,0.371885,0.270795,-0.658711880549537,0.91,-0.0,293,323,"6/14/24, 12:00 AM",CUDDALORE,40,2024-12-31T00:00:00,7.75,4.36,403,372,304,306,0.92740995,2024-01-01T00:00:00,30.689833333333336,Serakkuppam,"{""geodesic"":false,""type"":""Point"",""coordinates"":[79.56005670603693,11.573579710246474]}"
1344_0,0.5,0.191925,0.88,0.31,11.26,0.223075,78,5.31,118,0.367955,0.42,41.5,0.233955,8.3,0.371885,0.270795,-0.658711880549537,0.82,-0.0,293,323,"6/14/24, 12:00 AM",CUDDALORE,40,2024-12-31T00:00:00,7.75,4.36,403,372,304,306,0.92740995,2024-01-01T00:00:00,30.689833333333336,Serakkuppam,"{""geodesic"":false,""type"":""Point"",""coordinates"":[79.56005670603693,11.573579710246474]}"
1345_0,0.5,0.081352174,0.74,0.25,10.59,0.107965216,212,5.28,118,0.32434782,0.33,37,0.098669566,8.2,0.28971305,0.21637392,-1.015523186615923,0.8,225.58574,311,319,"7/16/24, 12:00 AM",CUDDALORE,13,2024-12-31T00:00:00,6.16,4.3084235,328,322,360,359,1.3250515,2024-01-01T00:00:00,30.61327777777777,Aduragaram,"{""geodesic"":false,""type"":""Point"",""coordinates"":[79.61799804186263,11.54716924089336]}"
1346_0,0.5,0.101323806,0.72,0.15,10.68,0.12044762,183,5.59,124,0.36307144,0.36,28,0.09610476,8.2,0.20251904,0.114461906,-2.0942726930304825,0.78,283.7646,313,329,"7/16/24, 12:00 AM",CUDDALORE,11,2024-12-31T00:00:00,7.21,4.3084235,326,317,361,354,3.8921163,2024-01-01T00:00:00,30.523096774193547,Aduragaram,"{""geodesic"":false,""type"":""Point"",""coordinates"":[79.6139556230841,11.514829890665057]}"
1347_0,0.5,0.13120909,0.58,0.19,11.06,0.15391363,202,5.95,104,0.29431364,0.39,25,0.15474546,4.1,0.26902273,0.18688637,-2.04486092868298,0.62,180.0,352,365,"7/16/24, 12:00 AM",CUDDALORE,9,2024-12-31T00:00:00,6.88,4.3084235,290,283,358,352,3.7047918,2024-01-01T00:00:00,30.533272727272728,Aduragaram,"{""geodesic"":false,""type"":""Point"",""coordinates"":[79.62769984693114,11.531269060364444]}"
1348_0,0.5,0.148105,0.91,0.12,11.06,0.16733,173,5.26,107,0.296175,0.3,38,0.17259,4.1,0.279335,0.21715,-1.0846836523855334,0.82,270.0,300,313,"7/15/24, 12:00 AM",CUDDALORE,42,2024-12-31T00:00:00,6.17,4.36,391,369,309,318,2.8378444,2024-01-01T00:00:00,30.689833333333336,Aduragaram,"{""geodesic"":false,""type"":""Point"",""coordinates"":[79.55870923311075,11.568459313126993]}"
1349_0,0.5,0.148105,0.71,0.12,10.56,0.16733,202,4.76,100,0.296175,0.27,31,0.17259,8.3,0.279335,0.21715,-1.0846836523855334,0.75,270.0,300,313,"7/18/24, 12:00 AM",CUDDALORE,42,2024-12-31T00:00:00,6.88,4.36,391,369,309,318,2.8378444,2024-01-01T00:00:00,30.689833333333336,Aduragaram,"{""geodesic"":false,""type"":""Point"",""coordinates"":[79.55870923311075,11.568459313126993]}"
1350_0,0.5,0.06455454,0.74,0.18,10.11,0.086490914,86,4.2,86,0.3695182,0.36,45.8,0.06313182,4.1,0.21383636,0.11247273,-1.4678936920555024,0.6,27.044294,313,323,"7/22/24, 12:00 AM",CUDDALORE,44,2024-12-31T00:00:00,7.15,4.3789372,378,370,310,307,2.0817993,2024-01-01T00:00:00,30.66436363636364,Puliyur(west),"{""geodesic"":false,""type"":""Point"",""coordinates"":[79.63524569531774,11.640683861970203]}"
1351_0,0.5,0.135675,0.63,0.11,11.11,0.15754,102,4.81,114,0.34414,0.33,52.5,0.15574999,4.1,0.308175,0.225665,2.567857938092404,0.67,45.588467,293,323,"6/26/24, 12:00 AM",CUDDALORE,39,2024-12-31T00:00:00,5.85,4.36,403,372,304,306,1.3251159,2024-01-01T00:00:00,30.689833333333336,Kanchamanathapuram,"{""geodesic"":false,""type"":""Point"",""coordinates"":[79.56005670603693,11.57384920483171]}"
1352_0,0.5,0.135675,0.51,0.21,10.63,0.15754,63,4.71,138,0.34414,0.21,41.7,0.15574999,4.1,0.308175,0.225665,2.567857938092404,0.71,45.588467,293,323,"6/26/24, 12:00 AM",CUDDALORE,39,2024-12-31T00:00:00,6.38,4.36,403,372,304,306,1.3251159,2024-01-01T00:00:00,30.689833333333336,Kanchamanathapuram,"{""geodesic"":false,""type"":""Point"",""coordinates"":[79.56005670603693,11.57384920483171]}"
1353_0,0.5,0.220015,0.91,0.29,10.31,0.23495,63,5.26,107,0.36682,0.42,34,0.23765,0.42,0.35562,0.28728,-0.09936071331624778,0.91,314.41168,299,330,"6/14/24, 12:00 AM",CUDDALORE,42,2024-12-31T00:00:00,6.39,4.36,399,370,303,300,2.648809,2024-01-01T00:00:00,30.711575757575762,Kanchamanathapuram,"{""geodesic"":false,""type"":""Point"",""coordinates"":[79.55493630891745,11.57250173190553]}"
1354_0,0.5,0.11151304,0.52,0.58,6.65,0.12758696,231,6.62,152,0.2813348,0.3,25,0.11113913,4.1,0.18076088,0.120417394,0.1416181138785154,0.61,152.95718,359,362,"7/19/24, 12:00 AM",CUDDALORE,5,2024-12-31T00:00:00,7.97,4.423108,311,303,330,335,2.0817719,2024-01-01T00:00:00,30.376871794871796,Agaram,"{""geodesic"":false,""type"":""Point"",""coordinates"":[79.70612277123476,11.622897219344637]}"
1355_0,0.5,0.11151304,0.95,0.48,11.02,0.12758696,212,5.34,142,0.2813348,0.33,20,0.11113913,4.1,0.18076088,0.120417394,0.1416181138785154,1.06,152.95718,359,362,"7/19/24, 12:00 AM",CUDDALORE,5,2024-12-31T00:00:00,7.01,4.423108,311,303,330,335,2.0817719,2024-01-01T00:00:00,30.376871794871796,Agaram,"{""geodesic"":false,""type"":""Point"",""coordinates"":[79.70612277123476,11.622897219344637]}"
1356_0,0.5,0.135675,0.67,0.19,9.67,0.15754,154,3.08,142,0.34414,0.3,52.5,0.15574999,4.1,0.308175,0.225665,2.567857938092404,0.63,45.588467,293,323,"6/26/24, 12:00 AM",CUDDALORE,39,2024-12-31T00:00:00,7.68,4.36,403,372,304,306,1.3251159,2024-01-01T00:00:00,30.689833333333336,Parvathipuram,"{""geodesic"":false,""type"":""Point"",""coordinates"":[79.56005670603693,11.57384920483171]}"
1357_0,0.5,0.191925,0.55,0.18,11.2,0.223075,163,4.84,128,0.367955,0.27,41.6,0.233955,4.1,0.371885,0.270795,-0.658711880549537,0.61,-0.0,293,323,"6/26/24, 12:00 AM",CUDDALORE,40,2024-12-31T00:00:00,6.84,4.36,403,372,304,306,0.92740995,2024-01-01T00:00:00,30.689833333333336,Parvathipuram,"{""geodesic"":false,""type"":""Point"",""coordinates"":[79.56005670603693,11.573579710246474]}"
1358_0,0.5,0.135675,0.63,0.17,10.93,0.15754,173,4.27,128,0.34414,0.33,37.5,0.15574999,4.1,0.308175,0.225665,2.567857938092404,0.81,45.588467,293,323,"6/26/24, 12:00 AM",CUDDALORE,39,2024-12-31T00:00:00,6.79,4.36,403,372,304,306,1.3251159,2024-01-01T00:00:00,30.689833333333336,Parvathipuram,"{""geodesic"":false,""type"":""Point"",""coordinates"":[79.56005670603693,11.57384920483171]}"
1359_0,0.5,0.16619584,0.76,0.52,11.06,0.17672917,183,5.31,166,0.223575,0.3,25,0.18974166,4.1,0.24061249,0.20905417,-1.4802783502347145,0.65,116.09281,338,365,"7/24/24, 12:00 AM",CUDDALORE,24,2024-12-31T00:00:00,6.96,4.4991775,348,330,314,304,4.2099385,2024-01-01T00:00:00,30.534324324324324,Kundiyamallur South,"{""geodesic"":false,""type"":""Point"",""coordinates"":[79.66812403471651,11.627478627293645]}"
1360_0,0.5,0.16619584,0.65,0.56,9.21,0.17672917,212,5.26,163,0.223575,0.33,34,0.18974166,8.3,0.24061249,0.20905417,-1.4802783502347145,0.81,116.09281,338,365,"7/24/24, 12:00 AM",CUDDALORE,24,2024-12-31T00:00:00,6.91,4.4991775,348,330,314,304,4.2099385,2024-01-01T00:00:00,30.534324324324324,Kundiyamallur South,"{""geodesic"":false,""type"":""Point"",""coordinates"":[79.66812403471651,11.627478627293645]}"
1361_0,0.5,0.072961904,0.82,0.53,9.65,0.092604764,183,4.12,107,0.2884524,0.3,34,0.08480476,8.3,0.22324762,0.13880476,-1.811429859721227,0.77,198.78018,288,299,"7/27/24, 12:00 AM",CUDDALORE,4,2024-12-31T00:00:00,8.39,4.288105,336,330,376,371,2.9363666,2024-01-01T00:00:00,30.5580625,Kanakkarapattu,"{""geodesic"":false,""type"":""Point"",""coordinates"":[79.75813522618529,11.400025197354582]}"
1362_0,0.5,0.072961904,1.01,0.61,11.06,0.092604764,202,4.18,104,0.2884524,0.33,34,0.08480476,4.1,0.22324762,0.13880476,-1.811429859721227,0.85,198.78018,288,299,"7/27/24, 12:00 AM",CUDDALORE,4,2024-12-31T00:00:00,8.18,4.288105,336,330,376,371,2.9363666,2024-01-01T00:00:00,30.5580625,Kanakkarapattu,"{""geodesic"":false,""type"":""Point"",""coordinates"":[79.75813522618529,11.400025197354582]}"
1363_0,0.5,0.08433636,0.82,0.25,9.31,0.11674091,163,4.21,100,0.4194682,0.3,60,0.10181364,4.1,0.26999545,0.18374091,-2.1603530330178917,0.75,152.96912,312,312,"7/27/24, 12:00 AM",CUDDALORE,3,2024-12-31T00:00:00,7.73,4.270791,329,326,359,361,4.1576214,2024-01-01T00:00:00,30.502606060606052,C. Manambadi -,"{""geodesic"":false,""type"":""Point"",""coordinates"":[79.7605606774524,11.478717616243452]}"
1364_0,0.5,0.071890004,0.48,0.13,9.64,0.09391,173,4.15,131,0.243965,0.33,31.2,0.09122,4.1,0.226675,0.170765,-1.7081861647086978,0.59,314.42355,287,300,"7/26/24, 12:00 AM",CUDDALORE,8,2024-12-31T00:00:00,6.02,4.270791,350,339,363,361,2.6482494,2024-01-01T00:00:00,30.645310344827585,Killai R.F.,"{""geodesic"":false,""type"":""Point"",""coordinates"":[79.76783703125378,11.455810576498404]}"
1365_0,0.5,0.071890004,0.48,0.17,8.73,0.09391,163,4.32,121,0.243965,0.33,34.3,0.09122,4.1,0.226675,0.170765,-1.7081861647086978,0.51,314.42355,287,300,"7/26/24, 12:00 AM",CUDDALORE,8,2024-12-31T00:00:00,5.83,4.270791,350,339,363,361,2.6482494,2024-01-01T00:00:00,30.645310344827585,Killai R.F.,"{""geodesic"":false,""type"":""Point"",""coordinates"":[79.76783703125378,11.455810576498404]}"
1366_0,0.5,0.071890004,0.68,0.15,8.75,0.09391,173,4.45,121,0.243965,0.3,34.3,0.09122,4.1,0.226675,0.170765,-1.7081861647086978,0.74,314.42355,287,300,"7/26/24, 12:00 AM",CUDDALORE,8,2024-12-31T00:00:00,6.01,4.270791,350,339,363,361,2.6482494,2024-01-01T00:00:00,30.645310344827585,Killai R.F.,"{""geodesic"":false,""type"":""Point"",""coordinates"":[79.76783703125378,11.455810576498404]}"
1367_0,0.5,0.08659048,0.64,0.14,8.96,0.118514284,192,4.96,142,0.34300476,0.33,25,0.113480955,4.1,0.2600143,0.19537143,1.2876100213200536,0.71,-0.0,296,310,"7/26/24, 12:00 AM",CUDDALORE,2,2024-12-31T00:00:00,5.78,4.270791,341,328,363,362,0.92740995,2024-01-01T00:00:00,30.645310344827585,Killai R.F.,"{""geodesic"":false,""type"":""Point"",""coordinates"":[79.76864551500948,11.455002092742697]}"
1368_0,0.5,0.08659048,0.65,0.14,9.62,0.118514284,212,4.65,121,0.34300476,0.33,28.1,0.113480955,4.1,0.2600143,0.19537143,1.2876100213200536,0.71,-0.0,296,310,"7/26/24, 12:00 AM",CUDDALORE,2,2024-12-31T00:00:00,5.83,4.270791,341,328,363,362,0.92740995,2024-01-01T00:00:00,30.645310344827585,Killai R.F.,"{""geodesic"":false,""type"":""Point"",""coordinates"":[79.76864551500948,11.455002092742697]}"
1369_0,0.5,0.07133,0.48,0.13,5.01,0.090004995,202,4.93,135,0.220115,0.3,31.2,0.092515,4.1,0.23087,0.173,-1.3715791315286485,0.57,90.0,287,300,"7/26/24, 12:00 AM",CUDDALORE,6,2024-12-31T00:00:00,5.72,4.270791,350,339,363,361,1.8920054,2024-01-01T00:00:00,30.645310344827585,Killai R.F.,"{""geodesic"":false,""type"":""Point"",""coordinates"":[79.76783703125378,11.456619060254113]}"
1370_0,0.5,0.071890004,0.56,0.13,9.32,0.09391,173,4.65,121,0.243965,0.33,34.3,0.09122,4.1,0.226675,0.170765,-1.7081861647086978,0.61,314.42355,287,300,"7/26/24, 12:00 AM",CUDDALORE,8,2024-12-31T00:00:00,6.06,4.270791,350,339,363,361,2.6482494,2024-01-01T00:00:00,30.645310344827585,Killai R.F.,"{""geodesic"":false,""type"":""Point"",""coordinates"":[79.76783703125378,11.455810576498404]}"
1371_0,0.5,0.084555,0.91,0.53,10.12,0.118865,47,5.06,86,0.355495,0.33,28,0.114965,4.1,0.272205,0.209355,-1.8277375132948959,0.92,288.0919,301,314,"7/27/24, 12:00 AM",CUDDALORE,3,2024-12-31T00:00:00,6.38,4.270791,336,324,363,362,2.9839852,2024-01-01T00:00:00,30.645310344827585,Killai R.F.,"{""geodesic"":false,""type"":""Point"",""coordinates"":[79.76891500959472,11.455002092742697]}"
1372_0,0.5,0.071890004,1.15,0.58,10.06,0.09391,39,5.35,121,0.243965,0.3,25,0.09122,4.1,0.226675,0.170765,-1.7081861647086978,0.91,314.42355,287,300,"7/27/24, 12:00 AM",CUDDALORE,8,2024-12-31T00:00:00,6.33,4.270791,350,339,363,361,2.6482494,2024-01-01T00:00:00,30.645310344827585,Killai R.F.,"{""geodesic"":false,""type"":""Point"",""coordinates"":[79.76783703125378,11.455810576498404]}"
1373_0,0.5,0.101935,0.76,0.58,10.11,0.13681,47,5.28,118,0.27666,0.36,28,0.161625,4.1,0.29992,0.259525,-1.9547898779624253,0.82,236.83989,301,314,"7/27/24, 12:00 AM",CUDDALORE,5,2024-12-31T00:00:00,6.32,4.270791,336,324,363,362,3.3873596,2024-01-01T00:00:00,30.645310344827585,Killai R.F.,"{""geodesic"":false,""type"":""Point"",""coordinates"":[79.76918450417996,11.454732598157461]}"
1374_0,0.05,0.092575,0.72,0.61,10.12,0.125825,31,5.06,97,0.35437,0.39,25,0.12481,8.2,0.29093,0.232925,-1.8277375132948959,0.75,288.0919,301,314,"7/26/24, 12:00 AM",CUDDALORE,5,2024-12-31T00:00:00,6.14,4.270791,336,324,363,362,2.9839852,2024-01-01T00:00:00,30.645310344827585,Killai R.F.,"{""geodesic"":false,""type"":""Point"",""coordinates"":[79.76918450417996,11.455002092742697]}"
1375_0,0.05,0.086025,0.72,0.59,10.19,0.115210004,39,5.18,111,0.28077,0.36,22.5,0.119915,4.1,0.292805,0.23341501,-1.7081856237659594,0.76,134.42358,287,300,"7/26/24, 12:00 AM",CUDDALORE,9,2024-12-31T00:00:00,6.08,4.270791,350,339,363,361,2.648248,2024-01-01T00:00:00,30.645310344827585,Killai R.F.,"{""geodesic"":false,""type"":""Point"",""coordinates"":[79.76810652583902,11.45554108191317]}"
1376_0,0.5,0.09070435,0.91,0.61,10.76,0.11763044,192,4.36,153,0.29741305,0.3,31.25,0.12097826,8.3,0.25216958,0.1664913,-1.4787377537188704,0.6,296.11234,308,308,"7/3/24, 12:00 AM",CUDDALORE,3,2024-12-31T00:00:00,7.67,4.487395,331,328,361,364,2.10635,2024-01-01T00:00:00,30.659285714285716,Tuniseramedu,"{""geodesic"":false,""type"":""Point"",""coordinates"":[79.65249334877282,11.38466400599614]}"
1377_0,0.5,0.14554545,0.52,0.58,8.21,0.16894545,144,4.87,83,0.3257091,0.36,60,0.17606819,4.1,0.31875908,0.22831364,8.665155834481954,0.55,270.0,303,315,"7/27/24, 12:00 AM",CUDDALORE,1,2024-12-31T00:00:00,7.87,4.4413977,319,312,378,372,0.9460041,2024-01-01T00:00:00,30.53914285714286,Chithalapadi,"{""geodesic"":false,""type"":""Point"",""coordinates"":[79.73361121892881,11.379813103461894]}"
1378_0,0.33,0.08877895,0.58,0.6,8.77,0.11353158,163,4.87,80,0.26284736,0.33,57.5,0.12662105,4.1,0.24398947,0.16636316,-0.3682081026824429,0.6,332.9767,323,337,"7/29/24, 12:00 AM",CUDDALORE,3,2024-12-31T00:00:00,7.49,4.4413977,307,306,370,357,2.0814102,2024-01-01T00:00:00,30.555428571428575,Chithalapadi,"{""geodesic"":false,""type"":""Point"",""coordinates"":[79.73307222975835,11.385741984337082]}"
1379_0,0.5,0.08877895,0.92,0.69,7.86,0.11353158,144,3.98,86,0.26284736,0.36,50,0.12662105,4.1,0.24398947,0.16636316,-0.3682081026824429,0.81,332.9767,323,337,"7/27/24, 12:00 AM",CUDDALORE,3,2024-12-31T00:00:00,6.75,4.4413977,307,306,370,357,2.0814102,2024-01-01T00:00:00,30.555428571428575,Chithalapadi,"{""geodesic"":false,""type"":""Point"",""coordinates"":[79.73307222975835,11.385741984337082]}"
1380_0,0.5,0.07819091,0.76,0.61,7.31,0.09706818,183,3.76,111,0.2545091,0.33,57.5,0.077563636,8.3,0.16812272,0.10293182,-0.6779133626917816,0.86,270.0,319,333,"7/27/24, 12:00 AM",CUDDALORE,2,2024-12-31T00:00:00,6.86,4.4413977,299,295,383,372,0.94601333,2024-01-01T00:00:00,30.53914285714286,Chithalapadi,"{""geodesic"":false,""type"":""Point"",""coordinates"":[79.73441970268453,11.382508049314252]}"
1381_0,0.5,0.072961904,0.95,0.62,10.38,0.092604764,163,5.31,111,0.2884524,0.36,60,0.08480476,4.1,0.22324762,0.13880476,-1.811429859721227,0.73,198.78018,288,299,"7/27/24, 12:00 AM",CUDDALORE,4,2024-12-31T00:00:00,8.29,4.288105,336,330,376,371,2.9363666,2024-01-01T00:00:00,30.5580625,Kezhaperambai,"{""geodesic"":false,""type"":""Point"",""coordinates"":[79.75813522618529,11.400025197354582]}"
1382_0,0.5,0.1146,0.49,0.68,8.17,0.1351913,192,3.74,118,0.27421305,0.27,20,0.13095652,4.1,0.23039131,0.15408696,-0.5038116265098586,0.55,225.56879,323,335,"7/26/24, 12:00 AM",CUDDALORE,1,2024-12-31T00:00:00,8.3,4.4413977,298,296,379,370,3.9683058,2024-01-01T00:00:00,30.54617142857144,Kavarapattu,"{""geodesic"":false,""type"":""Point"",""coordinates"":[79.73765363770735,11.38008259804713]}"
1383_0,0.5,0.11555,0.6,0.46,9.59,0.13573,192,4.5,176,0.301805,0.36,37.5,0.12804,8.2,0.25584,0.172535,-0.6780701690666923,0.72,90.0,310,318,"7/29/24, 12:00 AM",CUDDALORE,9,2024-12-31T00:00:00,7.06,4.3063784,344,338,346,344,0.9460882,2024-01-01T00:00:00,30.656258064516127,Kannangudi,"{""geodesic"":false,""type"":""Point"",""coordinates"":[79.64413901663052,11.404876099888828]}"
1384_0,0.5,0.11464,0.59,0.45,9.81,0.137195,154,4.76,152,0.296005,0.39,55,0.14456,4.1,0.29341,0.20677,2.1261295515517267,0.69,-0.0,320,325,"7/29/24, 12:00 AM",CUDDALORE,11,2024-12-31T00:00:00,7.23,4.3063784,338,333,342,342,0.0,2024-01-01T00:00:00,30.656258064516127,Kannangudi,"{""geodesic"":false,""type"":""Point"",""coordinates"":[79.64333053287481,11.405145594474064]}"
1385_0,0.5,0.090665,0.95,0.62,9.86,0.11387,183,4.7,156,0.29683,0.27,28.13,0.120655,4.1,0.2752,0.18696,-0.7737426217908433,0.75,152.97536,307,308,"7/29/24, 12:00 AM",CUDDALORE,3,2024-12-31T00:00:00,7.52,4.4052277,329,326,364,365,4.1573915,2024-01-01T00:00:00,30.661096774193553,Kannangudi,"{""geodesic"":false,""type"":""Point"",""coordinates"":[79.65411031628425,11.402450648621706]}"
1386_0,0.5,0.2534682,0.55,0.61,8.54,0.27116817,173,3.9,128,0.3754,0.27,28.13,0.28331363,4.1,0.37084547,0.29741818,-0.6094038574721387,0.49,314.42685,286,303,"7/26/24, 12:00 AM",CUDDALORE,7,2024-12-31T00:00:00,8.07,4.3593955,352,340,362,358,2.6480944,2024-01-01T00:00:00,30.585692307692305,Kodippallam,"{""geodesic"":false,""type"":""Point"",""coordinates"":[79.73091627307646,11.423471226270102]}"
1387_0,0.5,0.2534682,0.8,0.46,10.46,0.27116817,212,4.73,124,0.3754,0.33,28.13,0.28331363,4.1,0.37084547,0.29741818,-0.6094038574721387,0.64,314.42685,286,303,"7/27/24, 12:00 AM",CUDDALORE,7,2024-12-31T00:00:00,7.78,4.3593955,352,340,362,358,2.6480944,2024-01-01T00:00:00,30.585692307692305,Kodippallam,"{""geodesic"":false,""type"":""Point"",""coordinates"":[79.73091627307646,11.423471226270102]}"
1388_0,0.5,0.086769566,0.59,0.51,5.68,0.11589131,260,2.86,142,0.31821305,0.27,17.5,0.12051739,8.3,0.34386522,0.22826956,0.035389462347609715,0.64,-0.0,302,317,"8/1/24, 12:00 AM",CUDDALORE,5,2024-12-31T00:00:00,7.69,4.654199,343,336,355,347,0.92740995,2024-01-01T00:00:00,30.571823529411766,Neyvasal,"{""geodesic"":false,""type"":""Point"",""coordinates"":[79.57433991905442,11.297347760379722]}"
1389_0,0.5,0.092895456,0.68,0.47,5.73,0.12257727,279,2.71,138,0.37301365,0.3,20,0.10635909,8.3,0.29250455,0.18333636,-1.9538605491415937,0.73,236.82542,293,311,"8/1/24, 12:00 AM",CUDDALORE,12,2024-12-31T00:00:00,7.71,4.654199,357,346,350,343,3.3860548,2024-01-01T00:00:00,30.53410526315789,Neyvasal,"{""geodesic"":false,""type"":""Point"",""coordinates"":[79.56625508149736,11.297886749550193]}"
1390_0,0.5,0.15115,0.62,0.52,6.18,0.16565908,212,3.01,138,0.3411909,0.3,20,0.15491818,8.3,0.26521817,0.17494546,1.470463319871582,0.65,45.564938,316,325,"8/1/24, 12:00 AM",CUDDALORE,8,2024-12-31T00:00:00,7.36,4.582335,323,319,361,356,1.3245609,2024-01-01T00:00:00,30.57271428571429,Neyvasal,"{""geodesic"":false,""type"":""Point"",""coordinates"":[79.58134677827056,11.341544872358401]}"
1392_0,0.5,0.14329444,0.86,0.14,9.36,0.16853888,125,4.21,142,0.33356112,0.27,12.5,0.17562778,4.1,0.2956722,0.19988889,-0.676957351952589,0.86,270.0,305,308,"7/20/24, 12:00 AM",CUDDALORE,12,2024-12-31T00:00:00,7.47,4.8637958,328,330,367,362,0.9455575,2024-01-01T00:00:00,30.593625000000003,Periakottagam,"{""geodesic"":false,""type"":""Point"",""coordinates"":[79.54685147136037,11.244526821673494]}"
1393_0,0.5,0.14329444,1.06,0.13,11.06,0.16853888,102,5.21,145,0.33356112,0.36,15,0.17562778,8.3,0.2956722,0.19988889,-0.676957351952589,0.91,270.0,305,308,"7/20/24, 12:00 AM",CUDDALORE,12,2024-12-31T00:00:00,7.48,4.8637958,328,330,367,362,0.9455575,2024-01-01T00:00:00,30.593625000000003,Periakottagam,"{""geodesic"":false,""type"":""Point"",""coordinates"":[79.54685147136037,11.244526821673494]}"
1394_0,0.5,0.120866664,0.86,0.53,9.21,0.144,125,4.25,156,0.29655,0.3,17.5,0.14765,4.1,0.25895,0.17205,-2.1125423036673974,1.21,225.55511,305,308,"7/22/24, 12:00 AM",CUDDALORE,12,2024-12-31T00:00:00,7.52,4.8637958,328,330,367,362,3.9673438,2024-01-01T00:00:00,30.593625000000003,Periakottagam,"{""geodesic"":false,""type"":""Point"",""coordinates"":[79.54577349301942,11.24344884333255]}"
1395_0,0.91,0.14442223,0.91,0.12,11.21,0.16664444,94,5.28,156,0.30021667,0.33,15,0.16799444,8.3,0.2635389,0.18578888,3.2252962858595944,0.5,-0.0,298,302,"7/31/24, 12:00 AM",CUDDALORE,11,2024-12-31T00:00:00,7.18,4.8637958,330,329,372,370,0.0,2024-01-01T00:00:00,30.593625000000003,Periakottagam,"{""geodesic"":false,""type"":""Point"",""coordinates"":[79.54361753633754,11.242909854162079]}"
1396_0,0.65,0.14442223,0.63,0.15,11.25,0.16664444,102,5.31,152,0.30021667,0.3,17.5,0.16799444,4.1,0.2635389,0.18578888,3.2252962858595944,1,-0.0,298,302,"7/31/24, 12:00 AM",CUDDALORE,11,2024-12-31T00:00:00,7.19,4.8637958,330,329,372,370,0.0,2024-01-01T00:00:00,30.593625000000003,Periakottagam,"{""geodesic"":false,""type"":""Point"",""coordinates"":[79.54361753633754,11.242909854162079]}"
1397_0,0.91,0.13844211,1.06,0.13,11.06,0.16156316,102,5.21,145,0.32021052,0.36,15,0.16231579,8.3,0.27036315,0.1851,-1.0139255550532889,0.5,134.44493,298,302,"7/31/24, 12:00 AM",CUDDALORE,11,2024-12-31T00:00:00,7.48,4.8637958,330,329,372,370,1.3243283,2024-01-01T00:00:00,30.593625000000003,Periakottagam,"{""geodesic"":false,""type"":""Point"",""coordinates"":[79.54388703092278,11.242909854162079]}"
1398_0,0.2,0.093175,0.55,0.25,6.36,0.107325,192,3.12,166,0.29518,0.27,28.1,0.099395,8.3,0.24367,0.16414501,-1.4675853304755704,0.61,207.03828,324,338,"7/24/24, 12:00 AM",CUDDALORE,74,2024-12-31T00:00:00,8.36,4.0401964,372,359,304,302,2.081688,2024-01-01T00:00:00,30.557151515151517,Kammapuram,"{""geodesic"":false,""type"":""Point"",""coordinates"":[79.40482782494108,11.568459313126993]}"
1399_0,0.5,0.10370953,0.65,0.24,5.57,0.12751429,192,2.86,159,0.3216762,0.33,31.2,0.13668095,4.1,0.2972857,0.22351429,-0.32248826326647595,0.79,225.58788,309,323,"7/24/24, 12:00 AM",CUDDALORE,73,2024-12-31T00:00:00,8.46,4.0401964,379,365,311,312,1.3251017,2024-01-01T00:00:00,30.557151515151517,Kammapuram,"{""geodesic"":false,""type"":""Point"",""coordinates"":[79.40455833035584,11.567920323956521]}"
1400_0,0.05,0.10773,0.6,0.19,6.86,0.128055,183,3.12,166,0.2561,0.39,25,0.15573,8.2,0.29930001,0.246015,-1.015634205101771,0.63,134.41211,324,338,"7/25/24, 12:00 AM",CUDDALORE,74,2024-12-31T00:00:00,8.31,4.0401964,372,359,304,302,1.3251024,2024-01-01T00:00:00,30.557151515151517,Kammapuram,"{""geodesic"":false,""type"":""Point"",""coordinates"":[79.4050973195263,11.568459313126993]}"
1401_0,0.05,0.095295236,0.57,0.24,6.39,0.11248095,212,3.02,156,0.3233619,0.33,22,0.11349048,4.1,0.27405715,0.18935238,-0.32248826326647595,0.55,225.58788,309,323,"7/25/24, 12:00 AM",CUDDALORE,73,2024-12-31T00:00:00,8.46,4.0401964,379,365,311,312,1.3251017,2024-01-01T00:00:00,30.553454545454546,Kammapuram,"{""geodesic"":false,""type"":""Point"",""coordinates"":[79.40455833035584,11.568189818541757]}"
1402_0,0.5,0.09735,0.55,0.18,7.3,0.11434,202,4.41,173,0.27122,0.27,28.13,0.12646501,4.1,0.264185,0.19664499,-1.4798971627734505,0.55,116.097626,324,338,"7/24/24, 12:00 AM",CUDDALORE,73,2024-12-31T00:00:00,8.58,4.0401964,372,359,304,302,2.1074526,2024-01-01T00:00:00,30.557151515151517,Kammapuram,"{""geodesic"":false,""type"":""Point"",""coordinates"":[79.4050973195263,11.568189818541757]}"
1403_0,0.5,0.10773,0.5,0.2,6.73,0.128055,192,3.91,166,0.2561,0.3,31.3,0.15573,4.1,0.29930001,0.246015,-1.015634205101771,0.49,134.41211,324,338,"7/24/24, 12:00 AM",CUDDALORE,74,2024-12-31T00:00:00,8.49,4.0401964,372,359,304,302,1.3251024,2024-01-01T00:00:00,30.557151515151517,Kammapuram,"{""geodesic"":false,""type"":""Point"",""coordinates"":[79.4050973195263,11.568459313126993]}"
1404_0,0.5,0.093175,0.86,0.39,9.35,0.107325,144,4.76,118,0.29518,0.36,12.5,0.099395,4.1,0.24367,0.16414501,-1.4675853304755704,0.71,207.03828,324,338,"7/25/24, 12:00 AM",CUDDALORE,74,2024-12-31T00:00:00,8.38,4.0401964,372,359,304,302,2.081688,2024-01-01T00:00:00,30.557151515151517,Sattapadi,"{""geodesic"":false,""type"":""Point"",""coordinates"":[79.40482782494108,11.568459313126993]}"
1405_0,0.5,0.101165004,0.55,0.22,8.34,0.128175,117,4.06,142,0.274075,0.3,37.5,0.12658,4.1,0.258625,0.186905,-0.2534430787561727,0.55,-0.0,321,327,"7/20/24, 12:00 AM",CUDDALORE,52,2024-12-31T00:00:00,8.17,3.7275825,360,358,318,315,1.8543341,2024-01-01T00:00:00,30.968875000000004,Kattiyanallur,"{""geodesic"":false,""type"":""Point"",""coordinates"":[79.32209298727366,11.62855660563459]}"
1406_0,0.5,0.13863158,0.61,0.19,8.16,0.1497,125,4.1,135,0.2832263,0.24,31.3,0.13982631,4.1,0.2419579,0.1722,-1.8287299064486686,0.57,288.08298,329,330,"7/20/24, 12:00 AM",CUDDALORE,58,2024-12-31T00:00:00,8.15,3.7275825,342,344,329,325,2.9854043,2024-01-01T00:00:00,30.728242424242424,Kattiyanallur,"{""geodesic"":false,""type"":""Point"",""coordinates"":[79.31319966596088,11.602954620037183]}"
1407_0,0.5,0.101165004,0.58,0.18,8.44,0.128175,109,4.15,138,0.274075,0.27,28.13,0.12658,4.1,0.258625,0.186905,-0.2534430787561727,0.61,-0.0,321,327,"7/20/24, 12:00 AM",CUDDALORE,52,2024-12-31T00:00:00,8.25,3.7275825,360,358,318,315,1.8543341,2024-01-01T00:00:00,30.968875000000004,Kattiyanallur,"{""geodesic"":false,""type"":""Point"",""coordinates"":[79.32209298727366,11.62855660563459]}"
1408_0,0.5,0.117215,0.6,0.17,8.6,0.144165,117,4.06,135,0.28198,0.3,50,0.14367,4.1,0.270965,0.20149499,0.03423739764144912,0.66,180.0,323,337,"7/20/24, 12:00 AM",CUDDALORE,52,2024-12-31T00:00:00,8.23,3.7275825,359,351,318,312,0.92740995,2024-01-01T00:00:00,30.968875000000004,Kattiyanallur,"{""geodesic"":false,""type"":""Point"",""coordinates"":[79.3215539981032,11.628826100219825]}"
1409_0,0.5,0.13795,0.4,0.24,6.74,0.156295,144,3.65,128,0.284165,0.3,28.1,0.15388,4.1,0.270865,0.19981,3.917101753899398,0.49,-0.0,323,337,"7/20/24, 12:00 AM",CUDDALORE,54,2024-12-31T00:00:00,8.21,3.7275825,359,351,318,312,0.0,2024-01-01T00:00:00,30.968875000000004,Kattiyanallur,"{""geodesic"":false,""type"":""Point"",""coordinates"":[79.3207455143475,11.629365089390296]}"
1410_0,0.5,0.13863158,0.56,0.32,6.14,0.1497,135,2.98,111,0.2832263,0.3,45.7,0.13982631,4.1,0.2419579,0.1722,-1.8287299064486686,0.64,288.08298,329,330,"7/20/24, 12:00 AM",CUDDALORE,58,2024-12-31T00:00:00,8.16,3.7275825,342,344,329,325,2.9854043,2024-01-01T00:00:00,30.728242424242424,Kattiyanallur,"{""geodesic"":false,""type"":""Point"",""coordinates"":[79.31319966596088,11.602954620037183]}"
1411_0,0.5,0.13863158,0.6,0.26,8.69,0.1497,117,4.26,145,0.2832263,0.36,34,0.13982631,4.1,0.2419579,0.1722,-1.8287299064486686,0.63,288.08298,329,330,"7/23/24, 12:00 AM",CUDDALORE,58,2024-12-31T00:00:00,8.35,3.7275825,342,344,329,325,2.9854043,2024-01-01T00:00:00,30.728242424242424,Kattiyanallur,"{""geodesic"":false,""type"":""Point"",""coordinates"":[79.31319966596088,11.602954620037183]}"
1412_0,0.5,0.18848637,0.6,0.31,8.82,0.21531364,78,4.2,138,0.30608636,0.39,32,0.22947727,8.2,0.33664092,0.2786591,1.1817008611976303,0.62,134.41417,306,314,"7/23/24, 12:00 AM",CUDDALORE,61,2024-12-31T00:00:00,8.3,3.8134,379,364,315,322,1.3250536,2024-01-01T00:00:00,30.639225806451606,Kattiyanallur,"{""geodesic"":false,""type"":""Point"",""coordinates"":[79.33583721112069,11.547977724649067]}"
1413_0,0.5,0.11473684,0.52,0.22,8.96,0.13736317,94,4.63,131,0.29564735,0.36,55,0.14228421,4.1,0.2966684,0.2067579,-1.015963667906874,0.63,134.4058,323,331,"7/23/24, 12:00 AM",CUDDALORE,53,2024-12-31T00:00:00,8.17,3.7275825,365,364,311,306,1.3252511,2024-01-01T00:00:00,30.858882352941183,Kattiyanallur,"{""geodesic"":false,""type"":""Point"",""coordinates"":[79.33098630858645,11.629634583975532]}"
1414_0,0.5,0.114021055,0.55,0.35,10.17,0.1362421,125,4.5,128,0.3022421,0.33,17.5,0.13677369,4.1,0.30068946,0.20683685,7.26465620577599,0.59,134.4058,323,331,"7/22/24, 12:00 AM",CUDDALORE,53,2024-12-31T00:00:00,8.29,3.7275825,365,364,311,306,1.3252511,2024-01-01T00:00:00,30.858882352941183,Pavalangudi ko,"{""geodesic"":false,""type"":""Point"",""coordinates"":[79.33125580317169,11.629634583975532]}"
1415_0,0.5,0.1126,0.43,0.27,10.11,0.13742632,135,4.47,156,0.31286317,0.27,20,0.13777368,4.1,0.28847894,0.19582105,7.26465620577599,0.65,134.4058,323,331,"7/22/24, 12:00 AM",CUDDALORE,53,2024-12-31T00:00:00,8.35,3.7275825,365,364,311,306,1.3252511,2024-01-01T00:00:00,30.858882352941183,Pavalangudi ko,"{""geodesic"":false,""type"":""Point"",""coordinates"":[79.33152529775693,11.629634583975532]}"
1416_0,0.5,0.145675,0.49,0.2,9.78,0.16397,125,4.11,156,0.335585,0.33,15,0.152895,4.1,0.286575,0.206985,2.125347510707701,0.63,-0.0,326,332,"7/22/24, 12:00 AM",CUDDALORE,53,2024-12-31T00:00:00,8.35,3.7275825,366,362,307,306,0.0,2024-01-01T00:00:00,30.858882352941183,Pavalangudi ko,"{""geodesic"":false,""type"":""Point"",""coordinates"":[79.33260327609787,11.629365089390296]}"
1417_0,0.5,0.09735,0.77,0.44,9.06,0.11434,135,5.21,111,0.27122,0.27,22.5,0.12646501,8.3,0.264185,0.19664499,-1.4798971627734505,1.06,116.097626,324,338,"7/25/24, 12:00 AM",CUDDALORE,73,2024-12-31T00:00:00,8.41,4.0401964,372,359,304,302,2.1074526,2024-01-01T00:00:00,30.557151515151517,Keenanur,"{""geodesic"":false,""type"":""Point"",""coordinates"":[79.4050973195263,11.568189818541757]}"
1418_0,0.5,0.122812,0.62,0.26,7.64,0.134924,78,3.48,138,0.23376,0.33,34.3,0.143704,4.1,0.214092,0.162068,2.7910943340342116,0.76,134.41364,317,322,"6/25/24, 12:00 AM",CUDDALORE,116,2024-12-31T00:00:00,8.49,3.3423345,379,371,304,307,1.3250662,2024-01-01T00:00:00,30.797124999999998,Naraiyur S.,"{""geodesic"":false,""type"":""Point"",""coordinates"":[78.93267331160786,11.553367616353786]}"
1419_0,0.5,0.0965375,0.71,0.24,7.36,0.119383335,86,3.15,131,0.30847916,0.42,45.7,0.12065833,4.1,0.25737083,0.1777625,-0.658663189228822,0.81,180.0,335,337,"6/25/24, 12:00 AM",CUDDALORE,118,2024-12-31T00:00:00,8.43,3.3423345,353,349,312,314,0.92740995,2024-01-01T00:00:00,30.82254545454546,Naraiyur S.,"{""geodesic"":false,""type"":""Point"",""coordinates"":[78.94021915999446,11.55956599181421]}"
1420_0,0.5,0.09741154,0.56,0.25,7.36,0.11641154,70,3.81,131,0.28012693,0.3,41.6,0.1068,4.1,0.21773462,0.14150769,-0.7866286112019978,0.64,296.09912,325,319,"6/25/24, 12:00 AM",CUDDALORE,108,2024-12-31T00:00:00,8.11,3.43366,375,376,300,305,2.1073399,2024-01-01T00:00:00,30.846121212121208,Naraiyur S.,"{""geodesic"":false,""type"":""Point"",""coordinates"":[78.94668703004012,11.549325197575246]}"
1421_0,0.5,0.166592,0.71,0.69,9.13,0.184952,192,4.2,159,0.327948,0.21,41.6,0.204352,4.1,0.320236,0.238956,1.1331154070580718,0.84,-0.0,327,320,"6/25/24, 12:00 AM",CUDDALORE,109,2024-12-31T00:00:00,7.84,3.3423345,369,370,304,310,2.7802885,2024-01-01T00:00:00,30.87309677419355,Naraiyur S.,"{""geodesic"":false,""type"":""Point"",""coordinates"":[78.94533955711394,11.553367616353786]}"
1422_0,0.5,0.125024,0.63,0.19,9.45,0.14854,163,3.98,163,0.344632,0.36,41.6,0.142116,4.1,0.29560798,0.204568,-0.6586300310818345,0.32,180.0,325,320,"6/26/24, 12:00 AM",CUDDALORE,112,2024-12-31T00:00:00,7.95,3.43366,377,375,298,305,2.7802885,2024-01-01T00:00:00,30.846121212121208,Naraiyur S.,"{""geodesic"":false,""type"":""Point"",""coordinates"":[78.9421056220911,11.549325197575246]}"
1423_0,0.5,0.10669231,0.71,0.21,7.81,0.12219615,86,3.48,124,0.27237692,0.3,37.5,0.12615,4.1,0.26331154,0.197,-2.401823532325586,0.86,45.58588,318,309,"6/25/24, 12:00 AM",CUDDALORE,112,2024-12-31T00:00:00,8.06,3.43366,377,377,305,314,5.286115,2024-01-01T00:00:00,30.846121212121208,Naraiyur S.,"{""geodesic"":false,""type"":""Point"",""coordinates"":[78.94776500838107,11.54851671381954]}"
1424_0,0.5,0.10559231,0.85,0.19,9.17,0.11983077,163,4.23,149,0.26508078,0.3,55,0.11421154,4.1,0.21305385,0.15728846,-1.0155679704742706,0.45,134.41338,310,313,"6/26/24, 12:00 AM",CUDDALORE,118,2024-12-31T00:00:00,7.99,3.3423345,381,374,309,313,1.3250723,2024-01-01T00:00:00,30.7625625,Naraiyur S.,"{""geodesic"":false,""type"":""Point"",""coordinates"":[78.93105634409645,11.555793067620908]}"
1425_0,0.5,0.1004625,0.68,0.24,7.51,0.1208875,63,4.15,142,0.29357916,0.3,41.6,0.12846667,4.1,0.26795417,0.18714583,-0.6791521447546263,0.72,90.0,335,337,"6/25/24, 12:00 AM",CUDDALORE,118,2024-12-31T00:00:00,8.53,3.3423345,353,349,312,314,1.892696,2024-01-01T00:00:00,30.82254545454546,Naraiyur S.,"{""geodesic"":false,""type"":""Point"",""coordinates"":[78.9404886545797,11.55956599181421]}"
1426_0,0.5,0.068648,1.21,0.18,10.21,0.090848,70,4.22,142,0.245012,0.42,46,0.094296,8.3,0.214196,0.152676,0.7071620961247901,0.86,270.0,332,325,"6/21/24, 12:00 AM",CUDDALORE,110,2024-12-31T00:00:00,8.03,3.3751638,356,356,312,319,0.946595,2024-01-01T00:00:00,30.887225806451614,Naraiyur S.,"{""geodesic"":false,""type"":""Point"",""coordinates"":[78.95072944881866,11.556062562206144]}"
1427_0,0.5,0.080065,0.82,0.17,10.21,0.09926,117,4.31,66,0.34228998,0.36,28,0.08466,8.3,0.218265,0.131855,-0.3237773792859965,1.06,225.6126,346,374,"7/9/24, 12:00 AM",CUDDALORE,37,2024-12-31T00:00:00,7.62,4.3971405,375,351,279,275,1.3256859,2024-01-01T00:00:00,30.5936,Manamthavizhnthaputhur,"{""geodesic"":false,""type"":""Point"",""coordinates"":[79.49133558680178,11.807231515645961]}"
1428_0,0.5,0.14964546,1.06,0.25,11.06,0.17521818,125,5.36,76,0.3566273,0.33,37.5,0.1896,8.3,0.37813637,0.28103182,-1.7100974821217825,0.88,225.61317,344,374,"7/9/24, 12:00 AM",CUDDALORE,40,2024-12-31T00:00:00,7.74,4.3971405,374,352,282,274,2.649981,2024-01-01T00:00:00,30.57186206896551,Manamthavizhnthaputhur,"{""geodesic"":false,""type"":""Point"",""coordinates"":[79.49537800558032,11.812890901935914]}"
1429_0,0.5,0.09510952,0.68,0.16,8.26,0.13450477,125,6.21,104,0.3237905,0.27,52,0.16820475,4.1,0.39397618,0.31942382,-2.8188771872123612,0.63,216.11868,326,356,"7/16/24, 12:00 AM",CUDDALORE,41,2024-12-31T00:00:00,7.7,4.545803,367,343,307,300,7.985103,2024-01-01T00:00:00,30.5674,Manamthavizhnthaputhur,"{""geodesic"":false,""type"":""Point"",""coordinates"":[79.50103739187028,11.802111118526481]}"
1430_0,0.5,0.082742855,0.76,0.26,7.35,0.11214762,173,9.27,104,0.28697142,0.33,60,0.12992857,8.3,0.3288524,0.25428572,-2.27675113223505,0.77,217.45912,320,353,"7/10/24, 12:00 AM",CUDDALORE,40,2024-12-31T00:00:00,7.6,4.545803,377,348,303,299,4.663424,2024-01-01T00:00:00,30.5674,Manamthavizhnthaputhur,"{""geodesic"":false,""type"":""Point"",""coordinates"":[79.50211537021121,11.800763645600302]}"
1431_0,0.5,0.07719047,0.54,0.33,8.16,0.10819048,173,4.32,62,0.31397143,0.3,17.5,0.12196191,4.1,0.31957144,0.23982382,-0.7882483002477193,0.6,243.92134,320,353,"7/9/24, 12:00 AM",CUDDALORE,36,2024-12-31T00:00:00,8.05,4.545803,377,348,303,299,2.1088767,2024-01-01T00:00:00,30.5674,Manamthavizhnthaputhur,"{""geodesic"":false,""type"":""Point"",""coordinates"":[79.50211537021121,11.80022465642983]}"
1432_0,0.5,0.07719047,0.45,0.21,8.36,0.10819048,202,4.21,62,0.31397143,0.33,20,0.12196191,4.1,0.31957144,0.23982382,-0.7882483002477193,0.48,243.92134,320,353,"7/9/24, 12:00 AM",CUDDALORE,36,2024-12-31T00:00:00,8.06,4.545803,377,348,303,299,2.1088767,2024-01-01T00:00:00,30.5674,Manamthavizhnthaputhur,"{""geodesic"":false,""type"":""Point"",""coordinates"":[79.50211537021121,11.80022465642983]}"
1433_0,0.5,0.15161765,0.63,0.12,12.18,0.16794117,125,5.79,104,0.24719413,0.33,34,0.1845,4.1,0.28806472,0.24791177,-0.7312299974424388,0.65,288.073,340,361,"7/16/24, 12:00 AM",CUDDALORE,25,2024-12-31T00:00:00,6.62,4.665223,337,324,323,315,2.986995,2024-01-01T00:00:00,30.57154838709677,Melkangeyankuppam,"{""geodesic"":false,""type"":""Point"",""coordinates"":[79.56302114647453,11.766537833275347]}"
1434_0,0.5,0.15161765,0.92,0.08,11.82,0.16794117,135,5.96,138,0.24719413,0.36,34,0.1845,8.2,0.28806472,0.24791177,-0.7312299974424388,0.96,288.073,340,361,"7/16/24, 12:00 AM",CUDDALORE,25,2024-12-31T00:00:00,6.61,4.665223,337,324,323,315,2.986995,2024-01-01T00:00:00,30.57154838709677,Melkangeyankuppam,"{""geodesic"":false,""type"":""Point"",""coordinates"":[79.56302114647453,11.766537833275347]}"
1435_0,0.5,0.15161765,0.61,0.08,11.24,0.16794117,163,4.81,121,0.24719413,0.33,45.8,0.1845,4.1,0.28806472,0.24791177,-0.7312299974424388,0.81,288.073,340,361,"7/18/24, 12:00 AM",CUDDALORE,25,2024-12-31T00:00:00,6.6,4.665223,337,324,323,315,2.986995,2024-01-01T00:00:00,30.57154838709677,Melkangeyankuppam,"{""geodesic"":false,""type"":""Point"",""coordinates"":[79.56302114647453,11.766537833275347]}"
1436_0,0.5,0.15161765,0.64,0.08,14.21,0.16794117,125,6.72,124,0.24719413,0.36,37.5,0.1845,4.1,0.28806472,0.24791177,-0.7312299974424388,0.9,288.073,340,361,"7/18/24, 12:00 AM",CUDDALORE,25,2024-12-31T00:00:00,6.54,4.665223,337,324,323,315,2.986995,2024-01-01T00:00:00,30.57154838709677,Melkangeyankuppam,"{""geodesic"":false,""type"":""Point"",""coordinates"":[79.56302114647453,11.766537833275347]}"
1437_0,0.5,0.15161765,0.75,0.1,12.36,0.16794117,117,6.33,86,0.24719413,0.27,34,0.1845,4.1,0.28806472,0.24791177,-0.7312299974424388,0.86,288.073,340,361,"7/12/24, 12:00 AM",CUDDALORE,25,2024-12-31T00:00:00,6.05,4.665223,337,324,323,315,2.986995,2024-01-01T00:00:00,30.57154838709677,Melkangeyankuppam,"{""geodesic"":false,""type"":""Point"",""coordinates"":[79.56302114647453,11.766537833275347]}"
1438_0,0.5,0.15161765,0.81,0.09,14.12,0.16794117,117,6.98,86,0.24719413,0.3,37.5,0.1845,4.1,0.28806472,0.24791177,-0.7312299974424388,0.96,288.073,340,361,"7/16/24, 12:00 AM",CUDDALORE,25,2024-12-31T00:00:00,6.32,4.665223,337,324,323,315,2.986995,2024-01-01T00:00:00,30.57154838709677,Melkangeyankuppam,"{""geodesic"":false,""type"":""Point"",""coordinates"":[79.56302114647453,11.766537833275347]}"
1439_0,0.5,0.15161765,0.9,0.08,13.36,0.16794117,117,5.36,111,0.24719413,0.33,34,0.1845,4.1,0.28806472,0.24791177,-0.7312299974424388,0.95,288.073,340,361,"7/12/24, 12:00 AM",CUDDALORE,25,2024-12-31T00:00:00,6.51,4.665223,337,324,323,315,2.986995,2024-01-01T00:00:00,30.57154838709677,Melkangeyankuppam,"{""geodesic"":false,""type"":""Point"",""coordinates"":[79.56302114647453,11.766537833275347]}"
1440_0,0.5,0.15161765,0.81,0.09,14.36,0.16794117,117,7.18,104,0.24719413,0.27,34,0.1845,8.3,0.28806472,0.24791177,-0.7312299974424388,0.96,288.073,340,361,"7/12/24, 12:00 AM",CUDDALORE,25,2024-12-31T00:00:00,6.47,4.665223,337,324,323,315,2.986995,2024-01-01T00:00:00,30.57154838709677,Melkangeyankuppam,"{""geodesic"":false,""type"":""Point"",""coordinates"":[79.56302114647453,11.766537833275347]}"
1441_0,0.5,0.12941892,0.62,0.09,14.01,0.14272162,125,4.36,100,0.36070812,0.27,37.5,0.12854055,4.1,0.255,0.17241082,-1.3731193483113489,0.72,90.0,327,346,"7/12/24, 12:00 AM",CUDDALORE,95,2024-12-31T00:00:00,6.32,4.2817693,366,347,307,308,1.8934766,2024-01-01T00:00:00,30.494411764705887,Melkangeyankuppam,"{""geodesic"":false,""type"":""Point"",""coordinates"":[79.47705237378429,11.674370685124684]}"
1442_0,0.5,0.12332703,0.72,0.12,13.06,0.14135675,117,4.72,145,0.3729865,0.27,34,0.12064324,4.1,0.24744865,0.15963243,-1.0162030584314101,0.81,134.4012,327,346,"7/12/24, 12:00 AM",CUDDALORE,96,2024-12-31T00:00:00,6.41,4.2817693,366,347,307,308,1.32536,2024-01-01T00:00:00,30.494411764705887,Melkangeyankuppam,"{""geodesic"":false,""type"":""Point"",""coordinates"":[79.47678287919905,11.674370685124684]}"
1443_0,0.5,0.16825384,0.53,0.1,11.38,0.18283845,154,4.35,104,0.3868,0.36,45.8,0.17661282,4.1,0.31754872,0.23367693,-1.0162121229866057,0.75,134.40102,321,339,"7/18/24, 12:00 AM",CUDDALORE,95,2024-12-31T00:00:00,6.76,4.2817693,372,353,307,308,1.325364,2024-01-01T00:00:00,30.523411764705884,Melkangeyankuppam,"{""geodesic"":false,""type"":""Point"",""coordinates"":[79.47705237378429,11.675987652636099]}"
1444_0,0.5,0.16780514,0.69,0.09,11.2,0.17841282,117,4.21,128,0.37704873,0.42,41.6,0.16619231,8.3,0.2758564,0.18352564,-0.32306282943110926,0.64,134.40102,321,339,"7/18/24, 12:00 AM",CUDDALORE,94,2024-12-31T00:00:00,6.76,4.2817693,372,353,307,308,1.325364,2024-01-01T00:00:00,30.523411764705884,Melkangeyankuppam,"{""geodesic"":false,""type"":""Point"",""coordinates"":[79.47732186836951,11.675987652636099]}"
1445_0,0.5,0.14216316,0.68,0.24,13.15,0.16039474,154,6.32,121,0.3203263,0.33,45.7,0.16448422,8.3,0.31745788,0.2413,-0.6806649079053801,0.71,270.0,331,359,"7/5/24, 12:00 AM",CUDDALORE,27,2024-12-31T00:00:00,6.05,4.649809,357,336,312,306,1.8941371,2024-01-01T00:00:00,30.685612903225806,Alagappasamudram,"{""geodesic"":false,""type"":""Point"",""coordinates"":[79.54227006341137,11.77084974663912]}"
1446_0,0.5,0.078805,0.6,0.2,10.16,0.10535,221,4.78,159,0.264395,0.36,57,0.128005,8.2,0.28153,0.193965,-2.268835601252091,0.62,-0.0,355,382,"7/10/24, 12:00 AM",CUDDALORE,29,2024-12-31T00:00:00,5.67,4.649809,324,303,320,315,4.6273675,2024-01-01T00:00:00,30.685612903225806,Alagappasamudram,"{""geodesic"":false,""type"":""Point"",""coordinates"":[79.53876663380329,11.766807327860583]}"
1447_0,0.5,0.078805,0.52,0.2,9.85,0.10535,163,4.71,173,0.264395,0.39,65,0.128005,8.2,0.28153,0.193965,-2.268835601252091,0.55,-0.0,355,382,"7/10/24, 12:00 AM",CUDDALORE,29,2024-12-31T00:00:00,5.58,4.649809,324,303,320,315,4.6273675,2024-01-01T00:00:00,30.685612903225806,Alagappasamudram,"{""geodesic"":false,""type"":""Point"",""coordinates"":[79.53876663380329,11.766807327860583]}"
1448_0,0.5,0.078805,0.91,0.25,9.73,0.10535,183,5.61,159,0.264395,0.39,66,0.128005,4.1,0.28153,0.193965,-2.268835601252091,0.75,-0.0,355,382,"7/3/24, 12:00 AM",CUDDALORE,29,2024-12-31T00:00:00,5.53,4.649809,324,303,320,315,4.6273675,2024-01-01T00:00:00,30.685612903225806,Alagappasamudram,"{""geodesic"":false,""type"":""Point"",""coordinates"":[79.53876663380329,11.766807327860583]}"
1449_0,0.5,0.14216316,0.82,0.25,9.41,0.16039474,221,5.21,152,0.3203263,0.33,55,0.16448422,4.1,0.31745788,0.2413,-0.6806649079053801,0.75,270.0,331,359,"7/3/24, 12:00 AM",CUDDALORE,27,2024-12-31T00:00:00,5.85,4.649809,357,336,312,306,1.8941371,2024-01-01T00:00:00,30.685612903225806,Alagappasamudram,"{""geodesic"":false,""type"":""Point"",""coordinates"":[79.54227006341137,11.77084974663912]}"
1450_0,0.5,0.05227619,0.91,0.32,10.21,0.06819524,202,5.35,159,0.21196191,0.33,68.5,0.05965238,4.1,0.15225714,0.095714286,-2.5060022650583402,1.06,341.1969,355,382,"7/3/24, 12:00 AM",CUDDALORE,32,2024-12-31T00:00:00,5.38,4.649809,324,303,320,315,5.858181,2024-01-01T00:00:00,30.63886666666666,Alagappasamudram,"{""geodesic"":false,""type"":""Point"",""coordinates"":[79.53876663380329,11.766537833275347]}"
1451_0,0.5,0.057315,0.82,0.36,10.31,0.077635,221,5.41,152,0.27272,0.3,71.5,0.076495,4.1,0.248975,0.17075,-2.077278963009865,1.12,345.67474,355,382,"7/3/24, 12:00 AM",CUDDALORE,29,2024-12-31T00:00:00,5.41,4.649809,324,303,320,315,3.8233354,2024-01-01T00:00:00,30.685612903225806,Alagappasamudram,"{""geodesic"":false,""type"":""Point"",""coordinates"":[79.53903612838853,11.766807327860583]}"
1452_0,0.5,0.078805,0.91,0.31,9.46,0.10535,212,5.21,166,0.264395,0.42,65.5,0.128005,4.1,0.28153,0.193965,-2.268835601252091,0.82,-0.0,355,382,"7/3/24, 12:00 AM",CUDDALORE,29,2024-12-31T00:00:00,5.72,4.649809,324,303,320,315,4.6273675,2024-01-01T00:00:00,30.685612903225806,Alagappasamudram,"{""geodesic"":false,""type"":""Point"",""coordinates"":[79.53876663380329,11.766807327860583]}"
1453_0,0.5,0.078805,0.63,0.33,9.28,0.10535,221,5.28,152,0.264395,0.3,62.5,0.128005,4.1,0.28153,0.193965,-2.268835601252091,0.63,-0.0,355,382,"7/3/24, 12:00 AM",CUDDALORE,29,2024-12-31T00:00:00,5.28,4.649809,324,303,320,315,4.6273675,2024-01-01T00:00:00,30.685612903225806,Alagappasamudram,"{""geodesic"":false,""type"":""Point"",""coordinates"":[79.53876663380329,11.766807327860583]}"
1454_0,0.5,0.057315,0.65,0.17,12.31,0.077635,125,5.31,145,0.27272,0.39,50,0.076495,4.1,0.248975,0.17075,-2.077278963009865,0.76,345.67474,355,382,"6/24/24, 12:00 AM",CUDDALORE,29,2024-12-31T00:00:00,5.41,4.649809,324,303,320,315,3.8233354,2024-01-01T00:00:00,30.685612903225806,Alagappasamudram,"{""geodesic"":false,""type"":""Point"",""coordinates"":[79.53903612838853,11.766807327860583]}"
1455_0,0.5,0.13464285,0.5,0.29,10.09,0.16942857,231,4.1,124,0.34204286,0.36,17.5,0.2108381,4.1,0.3766095,0.27729046,-0.6806649079053801,0.59,90.0,310,325,"7/18/24, 12:00 AM",CUDDALORE,41,2024-12-31T00:00:00,7.3,4.1939864,406,394,284,281,1.8941371,2024-01-01T00:00:00,30.671696969696967,Veerapperumanallur,"{""geodesic"":false,""type"":""Point"",""coordinates"":[79.44282656145933,11.77084974663912]}"
1456_0,0.5,0.13127619,0.6,0.3,10.98,0.16085239,202,5.91,138,0.37029523,0.3,12.5,0.1807619,4.1,0.34570476,0.23755237,-1.8128731625767585,0.68,198.80344,324,353,"7/24/24, 12:00 AM",CUDDALORE,41,2024-12-31T00:00:00,7.36,4.498694,390,365,286,282,2.9367714,2024-01-01T00:00:00,30.550571428571434,Veerapperumanallur,"{""geodesic"":false,""type"":""Point"",""coordinates"":[79.45630129072113,11.771927724980065]}"
1457_0,0.5,0.13794285,0.62,0.3,11.15,0.17125714,163,5.36,121,0.36923334,0.3,15,0.20026666,8.3,0.3834238,0.2739619,-0.9470975866102292,0.64,180.0,321,342,"7/24/24, 12:00 AM",CUDDALORE,41,2024-12-31T00:00:00,7.3,4.498694,394,376,284,282,3.7047918,2024-01-01T00:00:00,30.550571428571434,Veerapperumanallur,"{""geodesic"":false,""type"":""Point"",""coordinates"":[79.45549280696542,11.771658230394829]}"
1458_0,0.5,0.13577619,0.65,0.35,11.24,0.16884285,154,5.3,138,0.35081905,0.3,17.5,0.19970952,4.1,0.38805714,0.28133333,-1.35256097375947,0.75,180.0,321,342,"7/24/24, 12:00 AM",CUDDALORE,40,2024-12-31T00:00:00,7.25,4.498694,394,376,284,282,1.8543341,2024-01-01T00:00:00,30.550571428571434,Veerapperumanallur,"{""geodesic"":false,""type"":""Point"",""coordinates"":[79.45495381779494,11.771658230394829]}"
1459_0,0.5,0.112261906,0.5,0.25,10.32,0.13849048,221,5.01,145,0.30861428,0.33,12.5,0.16768095,8.2,0.35657144,0.26569524,-1.119717411333209,0.55,341.19672,310,325,"7/16/24, 12:00 AM",CUDDALORE,43,2024-12-31T00:00:00,7.41,4.1939864,406,394,284,281,2.9367688,2024-01-01T00:00:00,30.671696969696967,Veerapperumanallur,"{""geodesic"":false,""type"":""Point"",""coordinates"":[79.44147908853316,11.769502273712941]}"
1460_0,0.5,0.15477619,0.65,0.35,10.32,0.17491429,154,5.12,138,0.31834286,0.39,17,0.19482382,8.2,0.33678097,0.26285237,-2.282534712528437,0.7,53.71252,308,324,"7/16/24, 12:00 AM",CUDDALORE,43,2024-12-31T00:00:00,7.4,4.1939864,411,397,282,279,4.690908,2024-01-01T00:00:00,30.671696969696967,Veerapperumanallur,"{""geodesic"":false,""type"":""Point"",""coordinates"":[79.44174858311838,11.767885306201526]}"
1461_0,0.5,0.1204,0.55,0.37,10.6,0.14099048,192,4.56,135,0.3071381,0.36,20,0.1509619,8.3,0.27460954,0.19677143,-0.3235733816919807,0.55,314.3913,310,325,"7/10/24, 12:00 AM",CUDDALORE,42,2024-12-31T00:00:00,7.25,4.1939864,406,394,284,281,1.3255941,2024-01-01T00:00:00,30.671696969696967,Veerapperumanallur,"{""geodesic"":false,""type"":""Point"",""coordinates"":[79.44282656145933,11.770041262883414]}"
1462_0,0.5,0.16363809,0.53,0.32,9.75,0.18374285,163,4.48,142,0.33931905,0.33,20,0.20119524,8.3,0.3701619,0.28356665,-2.1153216408762345,0.6,314.39145,310,325,"7/10/24, 12:00 AM",CUDDALORE,47,2024-12-31T00:00:00,7.26,4.1939864,408,394,283,281,3.9711087,2024-01-01T00:00:00,30.671696969696967,Veerapperumanallur,"{""geodesic"":false,""type"":""Point"",""coordinates"":[79.44363504521505,11.768424295371998]}"
1463_0,0.5,0.1772619,0.55,0.29,10.98,0.19058095,163,4.2,124,0.34879047,0.33,22.5,0.19776191,4.1,0.32793334,0.24398096,-1.4811974936578256,0.6,63.918823,305,320,"7/10/24, 12:00 AM",CUDDALORE,43,2024-12-31T00:00:00,7.29,4.1939864,408,396,287,283,2.1086876,2024-01-01T00:00:00,30.671696969696967,Veerapperumanallur,"{""geodesic"":false,""type"":""Point"",""coordinates"":[79.44417403438551,11.769771768298178]}"
1464_0,0.5,0.116736844,0.45,0.18,8.71,0.13451579,163,4.11,135,0.32746843,0.33,31.5,0.14016315,4.1,0.27862105,0.2003579,-2.077385170367953,0.61,194.32666,311,327,"7/8/24, 12:00 AM",CUDDALORE,40,2024-12-31T00:00:00,8.12,4.498694,407,389,282,285,3.823359,2024-01-01T00:00:00,30.54624242424242,Natham,"{""geodesic"":false,""type"":""Point"",""coordinates"":[79.48109479256283,11.794834764725111]}"
1465_0,0.5,0.11302105,0.51,0.25,8.17,0.14665264,221,3.95,100,0.3312158,0.3,12.5,0.1698158,4.1,0.3275263,0.23967369,-1.373979380524839,0.6,270.0,311,327,"7/16/24, 12:00 AM",CUDDALORE,39,2024-12-31T00:00:00,7.77,4.498694,407,389,282,285,1.8942999,2024-01-01T00:00:00,30.54624242424242,Natham,"{""geodesic"":false,""type"":""Point"",""coordinates"":[79.4816337817333,11.794565270139877]}"
1466_0,0.5,0.11302105,0.49,0.22,7.17,0.14665264,212,3.36,138,0.3312158,0.36,20,0.1698158,4.1,0.3275263,0.23967369,-1.373979380524839,0.53,270.0,311,327,"7/16/24, 12:00 AM",CUDDALORE,39,2024-12-31T00:00:00,7.64,4.498694,407,389,282,285,1.8942999,2024-01-01T00:00:00,30.54624242424242,Natham,"{""geodesic"":false,""type"":""Point"",""coordinates"":[79.4816337817333,11.794565270139877]}"
1467_0,0.5,0.11478947,0.48,0.18,7.36,0.13558948,212,3.65,138,0.25333685,0.3,31.25,0.1406,4.1,0.25701052,0.19786842,-1.373956094031375,0.51,90.0,310,328,"7/5/24, 12:00 AM",CUDDALORE,39,2024-12-31T00:00:00,7.84,4.498694,411,391,279,281,1.894275,2024-01-01T00:00:00,30.50969696969697,Natham,"{""geodesic"":false,""type"":""Point"",""coordinates"":[79.47705237378429,11.790792345946574]}"
1468_0,0.5,0.13173333,0.52,0.26,6.75,0.15151112,163,3.76,131,0.26166666,0.3,25,0.16556667,4.1,0.26973334,0.21855,-1.3739550863950818,0.56,90.0,310,328,"7/5/24, 12:00 AM",CUDDALORE,39,2024-12-31T00:00:00,7.86,4.498694,411,391,279,281,1.894273,2024-01-01T00:00:00,30.50969696969697,Natham,"{""geodesic"":false,""type"":""Point"",""coordinates"":[79.47705237378429,11.790522851361338]}"
1469_0,0.5,0.076978944,0.73,0.18,11.41,0.10275789,154,4.41,128,0.2651316,0.3,31,0.101673685,4.1,0.23991579,0.1697421,-0.4266565134350806,1.22,341.1953,314,337,"7/12/24, 12:00 AM",CUDDALORE,37,2024-12-31T00:00:00,8.07,4.498694,407,382,280,281,2.936793,2024-01-01T00:00:00,30.55163636363636,Natham,"{""geodesic"":false,""type"":""Point"",""coordinates"":[79.47651338461381,11.791331335117047]}"
1470_0,0.5,0.076978944,0.91,0.26,9.41,0.10275789,183,4.71,124,0.2651316,0.39,28,0.101673685,4.1,0.23991579,0.1697421,-0.4266565134350806,1.06,341.1953,314,337,"7/12/24, 12:00 AM",CUDDALORE,37,2024-12-31T00:00:00,7.77,4.498694,407,382,280,281,2.936793,2024-01-01T00:00:00,30.55163636363636,Natham,"{""geodesic"":false,""type"":""Point"",""coordinates"":[79.47651338461381,11.791331335117047]}"
1471_0,0.5,0.098510526,0.8,0.3,10.12,0.13216315,183,5.01,93,0.31308946,0.36,25,0.1567842,8.2,0.29407895,0.21002105,4.85545174995705,0.82,116.07946,310,336,"7/12/24, 12:00 AM",CUDDALORE,35,2024-12-31T00:00:00,7.65,4.498694,412,385,279,279,2.1088164,2024-01-01T00:00:00,30.55163636363636,Natham,"{""geodesic"":false,""type"":""Point"",""coordinates"":[79.47300995500575,11.790522851361338]}"
1472_0,0.5,0.070536844,0.82,0.29,10.31,0.09176316,212,4.8,121,0.2790579,0.33,22,0.099763155,4.1,0.23799473,0.17376842,-2.4031282106268703,0.91,45.61092,310,336,"7/12/24, 12:00 AM",CUDDALORE,39,2024-12-31T00:00:00,7.59,4.498694,412,385,279,279,5.2884607,2024-01-01T00:00:00,30.55163636363636,Natham,"{""geodesic"":false,""type"":""Point"",""coordinates"":[79.47220147125005,11.79106184053181]}"
1473_0,0.5,0.060755,0.73,0.26,10.25,0.081425,231,4.92,124,0.27117,0.3,22,0.08888,8.2,0.23076,0.16484,-1.4813357280662283,0.78,296.0794,304,330,"7/12/24, 12:00 AM",CUDDALORE,44,2024-12-31T00:00:00,7.65,4.498694,403,377,293,293,2.10882,2024-01-01T00:00:00,30.55163636363636,Natham,"{""geodesic"":false,""type"":""Point"",""coordinates"":[79.47058450373862,11.79106184053181]}"
1474_0,0.5,0.14942999,0.56,0.24,8.54,0.17293,163,4.05,121,0.352355,0.33,12.5,0.16476,4.1,0.296275,0.211535,-2.1744911977922947,0.5,296.0793,304,330,"7/8/24, 12:00 AM",CUDDALORE,39,2024-12-31T00:00:00,7.83,4.498694,412,384,285,285,4.211959,2024-01-01T00:00:00,30.613806451612913,Natham,"{""geodesic"":false,""type"":""Point"",""coordinates"":[79.46465562286343,11.79240931345799]}"
1475_0,0.5,0.14942999,0.56,0.18,8.54,0.17293,163,4.05,93,0.352355,0.27,25,0.16476,4.1,0.296275,0.211535,-2.1744911977922947,0.55,296.0793,304,330,"7/8/24, 12:00 AM",CUDDALORE,39,2024-12-31T00:00:00,8.09,4.498694,412,384,285,285,4.211959,2024-01-01T00:00:00,30.613806451612913,Natham,"{""geodesic"":false,""type"":""Point"",""coordinates"":[79.46465562286343,11.79240931345799]}"
1476_0,0.5,0.104185,0.68,0.35,10.31,0.128745,221,5.35,118,0.299575,0.42,72,0.141105,8.3,0.32617,0.263685,-0.6594078251823042,0.94,180.0,345,373,"7/15/24, 12:00 AM",CUDDALORE,30,2024-12-31T00:00:00,5.26,4.649809,337,316,318,311,0.92740995,2024-01-01T00:00:00,30.69386666666667,Anguchettipalayam,"{""geodesic"":false,""type"":""Point"",""coordinates"":[79.53607168795094,11.77031075746865]}"
1477_0,0.5,0.06205,0.65,0.26,9.94,0.08402,117,4.81,156,0.179365,0.33,45.7,0.08548,4.1,0.175025,0.1277,-1.016732921142222,0.76,134.39099,344,375,"7/15/24, 12:00 AM",CUDDALORE,28,2024-12-31T00:00:00,5.46,4.649809,345,322,311,304,1.3256009,2024-01-01T00:00:00,30.701290322580647,Anguchettipalayam,"{""geodesic"":false,""type"":""Point"",""coordinates"":[79.52987331249051,11.772736208735772]}"
1478_0,0.5,0.11107368,0.61,0.27,9.86,0.1366421,144,4.98,145,0.29240525,0.39,50,0.15476316,4.1,0.3048158,0.24451579,-0.32353980208233635,0.72,225.60811,312,344,"7/15/24, 12:00 AM",CUDDALORE,29,2024-12-31T00:00:00,5.61,4.649809,379,351,309,305,1.3255796,2024-01-01T00:00:00,30.641548387096783,Anguchettipalayam,"{""geodesic"":false,""type"":""Point"",""coordinates"":[79.5215189803482,11.764112382008225]}"
1479_0,0.5,0.12404,0.86,0.39,10.21,0.151025,163,4.21,145,0.345495,0.27,34,0.15675,8.3,0.326685,0.243505,-1.3526790150332224,0.86,180.0,364,392,"7/19/24, 12:00 AM",CUDDALORE,27,2024-12-31T00:00:00,7.44,4.5402136,335,319,301,289,1.8543341,2024-01-01T00:00:00,30.596357142857148,Melkavarapattu,"{""geodesic"":false,""type"":""Point"",""coordinates"":[79.59239605626523,11.805075558964075]}"
1480_0,0.5,0.12404,0.63,0.15,9.81,0.151025,202,4.46,135,0.345495,0.27,45.8,0.15675,4.1,0.326685,0.243505,-1.3526790150332224,0.84,180.0,364,392,"7/19/24, 12:00 AM",CUDDALORE,27,2024-12-31T00:00:00,7.26,4.5402136,335,319,301,289,1.8543341,2024-01-01T00:00:00,30.596357142857148,Melkavarapattu,"{""geodesic"":false,""type"":""Point"",""coordinates"":[79.59239605626523,11.805075558964075]}"
1481_0,0.5,0.12404,0.75,0.48,11.26,0.151025,212,5.11,156,0.345495,0.27,50,0.15675,8.3,0.326685,0.243505,-1.3526790150332224,1.01,180.0,364,392,"7/19/24, 12:00 AM",CUDDALORE,27,2024-12-31T00:00:00,7.66,4.5402136,335,319,301,289,1.8543341,2024-01-01T00:00:00,30.596357142857148,Melkavarapattu,"{""geodesic"":false,""type"":""Point"",""coordinates"":[79.59239605626523,11.805075558964075]}"
1482_0,0.5,0.12404,0.7,0.12,9.36,0.151025,192,4.35,138,0.345495,0.33,41.63,0.15675,8.3,0.326685,0.243505,-1.3526790150332224,0.77,180.0,364,392,"7/19/24, 12:00 AM",CUDDALORE,27,2024-12-31T00:00:00,6.92,4.5402136,335,319,301,289,1.8543341,2024-01-01T00:00:00,30.596357142857148,Melkavarapattu,"{""geodesic"":false,""type"":""Point"",""coordinates"":[79.59239605626523,11.805075558964075]}"
1487_0,0.5,0.10026486,0.76,0.24,10,0.124227025,163,2.31,114,0.25859728,0.33,71.87,0.13235405,8.25,0.26138648,0.1902919,3.223531210747246,0.76,-0.0,333,358,"6/7/24, 12:00 AM",CUDDALORE,9,2024-12-31T00:00:00,7.74,4.7172713,329,313,338,329,0.0,2024-01-01T00:00:00,30.517310344827578,Pillali,"{""geodesic"":false,""type"":""Point"",""coordinates"":[79.69992439577435,11.75009866357596]}"
1488_0,0.5,0.09643529,0.52,0.71,8.36,0.11559412,173,4.21,121,0.27102354,0.39,60,0.11496471,4.1,0.22781175,0.16361764,-1.481135614942218,0.68,243.91805,358,383,"6/14/24, 12:00 AM",CUDDALORE,8,2024-12-31T00:00:00,7.73,4.5885277,307,291,336,325,2.1086292,2024-01-01T00:00:00,30.47889655172414,Pillali,"{""geodesic"":false,""type"":""Point"",""coordinates"":[79.70827872791665,11.760339457814922]}"
1489_0,0.5,0.058000002,0.87,0.34,8.65,0.08393889,221,4.27,53,0.2249,0.27,60,0.082716666,4.1,0.18336111,0.1212,-1.4684077244539657,0.57,207.05429,358,389,"7/5/24, 12:00 AM",CUDDALORE,10,2024-12-31T00:00:00,7.85,4.5885277,312,293,330,318,2.0819845,2024-01-01T00:00:00,30.47889655172414,Pillali,"{""geodesic"":false,""type"":""Point"",""coordinates"":[79.7101651900133,11.759800468644451]}"
1490_0,0.5,0.13497369,0.52,0.54,8.36,0.15707895,212,4.26,128,0.31098422,0.3,68.7,0.1527579,4.1,0.2810263,0.20096315,2.344515008311507,0.66,108.072586,327,341,"6/14/24, 12:00 AM",CUDDALORE,6,2024-12-31T00:00:00,7.64,4.323916,328,319,345,339,2.9870603,2024-01-01T00:00:00,30.570969696969698,Pillali,"{""geodesic"":false,""type"":""Point"",""coordinates"":[79.75058937779868,11.773275197906244]}"
1491_0,0.5,0.13497369,0.68,0.71,8.76,0.15707895,202,4.17,118,0.31098422,0.3,57.5,0.1527579,4.1,0.2810263,0.20096315,2.344515008311507,0.81,108.072586,327,341,"6/14/24, 12:00 AM",CUDDALORE,6,2024-12-31T00:00:00,7.64,4.323916,328,319,345,339,2.9870603,2024-01-01T00:00:00,30.570969696969698,Pillali,"{""geodesic"":false,""type"":""Point"",""coordinates"":[79.75058937779868,11.773275197906244]}"
1492_0,0.5,0.09539,0,0.14,8.31,0.1201,183,5.31,97,0.28011,0.3,42,0.12504,8.25,0.24663,0.170075,-1.9484634771901748,0.95,34.253166,332,352,"6/12/24, 12:00 AM",CUDDALORE,12,2024-12-31T00:00:00,7.95,4.7172713,324,313,344,335,3.362469,2024-01-01T00:00:00,30.53041379310345,Konamangalam,"{""geodesic"":false,""type"":""Point"",""coordinates"":[79.69183955821727,11.758722490303507]}"
1493_0,0.5,0.09539,0.61,0.31,9,0.1201,163,4.31,111,0.28011,0.3,31,0.12504,4.13,0.24663,0.170075,-1.9484634771901748,0.63,34.253166,332,352,"6/12/24, 12:00 AM",CUDDALORE,12,2024-12-31T00:00:00,7.77,4.7172713,324,313,344,335,3.362469,2024-01-01T00:00:00,30.53041379310345,Konamangalam,"{""geodesic"":false,""type"":""Point"",""coordinates"":[79.69183955821727,11.758722490303507]}"
1494_0,0.5,0.09539,0.75,0.13,9,0.1201,202,4.25,104,0.28011,0.36,38,0.12504,4.13,0.24663,0.170075,-1.9484634771901748,0.71,34.253166,332,352,"6/12/24, 12:00 AM",CUDDALORE,12,2024-12-31T00:00:00,7.85,4.7172713,324,313,344,335,3.362469,2024-01-01T00:00:00,30.53041379310345,Konamangalam,"{""geodesic"":false,""type"":""Point"",""coordinates"":[79.69183955821727,11.758722490303507]}"
1495_0,0.5,0.101347364,0.49,0.13,11.5,0.10536316,144,3.75,104,0.29320526,0.24,31.3,0.09867895,4.1,0.24103683,0.16013685,-1.0167034362472562,0.62,45.6084,343,376,"7/15/24, 12:00 AM",CUDDALORE,17,2024-12-31T00:00:00,8.15,4.5885277,320,301,337,323,1.3255866,2024-01-01T00:00:00,30.50186206896552,Varakalpattu,"{""geodesic"":false,""type"":""Point"",""coordinates"":[79.70747024416094,11.76707682244582]}"
1496_0,0.5,0.0860381,0.82,0.51,10.11,0.12100952,221,5.22,187,0.30846667,0.39,31,0.13252857,4.1,0.3284,0.22419524,-1.3844498430958736,0.91,14.329471,286,308,"7/18/24, 12:00 AM",CUDDALORE,7,2024-12-31T00:00:00,8.31,3.7324848,369,354,345,338,3.823407,2024-01-01T00:00:00,30.43488888888888,Madalpattu,"{""geodesic"":false,""type"":""Point"",""coordinates"":[79.79263053309548,11.85088963845417]}"
1497_0,0.5,0.057795238,0.82,0.56,10.31,0.09117619,192,5.26,169,0.30679524,0.36,28,0.0796,4.1,0.23049048,0.14457619,2.1245709781250866,0.91,-0.0,303,327,"7/19/24, 12:00 AM",CUDDALORE,7,2024-12-31T00:00:00,8.38,3.9367187,344,332,353,341,0.0,2024-01-01T00:00:00,30.41177777777778,Madalpattu,"{""geodesic"":false,""type"":""Point"",""coordinates"":[79.79775093021496,11.847386208846105]}"
1498_0,0.5,0.041504763,0.75,0.21,12.64,0.06487619,183,6.32,114,0.23754285,0.36,28,0.055428572,8.3,0.1823,0.110695235,-1.710284446961927,0.64,45.61676,303,327,"7/19/24, 12:00 AM",CUDDALORE,9,2024-12-31T00:00:00,7.81,3.9367187,344,332,353,341,2.6501498,2024-01-01T00:00:00,30.41177777777778,Madalpattu,"{""geodesic"":false,""type"":""Point"",""coordinates"":[79.79775093021496,11.846847219675633]}"
1499_0,0.5,0.041504763,0.8,0.19,13.66,0.06487619,221,5.24,180,0.23754285,0.33,34,0.055428572,8.3,0.1823,0.110695235,-1.710284446961927,0.9,45.61676,303,327,"7/19/24, 12:00 AM",CUDDALORE,9,2024-12-31T00:00:00,7.33,3.9367187,344,332,353,341,2.6501498,2024-01-01T00:00:00,30.41177777777778,Madalpattu,"{""geodesic"":false,""type"":""Point"",""coordinates"":[79.79775093021496,11.846847219675633]}"
1500_0,0.5,0.041504763,0.8,0.5,10.32,0.06487619,202,5.21,183,0.23754285,0.33,50,0.055428572,8.2,0.1823,0.110695235,-1.710284446961927,0.85,45.61676,303,327,"7/20/24, 12:00 AM",CUDDALORE,9,2024-12-31T00:00:00,8.38,3.9367187,344,332,353,341,2.6501498,2024-01-01T00:00:00,30.41177777777778,Madalpattu,"{""geodesic"":false,""type"":""Point"",""coordinates"":[79.79775093021496,11.846847219675633]}"
1501_0,0.5,0.041504763,0.62,0.52,9.98,0.06487619,231,4.68,187,0.23754285,0.36,28,0.055428572,8.2,0.1823,0.110695235,-1.710284446961927,0.65,45.61676,303,327,"7/20/24, 12:00 AM",CUDDALORE,9,2024-12-31T00:00:00,8.12,3.9367187,344,332,353,341,2.6501498,2024-01-01T00:00:00,30.41177777777778,Madalpattu,"{""geodesic"":false,""type"":""Point"",""coordinates"":[79.79775093021496,11.846847219675633]}"
1502_0,0.5,0.041504763,0.65,0.42,10.21,0.06487619,163,5.06,169,0.23754285,0.27,31,0.055428572,8.3,0.1823,0.110695235,-1.710284446961927,0.7,45.61676,303,327,"7/20/24, 12:00 AM",CUDDALORE,9,2024-12-31T00:00:00,8.18,3.9367187,344,332,353,341,2.6501498,2024-01-01T00:00:00,30.41177777777778,Madalpattu,"{""geodesic"":false,""type"":""Point"",""coordinates"":[79.79775093021496,11.846847219675633]}"
1503_0,0.5,0.041504763,0.6,0.45,10.26,0.06487619,202,5.11,173,0.23754285,0.33,50,0.055428572,4.1,0.1823,0.110695235,-1.710284446961927,0.65,45.61676,303,327,"7/20/24, 12:00 AM",CUDDALORE,9,2024-12-31T00:00:00,8.37,3.9367187,344,332,353,341,2.6501498,2024-01-01T00:00:00,30.41177777777778,Madalpattu,"{""geodesic"":false,""type"":""Point"",""coordinates"":[79.79775093021496,11.846847219675633]}"
1504_0,0.5,0.041504763,0.62,0.49,10.51,0.06487619,183,5.05,180,0.23754285,0.33,38,0.055428572,4,0.1823,0.110695235,-1.710284446961927,0.68,45.61676,303,327,"7/20/24, 12:00 AM",CUDDALORE,9,2024-12-31T00:00:00,8.22,3.9367187,344,332,353,341,2.6501498,2024-01-01T00:00:00,30.41177777777778,Madalpattu,"{""geodesic"":false,""type"":""Point"",""coordinates"":[79.79775093021496,11.846847219675633]}"
1505_0,0.5,0.12972973,0.6,0.51,10.89,0.15036216,102,4.59,93,0.3149135,0.3,45.75,0.14871351,4.1,0.29424864,0.21018648,-1.757878919118887,0.73,180.0,321,355,"7/19/24, 12:00 AM",CUDDALORE,37,2024-12-31T00:00:00,6.11,4.424942,383,354,297,291,2.7802885,2024-01-01T00:00:00,30.5088275862069,Vilangalpattu,"{""geodesic"":false,""type"":""Point"",""coordinates"":[79.64710345706811,11.730425558853742]}"
1506_0,0.5,0.18867429,0.71,0.52,11.68,0.20692286,109,4.82,114,0.36657715,0.3,55,0.20252,4.1,0.35754856,0.26792857,-0.094650702489534,0.79,116.08433,328,347,"7/19/24, 12:00 AM",CUDDALORE,23,2024-12-31T00:00:00,6.83,4.6249967,367,353,306,300,2.1084511,2024-01-01T00:00:00,30.5088275862069,Vilangalpattu,"{""geodesic"":false,""type"":""Point"",""coordinates"":[79.653840821699,11.731503537194685]}"
1507_0,0.5,0.065957144,0.7,0.52,11.7,0.081685714,102,4.95,104,0.24071428,0.42,60,0.07051143,8.3,0.18436,0.117434286,-1.468333833363443,0.8,207.0529,339,359,"7/19/24, 12:00 AM",CUDDALORE,24,2024-12-31T00:00:00,6.6,4.424942,339,324,322,317,2.081959,2024-01-01T00:00:00,30.433103448275862,Vilangalpattu,"{""geodesic"":false,""type"":""Point"",""coordinates"":[79.64710345706811,11.743361298945064]}"
1508_0,0.5,0.122121215,0.88,0.47,12.41,0.1413909,63,3.25,124,0.3355424,0.33,25,0.13815151,8.3,0.29444546,0.21285455,0.012772772522008423,0.79,90.0,333,350,"7/15/24, 12:00 AM",CUDDALORE,24,2024-12-31T00:00:00,7.74,4.6249967,361,349,306,300,0.94718987,2024-01-01T00:00:00,30.54020689655173,Vilangalpattu,"{""geodesic"":false,""type"":""Point"",""coordinates"":[79.6568052621366,11.730964548024215]}"
1509_0,0.5,0.11713637,0.91,0.15,13.26,0.13496667,55,4.31,107,0.36613637,0.39,20,0.12402121,4.13,0.2778394,0.18374546,0.012772772522008423,0.63,90.0,333,350,"6/4/24, 12:00 AM",CUDDALORE,24,2024-12-31T00:00:00,5.45,4.6249967,361,349,306,300,0.94718987,2024-01-01T00:00:00,30.54020689655173,Vilangalpattu,"{""geodesic"":false,""type"":""Point"",""coordinates"":[79.65653576755136,11.730964548024215]}"
1510_0,0.5,0.11713637,0.88,0.16,14.12,0.13496667,55,3.41,111,0.36613637,0.3,27.5,0.12402121,4.13,0.2778394,0.18374546,0.012772772522008423,0.65,90.0,333,350,"6/4/24, 12:00 AM",CUDDALORE,24,2024-12-31T00:00:00,7.26,4.6249967,361,349,306,300,0.94718987,2024-01-01T00:00:00,30.54020689655173,Vilangalpattu,"{""geodesic"":false,""type"":""Point"",""coordinates"":[79.65653576755136,11.730964548024215]}"
1511_0,0.5,0.11713637,1.01,0.17,13.01,0.13496667,70,2.71,111,0.36613637,0.36,16.65,0.12402121,4.13,0.2778394,0.18374546,0.012772772522008423,0.82,90.0,333,350,"6/4/24, 12:00 AM",CUDDALORE,24,2024-12-31T00:00:00,7.11,4.6249967,361,349,306,300,0.94718987,2024-01-01T00:00:00,30.54020689655173,Vilangalpattu,"{""geodesic"":false,""type"":""Point"",""coordinates"":[79.65653576755136,11.730964548024215]}"
1512_0,0.5,0.08285278,0.71,0.29,12.01,0.11165,55,3.28,107,0.27033612,0.39,11.25,0.11111389,4.1,0.25792778,0.17825556,-0.8497340915452776,0.91,34.2508,327,353,"7/26/24, 12:00 AM",CUDDALORE,18,2024-12-31T00:00:00,5.54,4.6249967,354,336,319,311,3.3623745,2024-01-01T00:00:00,30.524000000000004,Vilangalpattu,"{""geodesic"":false,""type"":""Point"",""coordinates"":[79.65923071340373,11.734198483047045]}"
1513_0,0.5,0.08110588,0.82,0.21,9.36,0.10435294,192,4.01,180,0.30692354,0.33,69,0.109970585,4.1,0.26294118,0.1875353,-1.3741834629167382,1.15,270.0,356,374,"7/8/24, 12:00 AM",CUDDALORE,18,2024-12-31T00:00:00,7.12,4.3065486,333,323,312,304,1.8944918,2024-01-01T00:00:00,30.376108108108113,Malaipperumal Agaram,"{""geodesic"":false,""type"":""Point"",""coordinates"":[79.71528558713278,11.82232321241917]}"
1514_0,0.5,0.10873714,1.21,0.52,8.41,0.13482572,175,3.41,90,0.27423716,0.33,9,0.14487714,4.13,0.26922,0.19497429,-1.0165336391655153,1.21,134.39484,342,363,"6/4/24, 12:00 AM",CUDDALORE,15,2024-12-31T00:00:00,6.71,4.6249967,324,309,334,328,1.3255101,2024-01-01T00:00:00,30.524000000000004,Vanamadevi North,"{""geodesic"":false,""type"":""Point"",""coordinates"":[79.66327313218227,11.73581545055846]}"
1515_0,0.5,0.12357105,0.88,0.46,9.35,0.14802632,16,4.25,93,0.33336842,0.3,10,0.16029474,4.13,0.29245,0.20538685,-2.1321823611360955,0.82,124.96845,341,369,"6/4/24, 12:00 AM",CUDDALORE,27,2024-12-31T00:00:00,7.29,4.6249967,378,358,280,273,8.038362,2024-01-01T00:00:00,30.564214285714286,Vanamadevi North,"{""geodesic"":false,""type"":""Point"",""coordinates"":[79.6673155509608,11.722879710467138]}"
1516_0,0.5,0.11162308,0.61,0.48,10.73,0.13667949,163,5.19,76,0.38248718,0.33,10,0.12884615,8.3,0.29929486,0.20852564,0.9936254306342054,0.7,90.0,338,365,"6/27/24, 12:00 AM",CUDDALORE,22,2024-12-31T00:00:00,7.48,4.6249967,358,337,304,298,2.8394759,2024-01-01T00:00:00,30.521928571428568,Vanamadevi North,"{""geodesic"":false,""type"":""Point"",""coordinates"":[79.66677656179033,11.728269602171856]}"
1517_0,0.5,0.23167,0.47,0.19,16.25,0.25113,154,4.53,93,0.35998,0.27,50,0.26054,8.3,0.342735,0.271635,-0.6792536565121713,0.66,270.0,293,323,"7/5/24, 12:00 AM",CUDDALORE,40,2024-12-31T00:00:00,6.68,4.36,403,372,304,306,0.94665414,2024-01-01T00:00:00,30.689833333333336,Abatharanapuram,"{""geodesic"":false,""type"":""Point"",""coordinates"":[79.56086518979264,11.573579710246474]}"
1518_0,0.5,0.23167,0.63,0.05,16.27,0.25113,125,4.27,107,0.35998,0.53,31,0.26054,4.1,0.342735,0.271635,-0.6792536565121713,0.67,270.0,293,323,"7/5/24, 12:00 AM",CUDDALORE,40,2024-12-31T00:00:00,6.96,4.36,403,372,304,306,0.94665414,2024-01-01T00:00:00,30.689833333333336,Abatharanapuram,"{""geodesic"":false,""type"":""Point"",""coordinates"":[79.56086518979264,11.573579710246474]}"
1519_0,0.5,0.191925,0.67,0.12,17.25,0.223075,70,5.27,128,0.367955,0.33,45,0.233955,4.1,0.371885,0.270795,-0.658711880549537,0.65,-0.0,293,323,"7/5/24, 12:00 AM",CUDDALORE,40,2024-12-31T00:00:00,6.5,4.36,403,372,304,306,0.92740995,2024-01-01T00:00:00,30.689833333333336,Abatharanapuram,"{""geodesic"":false,""type"":""Point"",""coordinates"":[79.56005670603693,11.573579710246474]}"
1520_0,0.5,0.135675,0.73,0.2,10.53,0.15754,163,4.22,90,0.34414,0.3,37.5,0.15574999,4.1,0.308175,0.225665,2.567857938092404,0.73,45.588467,293,323,"6/26/24, 12:00 AM",CUDDALORE,39,2024-12-31T00:00:00,6.57,4.36,403,372,304,306,1.3251159,2024-01-01T00:00:00,30.689833333333336,Serakkuppam,"{""geodesic"":false,""type"":""Point"",""coordinates"":[79.56005670603693,11.57384920483171]}"
1521_0,0.5,0.09723182,0.82,0.25,10.21,0.12174091,221,5.51,100,0.27463636,0.27,34,0.12784545,8.2,0.23407273,0.15495455,-1.0154175765164644,0.9,225.5837,351,364,"7/16/24, 12:00 AM",CUDDALORE,7,2024-12-31T00:00:00,6.92,4.3084235,295,288,355,348,1.3250034,2024-01-01T00:00:00,30.515818181818183,Aduragaram,"{""geodesic"":false,""type"":""Point"",""coordinates"":[79.6312032765392,11.527226641585907]}"
1522_0,0.5,0.1075913,0.91,0.26,10.15,0.13790435,183,4.36,107,0.4208652,0.33,28,0.12472609,4.1,0.2912913,0.18544783,-2.0449241772834035,0.91,-0.0,307,327,"7/18/24, 12:00 AM",CUDDALORE,9,2024-12-31T00:00:00,7.01,4.3084235,340,326,353,347,3.7047918,2024-01-01T00:00:00,30.638117647058827,Aduragaram,"{""geodesic"":false,""type"":""Point"",""coordinates"":[79.62581338483447,11.549594692160483]}"
1523_0,0.5,0.095828,1.25,0.32,9.35,0.118188,173,4.21,111,0.28066,0.36,38,0.11788,8.3,0.25199202,0.186728,0.4195155289291733,0.82,270.0,310,324,"7/15/24, 12:00 AM",CUDDALORE,11,2024-12-31T00:00:00,6.18,4.27471,332,324,358,351,0.9465772,2024-01-01T00:00:00,30.534307692307692,Aduragaram,"{""geodesic"":false,""type"":""Point"",""coordinates"":[79.63255074946538,11.550942165086662]}"
1524_0,0.5,0.12535217,0.86,0.12,10.11,0.14853913,163,4.26,114,0.29448262,0.33,37.5,0.1549,4.1,0.30703044,0.23476957,4.5313958635657885,0.91,332.96356,312,333,"7/18/24, 12:00 AM",CUDDALORE,4,2024-12-31T00:00:00,6.42,4.3084235,309,298,379,370,4.157826,2024-01-01T00:00:00,30.560108108108107,Aduragaram,"{""geodesic"":false,""type"":""Point"",""coordinates"":[79.63174226570966,11.545821767967182]}"
1525_0,0.5,0.1412421,0.5,0.59,7.32,0.15566842,163,3.65,149,0.2813684,0.3,17.5,0.15851578,8.3,0.27919474,0.21586315,-0.6589383596986633,0.55,180.0,313,323,"7/19/24, 12:00 AM",CUDDALORE,44,2024-12-31T00:00:00,7.77,4.3789372,378,370,310,307,0.92740995,2024-01-01T00:00:00,30.66436363636364,Puliyur(west),"{""geodesic"":false,""type"":""Point"",""coordinates"":[79.63470670614726,11.637180432362136]}"
1526_0,0.5,0.1412421,0.4,0.57,6.98,0.15566842,154,3.41,145,0.2813684,0.33,17.5,0.15851578,8.3,0.27919474,0.21586315,-0.6589383596986633,0.49,180.0,313,323,"7/19/24, 12:00 AM",CUDDALORE,44,2024-12-31T00:00:00,7.86,4.3789372,378,370,310,307,0.92740995,2024-01-01T00:00:00,30.66436363636364,Puliyur(west),"{""geodesic"":false,""type"":""Point"",""coordinates"":[79.63470670614726,11.637180432362136]}"
1527_0,0.5,0.1412421,0.56,0.58,6.36,0.15566842,173,3.12,156,0.2813684,0.3,12.5,0.15851578,4.1,0.27919474,0.21586315,-0.6589383596986633,0.61,180.0,313,323,"7/19/24, 12:00 AM",CUDDALORE,44,2024-12-31T00:00:00,7.58,4.3789372,378,370,310,307,0.92740995,2024-01-01T00:00:00,30.66436363636364,Puliyur(west),"{""geodesic"":false,""type"":""Point"",""coordinates"":[79.63470670614726,11.637180432362136]}"
1528_0,0.5,0.15728095,0.72,0.25,10.3,0.17429523,78,4.21,104,0.37617144,0.33,50,0.1639619,4.1,0.31599525,0.22831905,0.8451064215613274,0.7,-0.0,321,331,"7/22/24, 12:00 AM",CUDDALORE,39,2024-12-31T00:00:00,7.14,4.3789372,391,381,288,287,1.8543341,2024-01-01T00:00:00,30.633741935483876,Puliyur(west),"{""geodesic"":false,""type"":""Point"",""coordinates"":[79.64009659785198,11.647151732015862]}"
1529_0,0.5,0.135675,0.55,0.11,11.07,0.15754,117,4.17,114,0.34414,0.3,37.5,0.15574999,8.3,0.308175,0.225665,2.567857938092404,0.61,45.588467,293,323,"6/26/24, 12:00 AM",CUDDALORE,39,2024-12-31T00:00:00,5.84,4.36,403,372,304,306,1.3251159,2024-01-01T00:00:00,30.689833333333336,Kanchamanathapuram,"{""geodesic"":false,""type"":""Point"",""coordinates"":[79.56005670603693,11.57384920483171]}"
1530_0,0.5,0.11792609,0.75,0.48,9.68,0.14202175,202,4.36,149,0.33079565,0.27,25,0.1290087,4.1,0.2286,0.15763913,-0.6588589694159923,0.85,-0.0,337,341,"7/19/24, 12:00 AM",CUDDALORE,2,2024-12-31T00:00:00,6.48,4.423108,304,299,359,361,0.92740995,2024-01-01T00:00:00,30.393722222222223,Agaram,"{""geodesic"":false,""type"":""Point"",""coordinates"":[79.72229244634892,11.615351370958033]}"
1531_0,0.5,0.135675,0.51,0.19,9.58,0.15754,173,3.63,149,0.34414,0.33,37.5,0.15574999,4.1,0.308175,0.225665,2.567857938092404,0.46,45.588467,293,323,"6/26/24, 12:00 AM",CUDDALORE,39,2024-12-31T00:00:00,7.75,4.36,403,372,304,306,1.3251159,2024-01-01T00:00:00,30.689833333333336,Parvathipuram,"{""geodesic"":false,""type"":""Point"",""coordinates"":[79.56005670603693,11.57384920483171]}"
1532_0,0.5,0.135675,0.48,0.21,9.25,0.15754,202,3.87,138,0.34414,0.27,52.5,0.15574999,4.1,0.308175,0.225665,2.567857938092404,0.49,45.588467,293,323,"6/26/24, 12:00 AM",CUDDALORE,39,2024-12-31T00:00:00,7.69,4.36,403,372,304,306,1.3251159,2024-01-01T00:00:00,30.689833333333336,Parvathipuram,"{""geodesic"":false,""type"":""Point"",""coordinates"":[79.56005670603693,11.57384920483171]}"
1533_0,0.5,0.146975,1.01,0.43,11.01,0.16075,192,5.28,163,0.29958335,0.33,31,0.15471667,4.1,0.2709375,0.210525,-1.8123068311810864,0.91,161.20569,338,365,"7/24/24, 12:00 AM",CUDDALORE,26,2024-12-31T00:00:00,6.97,4.4991775,348,330,314,304,2.9366126,2024-01-01T00:00:00,30.534324324324324,Kundiyamallur South,"{""geodesic"":false,""type"":""Point"",""coordinates"":[79.66785454013127,11.627478627293645]}"
1534_0,0.5,0.16619584,0.65,0.45,11.12,0.17672917,240,4.01,173,0.223575,0.36,37.5,0.18974166,4.1,0.24061249,0.20905417,-1.4802783502347145,0.91,116.09281,338,365,"7/24/24, 12:00 AM",CUDDALORE,24,2024-12-31T00:00:00,6.94,4.4991775,348,330,314,304,4.2099385,2024-01-01T00:00:00,30.534324324324324,Kundiyamallur South,"{""geodesic"":false,""type"":""Point"",""coordinates"":[79.66812403471651,11.627478627293645]}"
1535_0,0.5,0.078019045,0.75,0.46,10.11,0.10529524,202,4.35,111,0.28903332,0.33,37.5,0.10478095,4.1,0.21651904,0.14707619,2.1261474393047437,0.95,-0.0,277,288,"7/27/24, 12:00 AM",CUDDALORE,5,2024-12-31T00:00:00,8.38,4.293876,336,329,388,382,0.0,2024-01-01T00:00:00,30.476060606060607,Kanakkarapattu,"{""geodesic"":false,""type"":""Point"",""coordinates"":[79.75948269911146,11.399755702769347]}"
1536_0,0.5,0.0774,0.6,0.19,8.62,0.11053,202,4.15,104,0.309955,0.3,28.1,0.106735,4.1,0.270585,0.20706,-0.3347982326197185,0.65,126.318115,296,310,"7/26/24, 12:00 AM",CUDDALORE,4,2024-12-31T00:00:00,5.72,4.270791,341,328,363,362,4.6875095,2024-01-01T00:00:00,30.645310344827585,Killai R.F.,"{""geodesic"":false,""type"":""Point"",""coordinates"":[79.76837602042424,11.455271587327934]}"
1537_0,0.5,0.086025,0.59,0.14,9.37,0.115210004,212,4.72,138,0.28077,0.33,28.1,0.119915,4.1,0.292805,0.23341501,-1.7081856237659594,0.65,134.42358,287,300,"7/26/24, 12:00 AM",CUDDALORE,9,2024-12-31T00:00:00,6.25,4.270791,350,339,363,361,2.648248,2024-01-01T00:00:00,30.645310344827585,Killai R.F.,"{""geodesic"":false,""type"":""Point"",""coordinates"":[79.76810652583902,11.45554108191317]}"
1538_0,0.5,0.08659048,0.51,0.19,9.65,0.118514284,221,4.73,138,0.34300476,0.33,34.3,0.113480955,4.1,0.2600143,0.19537143,1.2876100213200536,0.56,-0.0,296,310,"7/26/24, 12:00 AM",CUDDALORE,2,2024-12-31T00:00:00,5.78,4.270791,341,328,363,362,0.92740995,2024-01-01T00:00:00,30.645310344827585,Killai R.F.,"{""geodesic"":false,""type"":""Point"",""coordinates"":[79.76864551500948,11.455002092742697]}"
1539_0,0.5,0.07133,0.56,0.12,8.51,0.090004995,173,4.15,149,0.220115,0.3,31.2,0.092515,4.1,0.23087,0.173,-1.3715791315286485,0.63,90.0,287,300,"7/26/24, 12:00 AM",CUDDALORE,6,2024-12-31T00:00:00,5.72,4.270791,350,339,363,361,1.8920054,2024-01-01T00:00:00,30.645310344827585,Killai R.F.,"{""geodesic"":false,""type"":""Point"",""coordinates"":[79.76783703125378,11.456619060254113]}"
1540_0,0.5,0.084555,0.49,0.34,5.06,0.118865,192,4.73,118,0.355495,0.3,31.2,0.114965,4.1,0.272205,0.209355,-1.8277375132948959,0.58,288.0919,301,314,"7/26/24, 12:00 AM",CUDDALORE,3,2024-12-31T00:00:00,5.88,4.270791,336,324,363,362,2.9839852,2024-01-01T00:00:00,30.645310344827585,Killai R.F.,"{""geodesic"":false,""type"":""Point"",""coordinates"":[79.76891500959472,11.455002092742697]}"
1541_0,0.5,0.07133,0.75,0.6,9.41,0.090004995,39,4.31,111,0.220115,0.3,25,0.092515,4.1,0.23087,0.173,-1.3715791315286485,0.91,90.0,287,300,"7/27/24, 12:00 AM",CUDDALORE,6,2024-12-31T00:00:00,6.21,4.270791,350,339,363,361,1.8920054,2024-01-01T00:00:00,30.645310344827585,Killai R.F.,"{""geodesic"":false,""type"":""Point"",""coordinates"":[79.76783703125378,11.456619060254113]}"
1542_0,0.05,0.10274286,0.73,0.61,10.12,0.13293333,31,5.02,104,0.40478572,0.39,22.5,0.12089524,4.1,0.27733332,0.19888096,0.9954534614991372,0.77,270.0,310,323,"7/26/24, 12:00 AM",CUDDALORE,0,2024-12-31T00:00:00,6.42,4.270791,311,305,379,373,2.8368397,2024-01-01T00:00:00,30.623733333333337,Killai R.F.,"{""geodesic"":false,""type"":""Point"",""coordinates"":[79.76352511789,11.46847682200449]}"
1543_0,0.5,0.071890004,0.52,0.14,9.72,0.09391,154,4.98,118,0.243965,0.3,34.3,0.09122,4.1,0.226675,0.170765,-1.7081861647086978,0.65,314.42355,287,300,"7/26/24, 12:00 AM",CUDDALORE,8,2024-12-31T00:00:00,5.83,4.270791,350,339,363,361,2.6482494,2024-01-01T00:00:00,30.645310344827585,Killai R.F.,"{""geodesic"":false,""type"":""Point"",""coordinates"":[79.76783703125378,11.455810576498404]}"
1544_0,0.5,0.1374619,0.76,0.68,7.32,0.1623381,183,3.65,128,0.29364285,0.33,22.5,0.17414762,8.3,0.29380953,0.22854286,-0.6582684101765927,0.81,180.0,296,314,"7/26/24, 12:00 AM",CUDDALORE,2,2024-12-31T00:00:00,6.84,4.288105,334,320,370,366,0.92740995,2024-01-01T00:00:00,30.61435714285715,Killai R.F.,"{""geodesic"":false,""type"":""Point"",""coordinates"":[79.7643336016457,11.446108771429914]}"
1545_0,0.5,0.13792728,0.58,0.62,7.86,0.15396819,221,4.27,80,0.30337727,0.39,50,0.15101363,8.3,0.25922272,0.18095455,7.877307755891587,0.63,332.97726,303,315,"7/27/24, 12:00 AM",CUDDALORE,4,2024-12-31T00:00:00,6.93,4.4413977,319,312,378,372,2.0814002,2024-01-01T00:00:00,30.54617142857144,Chithalapadi,"{""geodesic"":false,""type"":""Point"",""coordinates"":[79.7341502080993,11.379274114291421]}"
1546_0,0.5,0.10600909,0.52,0.49,9.03,0.12477727,212,4.68,80,0.27034092,0.27,52.5,0.12194091,4.1,0.25613183,0.17544545,-1.946707907959925,0.58,34.217117,326,344,"7/27/24, 12:00 AM",CUDDALORE,5,2024-12-31T00:00:00,7.51,4.4413977,293,286,381,369,3.3610327,2024-01-01T00:00:00,30.54617142857144,Chithalapadi,"{""geodesic"":false,""type"":""Point"",""coordinates"":[79.73468919726976,11.38008259804713]}"
1547_0,0.5,0.08877895,0.59,0.57,8.68,0.11353158,221,4.21,83,0.26284736,0.27,50,0.12662105,4.1,0.24398947,0.16636316,-0.3682081026824429,0.65,332.9767,323,337,"7/29/24, 12:00 AM",CUDDALORE,3,2024-12-31T00:00:00,6.98,4.4413977,307,306,370,357,2.0814102,2024-01-01T00:00:00,30.555428571428575,Chithalapadi,"{""geodesic"":false,""type"":""Point"",""coordinates"":[79.73307222975835,11.385741984337082]}"
1548_0,0.5,0.07819091,0.84,0.67,7.31,0.09706818,192,3.76,86,0.2545091,0.3,41.6,0.077563636,4.1,0.16812272,0.10293182,-0.6779133626917816,0.86,270.0,319,333,"7/27/24, 12:00 AM",CUDDALORE,2,2024-12-31T00:00:00,6.96,4.4413977,299,295,383,372,0.94601333,2024-01-01T00:00:00,30.53914285714286,Chithalapadi,"{""geodesic"":false,""type"":""Point"",""coordinates"":[79.73441970268453,11.382508049314252]}"
1549_0,0.5,0.08758,0.82,0.39,10.21,0.11178,202,5.18,173,0.288965,0.27,45.7,0.118175,4.1,0.269515,0.18311,-0.8941127477847343,0.63,233.67679,307,308,"8/1/24, 12:00 AM",CUDDALORE,3,2024-12-31T00:00:00,7.4,4.4052277,329,326,364,365,4.6869454,2024-01-01T00:00:00,30.661096774193553,Kannangudi,"{""geodesic"":false,""type"":""Point"",""coordinates"":[79.65437981086949,11.402450648621706]}"
1551_0,0.5,0.1374619,0.77,0.21,10.21,0.1623381,117,4.31,93,0.29364285,0.36,17.5,0.17414762,4.1,0.29380953,0.22854286,-0.6582684101765927,0.86,180.0,296,314,"7/27/24, 12:00 AM",CUDDALORE,2,2024-12-31T00:00:00,7.92,4.288105,334,320,370,366,0.92740995,2024-01-01T00:00:00,30.61435714285715,Tillaividangan North,"{""geodesic"":false,""type"":""Point"",""coordinates"":[79.7643336016457,11.446108771429914]}"
1552_0,0.5,0.086769566,0.49,0.43,6.17,0.11589131,221,2.98,138,0.31821305,0.27,20,0.12051739,8.3,0.34386522,0.22826956,0.035389462347609715,0.54,-0.0,302,317,"8/1/24, 12:00 AM",CUDDALORE,5,2024-12-31T00:00:00,7.57,4.654199,343,336,355,347,0.92740995,2024-01-01T00:00:00,30.571823529411766,Neyvasal,"{""geodesic"":false,""type"":""Point"",""coordinates"":[79.57433991905442,11.297347760379722]}"
1553_0,0.5,0.086769566,0.62,0.47,5.95,0.11589131,212,2.45,135,0.31821305,0.24,25,0.12051739,4.1,0.34386522,0.22826956,0.035389462347609715,0.71,-0.0,302,317,"8/1/24, 12:00 AM",CUDDALORE,5,2024-12-31T00:00:00,8.11,4.654199,343,336,355,347,0.92740995,2024-01-01T00:00:00,30.571823529411766,Neyvasal,"{""geodesic"":false,""type"":""Point"",""coordinates"":[79.57433991905442,11.297347760379722]}"
1554_0,0.5,0.092895456,0.65,0.52,6.15,0.12257727,269,2.95,138,0.37301365,0.24,25,0.10635909,4.1,0.29250455,0.18333636,-1.9538605491415937,0.72,236.82542,293,311,"8/1/24, 12:00 AM",CUDDALORE,12,2024-12-31T00:00:00,8.18,4.654199,357,346,350,343,3.3860548,2024-01-01T00:00:00,30.53410526315789,Neyvasal,"{""geodesic"":false,""type"":""Point"",""coordinates"":[79.56625508149736,11.297886749550193]}"
1555_0,0.5,0.092895456,0.59,0.54,6.24,0.12257727,221,2.36,135,0.37301365,0.3,20,0.10635909,4.1,0.29250455,0.18333636,-1.9538605491415937,0.64,236.82542,293,311,"8/1/24, 12:00 AM",CUDDALORE,12,2024-12-31T00:00:00,8.05,4.654199,357,346,350,343,3.3860548,2024-01-01T00:00:00,30.53410526315789,Neyvasal,"{""geodesic"":false,""type"":""Point"",""coordinates"":[79.56625508149736,11.297886749550193]}"
1556_0,0.5,0.15115,0.52,0.62,5.64,0.16565908,279,5.41,142,0.3411909,0.21,15,0.15491818,8.3,0.26521817,0.17494546,1.470463319871582,0.63,45.564938,316,325,"8/1/24, 12:00 AM",CUDDALORE,8,2024-12-31T00:00:00,7.75,4.582335,323,319,361,356,1.3245609,2024-01-01T00:00:00,30.57271428571429,Neyvasal,"{""geodesic"":false,""type"":""Point"",""coordinates"":[79.58134677827056,11.341544872358401]}"
1557_0,0.5,0.07886191,0.66,0.25,15.67,0.10119524,396,7.1,88,0.33458573,0.24,44,0.085590474,4.1,0.24551429,0.16400953,-1.4778424218071922,0.71,296.12366,319,325,"5/29/24, 12:00 AM",CUDDALORE,15,2024-12-31T00:00:00,7.15,4.838567,328,320,353,354,2.1055012,2024-01-01T00:00:00,30.601294117647065,Kanattampuliyur,"{""geodesic"":false,""type"":""Point"",""coordinates"":[79.59913342089612,11.241292886650664]}"
1558_0,0.5,0.14232223,1.22,0.16,9.27,0.1673389,135,4.28,142,0.32762778,0.33,20,0.17343333,8.3,0.28262222,0.18908888,0.03557014728393631,0.91,-0.0,305,308,"7/20/24, 12:00 AM",CUDDALORE,13,2024-12-31T00:00:00,7.07,4.8637958,328,330,367,362,0.92740995,2024-01-01T00:00:00,30.593625000000003,Periakottagam,"{""geodesic"":false,""type"":""Point"",""coordinates"":[79.54712096594561,11.244796316258729]}"
1559_0,0.78,0.13872223,0.82,0.12,11.01,0.1609,125,5.12,142,0.34698334,0.42,20,0.15750556,4.1,0.28781667,0.19423333,-1.8108377111573633,0.5,161.22939,298,302,"7/31/24, 12:00 AM",CUDDALORE,12,2024-12-31T00:00:00,7.2,4.8637958,330,329,372,370,2.9362001,2024-01-01T00:00:00,30.593625000000003,Periakottagam,"{""geodesic"":false,""type"":""Point"",""coordinates"":[79.54361753633754,11.243179348747313]}"
1560_0,0.87,0.14442223,0.75,0.13,11.01,0.16664444,117,4.36,156,0.30021667,0.33,20,0.16799444,4.1,0.2635389,0.18578888,3.2252962858595944,1,-0.0,298,302,"7/31/24, 12:00 AM",CUDDALORE,11,2024-12-31T00:00:00,7.26,4.8637958,330,329,372,370,0.0,2024-01-01T00:00:00,30.593625000000003,Periakottagam,"{""geodesic"":false,""type"":""Point"",""coordinates"":[79.54361753633754,11.242909854162079]}"
1561_0,0.5,0.10773,1.06,0.36,9.48,0.128055,154,4.11,114,0.2561,0.3,20,0.15573,8.3,0.29930001,0.246015,-1.015634205101771,0.75,134.41211,324,338,"7/25/24, 12:00 AM",CUDDALORE,74,2024-12-31T00:00:00,8.37,4.0401964,372,359,304,302,1.3251024,2024-01-01T00:00:00,30.557151515151517,U.Adhanur,"{""geodesic"":false,""type"":""Point"",""coordinates"":[79.4050973195263,11.568459313126993]}"
1562_0,0.5,0.10773,1.21,0.52,10.21,0.128055,125,4.11,118,0.2561,0.36,15,0.15573,8.3,0.29930001,0.246015,-1.015634205101771,0.65,134.41211,324,338,"7/31/24, 12:00 AM",CUDDALORE,74,2024-12-31T00:00:00,8.38,4.0401964,372,359,304,302,1.3251024,2024-01-01T00:00:00,30.557151515151517,U.Adhanur,"{""geodesic"":false,""type"":""Point"",""coordinates"":[79.4050973195263,11.568459313126993]}"
1563_0,0.5,0.09735,0.88,0.33,9.42,0.11434,135,4.21,107,0.27122,0.36,20,0.12646501,8.3,0.264185,0.19664499,-1.4798971627734505,0.85,116.097626,324,338,"7/25/24, 12:00 AM",CUDDALORE,73,2024-12-31T00:00:00,8.32,4.0401964,372,359,304,302,2.1074526,2024-01-01T00:00:00,30.557151515151517,Mummudicholagan,"{""geodesic"":false,""type"":""Point"",""coordinates"":[79.4050973195263,11.568189818541757]}"
1564_0,0.5,0.116195,0.47,0.21,6.72,0.14011,173,3.36,159,0.32032,0.3,25,0.14275,4.1,0.31491,0.21844,-1.0160364970484537,0.59,134.4044,330,352,"7/24/24, 12:00 AM",CUDDALORE,76,2024-12-31T00:00:00,8.34,3.9170334,361,338,310,310,1.3252842,2024-01-01T00:00:00,30.77243750000001,Kammapuram,"{""geodesic"":false,""type"":""Point"",""coordinates"":[79.37599190432084,11.643378807822561]}"
1565_0,0.5,0.10773,0.59,0.18,6.21,0.128055,212,3.01,163,0.2561,0.33,0.5,0.15573,4.1,0.29930001,0.246015,-1.015634205101771,0.71,134.41211,324,338,"7/24/24, 12:00 AM",CUDDALORE,74,2024-12-31T00:00:00,8.46,4.0401964,372,359,304,302,1.3251024,2024-01-01T00:00:00,30.557151515151517,Kammapuram,"{""geodesic"":false,""type"":""Point"",""coordinates"":[79.4050973195263,11.568459313126993]}"
1566_0,0.5,0.093175,0.59,0.19,6.34,0.107325,212,3.16,163,0.29518,0.3,28.1,0.099395,8.1,0.24367,0.16414501,-1.4675853304755704,0.62,207.03828,324,338,"7/24/24, 12:00 AM",CUDDALORE,74,2024-12-31T00:00:00,8.31,4.0401964,372,359,304,302,2.081688,2024-01-01T00:00:00,30.557151515151517,Kammapuram,"{""geodesic"":false,""type"":""Point"",""coordinates"":[79.40482782494108,11.568459313126993]}"
1567_0,0.05,0.093175,0.32,0.22,6.59,0.107325,212,3.26,145,0.29518,0.36,28.1,0.099395,4.1,0.24367,0.16414501,-1.4675853304755704,0.38,207.03828,324,338,"7/25/24, 12:00 AM",CUDDALORE,74,2024-12-31T00:00:00,8.48,4.0401964,372,359,304,302,2.081688,2024-01-01T00:00:00,30.557151515151517,Kammapuram,"{""geodesic"":false,""type"":""Point"",""coordinates"":[79.40482782494108,11.568459313126993]}"
1568_0,0.05,0.10773,0.36,0.18,6.7,0.128055,173,3.36,156,0.2561,0.39,25,0.15573,8.2,0.29930001,0.246015,-1.015634205101771,0.42,134.41211,324,338,"7/25/24, 12:00 AM",CUDDALORE,74,2024-12-31T00:00:00,8.62,4.0401964,372,359,304,302,1.3251024,2024-01-01T00:00:00,30.557151515151517,Kammapuram,"{""geodesic"":false,""type"":""Point"",""coordinates"":[79.4050973195263,11.568459313126993]}"
1569_0,0.5,0.09125455,0.6,0.28,6.75,0.105545454,212,3.61,159,0.3021091,0.24,37.5,0.10224546,4.1,0.24440454,0.16184546,-1.1353490990282522,0.5,251.91493,309,323,"7/24/24, 12:00 AM",CUDDALORE,73,2024-12-31T00:00:00,8.61,4.0401964,379,365,311,312,2.9850695,2024-01-01T00:00:00,30.553454545454546,Kammapuram,"{""geodesic"":false,""type"":""Point"",""coordinates"":[79.40455833035584,11.568459313126993]}"
1570_0,0.5,0.10773,0.52,0.18,6.4,0.128055,202,3.88,173,0.2561,0.27,25,0.15573,4.1,0.29930001,0.246015,-1.015634205101771,0.5,134.41211,324,338,"7/24/24, 12:00 AM",CUDDALORE,74,2024-12-31T00:00:00,8.38,4.0401964,372,359,304,302,1.3251024,2024-01-01T00:00:00,30.557151515151517,Kammapuram,"{""geodesic"":false,""type"":""Point"",""coordinates"":[79.4050973195263,11.568459313126993]}"
1571_0,0.5,0.12247,0.55,0.31,5.36,0.14245,135,2.84,121,0.271395,0.33,37.5,0.139735,4.1,0.26322,0.19797,-1.1191682555959293,0.59,198.7944,323,337,"7/20/24, 12:00 AM",CUDDALORE,52,2024-12-31T00:00:00,8.36,3.7275825,359,351,318,312,2.936614,2024-01-01T00:00:00,30.968875000000004,Kattiyanallur,"{""geodesic"":false,""type"":""Point"",""coordinates"":[79.32128450351796,11.628826100219825]}"
1572_0,0.5,0.102125,0.55,0.23,6.23,0.126835,135,3.16,156,0.25185502,0.3,50,0.12944,4.1,0.26438,0.192395,0.1415859772333877,0.64,27.043413,323,337,"7/20/24, 12:00 AM",CUDDALORE,53,2024-12-31T00:00:00,8.22,3.7275825,359,351,318,312,2.0817828,2024-01-01T00:00:00,30.82937142857143,Kattiyanallur,"{""geodesic"":false,""type"":""Point"",""coordinates"":[79.31993703059179,11.629904078560768]}"
1573_0,0.5,0.1740909,0.49,0.21,6.61,0.18439092,125,3.26,135,0.32148182,0.3,37.5,0.17277727,4.1,0.29723635,0.22523637,-1.8286310700483641,0.56,108.08385,317,321,"7/20/24, 12:00 AM",CUDDALORE,50,2024-12-31T00:00:00,8.31,3.763944,372,369,311,310,2.9852648,2024-01-01T00:00:00,30.603999999999996,Kattiyanallur,"{""geodesic"":false,""type"":""Point"",""coordinates"":[79.31535562264277,11.588671407019682]}"
1574_0,0.5,0.1740909,0.55,0.31,6.14,0.18439092,135,3.06,135,0.32148182,0.3,34.3,0.17277727,4.1,0.29723635,0.22523637,-1.8286310700483641,0.64,108.08385,317,321,"7/20/24, 12:00 AM",CUDDALORE,50,2024-12-31T00:00:00,8.17,3.763944,372,369,311,310,2.9852648,2024-01-01T00:00:00,30.603999999999996,Kattiyanallur,"{""geodesic"":false,""type"":""Point"",""coordinates"":[79.31535562264277,11.588671407019682]}"
1575_0,0.5,0.094385,0.55,0.26,6.15,0.120965,144,2.98,156,0.25677,0.24,50,0.119555004,4.1,0.25626,0.18583,0.9297782095881376,0.64,90.0,323,337,"7/20/24, 12:00 AM",CUDDALORE,55,2024-12-31T00:00:00,8.2,3.7275825,359,351,318,312,0.94684637,2024-01-01T00:00:00,30.82937142857143,Kattiyanallur,"{""geodesic"":false,""type"":""Point"",""coordinates"":[79.31966753600655,11.630173573146005]}"
1576_0,0.5,0.18848637,0.5,0.27,8.86,0.21531364,86,4.63,121,0.30608636,0.3,38,0.22947727,8.2,0.33664092,0.2786591,1.1817008611976303,0.53,134.41417,306,314,"7/23/24, 12:00 AM",CUDDALORE,61,2024-12-31T00:00:00,8.4,3.8134,379,364,315,322,1.3250536,2024-01-01T00:00:00,30.639225806451606,Kattiyanallur,"{""geodesic"":false,""type"":""Point"",""coordinates"":[79.33583721112069,11.547977724649067]}"
1577_0,0.5,0.11473684,0.72,0.27,10.63,0.13736317,135,4.9,156,0.29564735,0.36,20,0.14228421,8.2,0.2966684,0.2067579,-1.015963667906874,0.75,134.4058,323,331,"7/23/24, 12:00 AM",CUDDALORE,53,2024-12-31T00:00:00,8.33,3.7275825,365,364,311,306,1.3252511,2024-01-01T00:00:00,30.858882352941183,Pavalangudi ko,"{""geodesic"":false,""type"":""Point"",""coordinates"":[79.33098630858645,11.629634583975532]}"
1578_0,0.5,0.110315785,0.51,0.26,9.78,0.13452631,125,4.35,138,0.32612106,0.3,17.5,0.13728948,4.1,0.30197895,0.2032579,6.8003272515087545,0.57,63.90737,323,331,"7/22/24, 12:00 AM",CUDDALORE,52,2024-12-31T00:00:00,8.22,3.7275825,365,364,311,306,2.107828,2024-01-01T00:00:00,30.858882352941183,Pavalangudi ko,"{""geodesic"":false,""type"":""Point"",""coordinates"":[79.33179479234217,11.629634583975532]}"
1579_0,0.5,0.123442106,0.6,0.16,10.15,0.1456,109,4.08,145,0.3595842,0.27,15,0.13603684,4.1,0.30006316,0.19822632,7.62246860953752,0.61,-0.0,326,332,"7/22/24, 12:00 AM",CUDDALORE,53,2024-12-31T00:00:00,8.83,3.7275825,366,362,307,306,0.92740995,2024-01-01T00:00:00,30.858882352941183,Pavalangudi ko,"{""geodesic"":false,""type"":""Point"",""coordinates"":[79.33206428692739,11.629365089390296]}"
1580_0,0.5,0.10937369,0.57,0.23,10.15,0.13435262,125,4.11,142,0.29823685,0.27,25,0.14479473,4.1,0.2859,0.20456842,-1.9558327029263265,0.65,123.14384,323,331,"7/22/24, 12:00 AM",CUDDALORE,53,2024-12-31T00:00:00,8.39,3.7275825,365,364,311,306,3.3888304,2024-01-01T00:00:00,30.858882352941183,Pavalangudi ko,"{""geodesic"":false,""type"":""Point"",""coordinates"":[79.33071681400122,11.628826100219825]}"
1581_0,0.5,0.145675,0.6,0.13,10.35,0.16397,117,4.15,128,0.335585,0.3,15,0.152895,4.1,0.286575,0.206985,2.125347510707701,0.55,-0.0,326,332,"7/22/24, 12:00 AM",CUDDALORE,53,2024-12-31T00:00:00,8.24,3.7275825,366,362,307,306,0.0,2024-01-01T00:00:00,30.858882352941183,Pavalangudi ko,"{""geodesic"":false,""type"":""Point"",""coordinates"":[79.33260327609787,11.629365089390296]}"
1582_0,0.5,0.111610524,0.58,0.14,11.76,0.13681579,50,4.18,62,0.28956842,0.42,8,0.14182106,4.1,0.2665158,0.18953158,7.62246860953752,0.7,-0.0,323,331,"7/23/24, 12:00 AM",CUDDALORE,52,2024-12-31T00:00:00,8.24,3.7275825,365,364,311,306,0.92740995,2024-01-01T00:00:00,30.858882352941183,Pavalangudi ko,"{""geodesic"":false,""type"":""Point"",""coordinates"":[79.33125580317169,11.628826100219825]}"
1583_0,0.5,0.09735,0.76,0.36,9.36,0.11434,144,4.11,107,0.27122,0.33,15,0.12646501,8.3,0.264185,0.19664499,-1.4798971627734505,0.89,116.097626,324,338,"7/25/24, 12:00 AM",CUDDALORE,73,2024-12-31T00:00:00,8.38,4.0401964,372,359,304,302,2.1074526,2024-01-01T00:00:00,30.557151515151517,Keenanur,"{""geodesic"":false,""type"":""Point"",""coordinates"":[79.4050973195263,11.568189818541757]}"
1584_0,0.5,0.08567907,0.76,0.4,13.26,0.10623023,173,3.31,90,0.23355813,0.33,7,0.123730235,4.13,0.2725,0.20305349,2.1258467492153947,0.72,-0.0,333,327,"7/4/24, 12:00 AM",CUDDALORE,81,2024-12-31T00:00:00,8.57,3.498318,379,385,288,288,0.0,2024-01-01T00:00:00,30.821411764705886,Kallur,"{""geodesic"":false,""type"":""Point"",""coordinates"":[79.06930706632244,11.486802453800529]}"
1585_0,0.5,0.07411818,0.63,0.6,7.86,0.095975,154,3.96,96,0.2806341,0.33,17.5,0.086127274,4.1,0.22836137,0.14026591,1.623833364475598,0.71,134.42018,336,337,"7/9/24, 12:00 AM",CUDDALORE,79,2024-12-31T00:00:00,8.41,3.498318,394,399,270,264,1.324912,2024-01-01T00:00:00,30.84329411764705,Kallur,"{""geodesic"":false,""type"":""Point"",""coordinates"":[79.06499515295866,11.48922790506765]}"
1586_0,0.5,0.07972917,0.84,0.18,9.86,0.0953,202,4.13,152,0.21610834,0.24,50,0.0953875,8.3,0.19272083,0.13820417,-0.09930521426254879,0.56,45.58719,320,319,"6/26/24, 12:00 AM",CUDDALORE,121,2024-12-31T00:00:00,8.15,3.3423345,364,365,316,317,2.6487553,2024-01-01T00:00:00,30.82254545454546,Naraiyur S.,"{""geodesic"":false,""type"":""Point"",""coordinates"":[78.93590724663069,11.56145245391086]}"
1587_0,0.5,0.13036,0.55,0.18,9.83,0.148324,240,4.2,152,0.332872,0.36,55,0.1485,8.3,0.291476,0.198252,-2.281255919503031,0.48,126.308945,321,318,"6/26/24, 12:00 AM",CUDDALORE,118,2024-12-31T00:00:00,7.89,3.43366,371,368,308,313,4.688526,2024-01-01T00:00:00,30.846121212121208,Naraiyur S.,"{""geodesic"":false,""type"":""Point"",""coordinates"":[78.94102764375016,11.549594692160483]}"
1588_0,0.5,0.12617083,0.5,0.46,9.23,0.14302084,163,4.65,173,0.34732082,0.36,55,0.13201667,8.3,0.26184583,0.17811666,0.4194706946544384,0.51,90.0,325,325,"6/25/24, 12:00 AM",CUDDALORE,113,2024-12-31T00:00:00,8.13,3.3423345,356,353,319,322,0.9466006,2024-01-01T00:00:00,30.87309677419355,Naraiyur S.,"{""geodesic"":false,""type"":""Point"",""coordinates"":[78.94237511667635,11.557679529717559]}"
1589_0,0.5,0.0673,0.65,0.18,9.31,0.087196,86,4.31,124,0.279944,0.42,42,0.085712,8.3,0.209108,0.140356,-1.0155634232944366,0.75,225.58656,322,312,"6/21/24, 12:00 AM",CUDDALORE,111,2024-12-31T00:00:00,8.08,3.3751638,368,370,310,318,1.325071,2024-01-01T00:00:00,30.887225806451614,Naraiyur S.,"{""geodesic"":false,""type"":""Point"",""coordinates"":[78.95072944881866,11.555254078450435]}"
1590_0,0.5,0.0673,0.65,0.17,8.31,0.087196,86,4.06,121,0.279944,0.3,45.7,0.085712,4.1,0.209108,0.140356,-1.0155634232944366,0.75,225.58656,322,312,"6/25/24, 12:00 AM",CUDDALORE,111,2024-12-31T00:00:00,7.93,3.3751638,368,370,310,318,1.325071,2024-01-01T00:00:00,30.887225806451614,Naraiyur S.,"{""geodesic"":false,""type"":""Point"",""coordinates"":[78.95072944881866,11.555254078450435]}"
1591_0,0.5,0.073336,0.58,0.21,7.36,0.096604,86,3.56,138,0.277468,0.3,55,0.096328,4.1,0.23276,0.160432,0.9507861508703705,0.68,-0.0,322,312,"6/25/24, 12:00 AM",CUDDALORE,108,2024-12-31T00:00:00,8.07,3.3751638,368,370,310,318,0.92740995,2024-01-01T00:00:00,30.887225806451614,Naraiyur S.,"{""geodesic"":false,""type"":""Point"",""coordinates"":[78.95180742715961,11.5549845838652]}"
1592_0,0.5,0.122415386,0.64,0.17,8.01,0.14145,86,4.26,121,0.26799616,0.33,53.5,0.16183077,4.1,0.30042693,0.24002308,2.1256287868359944,0.78,-0.0,318,309,"6/25/24, 12:00 AM",CUDDALORE,110,2024-12-31T00:00:00,8.06,3.43366,377,377,305,314,0.0,2024-01-01T00:00:00,30.846121212121208,Naraiyur S.,"{""geodesic"":false,""type"":""Point"",""coordinates"":[78.9480345029663,11.548786208404776]}"
1593_0,0.5,0.09741154,0.63,0.48,7.34,0.11641154,70,7.32,138,0.28012693,0.3,50,0.1068,8.3,0.21773462,0.14150769,-0.7866286112019978,0.75,296.09912,325,319,"6/25/24, 12:00 AM",CUDDALORE,108,2024-12-31T00:00:00,8.26,3.43366,375,376,300,305,2.1073399,2024-01-01T00:00:00,30.846121212121208,Naraiyur S.,"{""geodesic"":false,""type"":""Point"",""coordinates"":[78.94668703004012,11.549325197575246]}"
1594_0,0.5,0.152636,0.65,0.27,7.51,0.168984,86,3.86,142,0.270644,0.42,41.6,0.185248,4.1,0.28856,0.228164,4.833659193726785,0.62,-0.0,312,309,"6/25/24, 12:00 AM",CUDDALORE,118,2024-12-31T00:00:00,8.3,3.3423345,378,375,310,316,0.0,2024-01-01T00:00:00,30.797124999999998,Naraiyur S.,"{""geodesic"":false,""type"":""Point"",""coordinates"":[78.93968017082399,11.553367616353786]}"
1595_0,0.5,0.14993489,0.42,0.26,9.83,0.17250232,183,4.38,90,0.29807907,0.3,57.5,0.19651163,4.1,0.33480233,0.27138606,1.3404524608923742,0.54,303.15063,325,329,"7/1/24, 12:00 AM",CUDDALORE,104,2024-12-31T00:00:00,7.2,3.3331704,361,363,314,308,3.3882153,2024-01-01T00:00:00,30.83662857142857,Mangulam,"{""geodesic"":false,""type"":""Point"",""coordinates"":[79.01082674132626,11.55633205679138]}"
1596_0,0.5,0.11722558,0.53,0.16,9.05,0.14124186,135,4.68,93,0.31699303,0.33,50,0.14499302,4.1,0.29645348,0.22923023,2.637194649627559,0.81,-0.0,325,329,"7/1/24, 12:00 AM",CUDDALORE,103,2024-12-31T00:00:00,7.08,3.3331704,361,363,314,308,0.92740995,2024-01-01T00:00:00,30.83662857142857,Mangulam,"{""geodesic"":false,""type"":""Point"",""coordinates"":[79.01055724674102,11.556601551376616]}"
1597_0,0.5,0.11173095,0.62,0.17,9.22,0.13279286,117,4.06,121,0.2755524,0.36,71.8,0.13988571,4.1,0.26844522,0.21454762,-1.7087497726893253,0.65,134.41273,332,335,"7/1/24, 12:00 AM",CUDDALORE,98,2024-12-31T00:00:00,7.27,3.3331704,359,356,309,309,2.6487594,2024-01-01T00:00:00,30.74617647058823,Mangulam,"{""geodesic"":false,""type"":""Point"",""coordinates"":[79.01163522508196,11.562260937666569]}"
1598_0,0.5,0.12462143,0.75,0.16,9.81,0.15140238,109,6.05,97,0.32039523,0.27,68.7,0.1690881,4.1,0.3169881,0.23456429,-1.3518334529462759,0.86,-0.0,348,351,"7/1/24, 12:00 AM",CUDDALORE,98,2024-12-31T00:00:00,7.39,3.3331704,357,355,295,294,1.8543341,2024-01-01T00:00:00,30.74617647058823,Mangulam,"{""geodesic"":false,""type"":""Point"",""coordinates"":[79.01055724674102,11.565764367274634]}"
1599_0,0.5,0.08694186,0.6,0.21,9.18,0.10731395,125,4.58,97,0.31011862,0.33,42,0.10022326,4.1,0.25181395,0.16742559,-2.275493264720386,0.64,142.56667,318,321,"7/9/24, 12:00 AM",CUDDALORE,110,2024-12-31T00:00:00,6.19,3.3355167,374,374,308,305,4.6618237,2024-01-01T00:00:00,30.860060606060607,Mangulam,"{""geodesic"":false,""type"":""Point"",""coordinates"":[79.00085544167253,11.542318338359115]}"
1600_0,0.5,0.100293025,0.8,0.21,9.28,0.11799535,135,4.65,121,0.2568628,0.36,37,0.12357907,8.2,0.26664883,0.18416512,1.40766130111437,0.82,126.30971,318,321,"7/19/24, 12:00 AM",CUDDALORE,107,2024-12-31T00:00:00,6.92,3.3355167,374,374,308,305,4.688442,2024-01-01T00:00:00,30.860060606060607,Mangulam,"{""geodesic"":false,""type"":""Point"",""coordinates"":[79.00085544167253,11.542048843773879]}"
1601_0,0.5,0.12678,0.71,0.41,9.31,0.14084,102,6.26,83,0.2884675,0.3,17.5,0.1627475,4.1,0.2984625,0.206305,-1.0156653906960025,0.91,45.588493,342,344,"5/22/24, 12:00 AM",CUDDALORE,86,2024-12-31T00:00:00,8.44,3.4490197,354,360,305,297,1.3251165,2024-01-01T00:00:00,30.893621621621623,Endal .Ja,"{""geodesic"":false,""type"":""Point"",""coordinates"":[79.06256970169154,11.574118699416946]}"
1602_0,0.5,0.11902558,0.82,0.51,10.21,0.13419768,365,4.71,86,0.31879535,0.27,57.5,0.12759303,8.3,0.24728605,0.17756046,-1.3518949303323726,0.96,180.0,340,347,"5/22/24, 12:00 AM",CUDDALORE,80,2024-12-31T00:00:00,8.25,3.4490197,379,378,280,275,1.8543341,2024-01-01T00:00:00,30.80473684210526,Endal .Ja,"{""geodesic"":false,""type"":""Point"",""coordinates"":[79.06957656090768,11.583281515314965]}"
1603_0,0.5,0.119692504,0.75,0.56,7.26,0.142495,102,5.35,86,0.30325,0.36,55,0.1680875,8.3,0.3253025,0.2365625,-1.0156808592092952,0.82,314.41122,336,339,"5/22/24, 12:00 AM",CUDDALORE,81,2024-12-31T00:00:00,8.06,3.4490197,375,379,289,283,1.3251233,2024-01-01T00:00:00,30.80473684210526,Endal .Ja,"{""geodesic"":false,""type"":""Point"",""coordinates"":[79.07523594719763,11.576813645269304]}"
1604_0,0.5,0.113275,0.89,0.56,7.29,0.127925,308,5.73,76,0.2862975,0.33,55,0.146375,4.1,0.2819825,0.1944425,-0.7867997642950333,0.99,116.09698,330,330,"7/5/24, 12:00 AM",CUDDALORE,86,2024-12-31T00:00:00,8.21,3.4490197,365,370,304,300,2.1075015,2024-01-01T00:00:00,30.80473684210526,Endal .Ja,"{""geodesic"":false,""type"":""Point"",""coordinates"":[79.06822908798149,11.576005161513597]}"
1605_0,0.5,0.1256579,0.61,0.15,7.31,0.14496842,221,3.42,83,0.31283158,0.39,28.1,0.17152369,4.1,0.33377105,0.23549737,-2.4370820051618396,0.71,300.447,340,340,"6/3/24, 12:00 AM",CUDDALORE,84,2024-12-31T00:00:00,8.2,3.4490197,367,367,293,292,5.4741993,2024-01-01T00:00:00,30.881027027027027,Endal .Ja,"{""geodesic"":false,""type"":""Point"",""coordinates"":[79.07119352841909,11.574118699416946]}"
1606_0,0.5,0.1038925,0.52,0.27,8.36,0.1218,221,3.86,86,0.3119175,0.27,5.25,0.11183,8.3,0.2532825,0.16776,-1.7573370334157072,0.64,-0.0,328,327,"6/3/24, 12:00 AM",CUDDALORE,84,2024-12-31T00:00:00,8.34,3.4490197,357,358,316,315,2.7802885,2024-01-01T00:00:00,30.81068421052632,Endal .Ja,"{""geodesic"":false,""type"":""Point"",""coordinates"":[79.06661212047008,11.576813645269304]}"
1607_0,0.5,0.13107632,0.57,0.62,9.36,0.14584737,192,3.91,83,0.30494738,0.3,45.75,0.14571053,8.3,0.2627737,0.18672368,0.8226574656885698,0.65,116.09731,340,340,"6/3/24, 12:00 AM",CUDDALORE,81,2024-12-31T00:00:00,8.09,3.4490197,367,367,293,292,2.1074762,2024-01-01T00:00:00,30.881027027027027,Endal .Ja,"{""geodesic"":false,""type"":""Point"",""coordinates"":[79.07038504466338,11.571962742735058]}"
1608_0,0.5,0.1253359,0.86,0.71,8.65,0.14136924,308,4.69,59,0.3123436,0.33,58,0.13503078,4.1,0.2609641,0.17385897,-0.6587093236403823,0.65,180.0,337,336,"7/5/24, 12:00 AM",CUDDALORE,81,2024-12-31T00:00:00,7.91,3.4490197,366,370,297,294,0.92740995,2024-01-01T00:00:00,30.881027027027027,Endal .Ja,"{""geodesic"":false,""type"":""Point"",""coordinates"":[79.06849858256673,11.572232237320295]}"
1609_0,0.5,0.13176428,0.65,0.4,9.41,0.15594761,455,4.65,93,0.32584524,0.33,58,0.17756666,4.1,0.3530738,0.26185238,-1.667051326784187,0.91,248.60226,341,350,"7/5/24, 12:00 AM",CUDDALORE,79,2024-12-31T00:00:00,8.39,3.4490197,381,378,278,272,5.0710897,2024-01-01T00:00:00,30.77464705882353,Endal .Ja,"{""geodesic"":false,""type"":""Point"",""coordinates"":[79.06742060422579,11.585706966582087]}"
1610_0,0.5,0.119095236,0.77,0.44,8.31,0.14185715,409,5.27,111,0.28297144,0.36,18,0.15155238,4.1,0.28446904,0.21771428,-2.4842835448108187,0.61,80.72723,344,352,"7/5/24, 12:00 AM",CUDDALORE,80,2024-12-31T00:00:00,7.7,3.4490197,385,381,271,267,5.7367444,2024-01-01T00:00:00,30.741777777777777,Endal .Ja,"{""geodesic"":false,""type"":""Point"",""coordinates"":[79.06203071252106,11.59001887994586]}"
1611_0,0.05,0.18472609,0.72,0.18,11.26,0.19693477,78,5.91,121,0.38523042,0.36,31.25,0.17733043,4.1,0.28426522,0.20156087,-2.401456983778024,0.75,134.42122,315,335,"7/25/24, 12:00 AM",CUDDALORE,8,2024-12-31T00:00:00,5.87,4.356147,334,315,351,350,5.2854505,2024-01-01T00:00:00,30.651515151515156,Ariyakoshti,"{""geodesic"":false,""type"":""Point"",""coordinates"":[79.7131296304509,11.478987110828689]}"
1612_0,0.5,0.098113045,0.72,0.47,9.32,0.12153913,202,4.32,152,0.31112608,0.24,45.7,0.11272174,4.1,0.24691305,0.15909131,3.7353715665965415,0.78,-0.0,302,326,"7/30/24, 12:00 AM",CUDDALORE,11,2024-12-31T00:00:00,7.58,4.2665224,351,341,348,333,0.0,2024-01-01T00:00:00,30.68173333333333,Budararayanpettai,"{""geodesic"":false,""type"":""Point"",""coordinates"":[79.62877782527207,11.462278446544065]}"
1613_0,0.5,0.10874762,0.56,0.64,5.73,0.13167143,94,2.98,145,0.29337618,0.3,62.5,0.1376238,4.1,0.26629522,0.18577619,0.08350964142231548,0.61,314.42227,268,285,"7/31/24, 12:00 AM",CUDDALORE,12,2024-12-31T00:00:00,8.09,4.4323535,365,355,367,360,1.3248627,2024-01-01T00:00:00,30.548258064516133,Miralur,"{""geodesic"":false,""type"":""Point"",""coordinates"":[79.55547529808793,11.46847682200449]}"
1614_0,0.5,0.118875,0.64,0.62,5.97,0.13999583,212,2.97,145,0.2938875,0.27,55,0.14049584,4.1,0.28875,0.19346666,-1.0150351735343104,0.71,225.57632,301,309,"7/31/24, 12:00 AM",CUDDALORE,14,2024-12-31T00:00:00,8.28,4.355062,370,363,329,328,1.3248296,2024-01-01T00:00:00,30.569612903225803,Miralur,"{""geodesic"":false,""type"":""Point"",""coordinates"":[79.54900742804226,11.454732598157461]}"
1615_0,0.5,0.09305217,0.6,0.58,6.98,0.116213046,221,3.28,121,0.34927827,0.3,50,0.09351304,4.1,0.22526087,0.13588695,-2.1723213916448043,0.65,296.10678,276,296,"7/31/24, 12:00 AM",CUDDALORE,14,2024-12-31T00:00:00,8.31,4.4323535,354,344,370,360,4.207853,2024-01-01T00:00:00,30.61878571428571,Miralur,"{""geodesic"":false,""type"":""Point"",""coordinates"":[79.56625508149736,11.454463103572225]}"
1616_0,0.5,0.13612173,0.26,0.36,9.36,0.15270434,78,4.28,114,0.33308262,0.36,66,0.14589131,8.3,0.2414174,0.16295217,-1.4671003915194947,0.82,152.97118,272,294,"7/31/24, 12:00 AM",CUDDALORE,12,2024-12-31T00:00:00,8.31,4.4323535,358,347,369,359,2.0815127,2024-01-01T00:00:00,30.61878571428571,Miralur,"{""geodesic"":false,""type"":""Point"",""coordinates"":[79.56329064105977,11.453654619816518]}"
1617_0,0.5,0.13933478,0.63,0.32,10.26,0.15929565,63,4.26,142,0.3062913,0.42,62.5,0.16074783,8.3,0.2658,0.18433914,-1.4792362909346888,0.63,243.89398,264,286,"8/1/24, 12:00 AM",CUDDALORE,13,2024-12-31T00:00:00,8.41,4.4323535,372,359,365,355,2.106824,2024-01-01T00:00:00,30.568645161290323,Miralur,"{""geodesic"":false,""type"":""Point"",""coordinates"":[79.5538583305765,11.46389541405548]}"
1618_0,0.91,0.134325,0.75,0.56,9.41,0.1609,183,4.25,183,0.34097,0.27,37.5,0.17252,8.3,0.336185,0.26472,-2.4704743583684867,1,270.0,295,314,"7/31/24, 12:00 AM",CUDDALORE,9,2024-12-31T00:00:00,7.52,4.262888,347,330,357,356,5.6604033,2024-01-01T00:00:00,30.753733333333333,Sendirakillai,"{""geodesic"":false,""type"":""Point"",""coordinates"":[79.69291753655821,11.49704324803949]}"
1619_0,0.82,0.134325,1.06,0.42,9.36,0.1609,212,5.25,183,0.34097,0.39,31,0.17252,4.1,0.336185,0.26472,-2.4704743583684867,0.5,270.0,295,314,"7/26/24, 12:00 AM",CUDDALORE,9,2024-12-31T00:00:00,7.45,4.262888,347,330,357,356,5.6604033,2024-01-01T00:00:00,30.753733333333333,Sendirakillai,"{""geodesic"":false,""type"":""Point"",""coordinates"":[79.69291753655821,11.49704324803949]}"
1620_0,0.69,0.134325,0.63,0.2,11.8,0.1609,260,5.65,149,0.34097,0.36,28,0.17252,4.1,0.336185,0.26472,-2.4704743583684867,1,270.0,295,314,"7/26/24, 12:00 AM",CUDDALORE,9,2024-12-31T00:00:00,7.12,4.262888,347,330,357,356,5.6604033,2024-01-01T00:00:00,30.753733333333333,Sendirakillai,"{""geodesic"":false,""type"":""Point"",""coordinates"":[79.69291753655821,11.49704324803949]}"
1621_0,0.5,0.134325,0.7,0.2,6.98,0.1609,279,3.45,166,0.34097,0.3,42.7,0.17252,4.1,0.336185,0.26472,-2.4704743583684867,0.77,270.0,295,314,"7/23/24, 12:00 AM",CUDDALORE,9,2024-12-31T00:00:00,7.7,4.262888,347,330,357,356,5.6604033,2024-01-01T00:00:00,30.753733333333333,Sendirakillai,"{""geodesic"":false,""type"":""Point"",""coordinates"":[79.69291753655821,11.49704324803949]}"
1622_0,0.5,0.082845,0.72,0.26,6.36,0.10414,163,3.16,159,0.34646,0.3,37.5,0.086445004,4.1,0.24869,0.15938,-1.8280187267495507,0.89,251.91064,295,314,"7/23/24, 12:00 AM",CUDDALORE,9,2024-12-31T00:00:00,7.7,4.262888,347,330,357,356,2.9843879,2024-01-01T00:00:00,30.753733333333333,Sendirakillai,"{""geodesic"":false,""type"":""Point"",""coordinates"":[79.69291753655821,11.497312742624727]}"
1623_0,0.5,0.134325,0.68,0.28,11.63,0.1609,260,5.76,173,0.34097,0.33,31,0.17252,8.2,0.336185,0.26472,-2.4704743583684867,0.72,270.0,295,314,"7/23/24, 12:00 AM",CUDDALORE,9,2024-12-31T00:00:00,7.16,4.262888,347,330,357,356,5.6604033,2024-01-01T00:00:00,30.753733333333333,Sendirakillai,"{""geodesic"":false,""type"":""Point"",""coordinates"":[79.69291753655821,11.49704324803949]}"
1624_0,0.5,0.134325,0.82,0.17,10.72,0.1609,192,5.65,180,0.34097,0.27,46,0.17252,4.1,0.336185,0.26472,-2.4704743583684867,0.85,270.0,295,314,"7/23/24, 12:00 AM",CUDDALORE,9,2024-12-31T00:00:00,7.27,4.262888,347,330,357,356,5.6604033,2024-01-01T00:00:00,30.753733333333333,Sendirakillai,"{""geodesic"":false,""type"":""Point"",""coordinates"":[79.69291753655821,11.49704324803949]}"
1625_0,0.5,0.134325,0.75,0.43,10.06,0.1609,183,5.21,190,0.34097,0.3,28,0.17252,4.1,0.336185,0.26472,-2.4704743583684867,1.11,270.0,295,314,"7/23/24, 12:00 AM",CUDDALORE,9,2024-12-31T00:00:00,7.24,4.262888,347,330,357,356,5.6604033,2024-01-01T00:00:00,30.753733333333333,Sendirakillai,"{""geodesic"":false,""type"":""Point"",""coordinates"":[79.69291753655821,11.49704324803949]}"
1626_0,0.5,0.134325,0.85,0.4,11.06,0.1609,240,5.21,183,0.34097,0.39,37.5,0.17252,4.1,0.336185,0.26472,-2.4704743583684867,1.06,270.0,295,314,"7/23/24, 12:00 AM",CUDDALORE,9,2024-12-31T00:00:00,6.98,4.262888,347,330,357,356,5.6604033,2024-01-01T00:00:00,30.753733333333333,Sendirakillai,"{""geodesic"":false,""type"":""Point"",""coordinates"":[79.69291753655821,11.49704324803949]}"
1627_0,0.5,0.085043475,0.55,0.36,9.91,0.11007826,229,4.71,173,0.29556522,0.27,62.5,0.10473913,4.1,0.28876957,0.18327826,-1.015007842418664,0.59,314.42413,293,309,"7/30/24, 12:00 AM",CUDDALORE,13,2024-12-31T00:00:00,7.72,4.3748055,346,341,361,350,1.3248183,2024-01-01T00:00:00,30.582689655172416,Azhichikudi,"{""geodesic"":false,""type"":""Point"",""coordinates"":[79.59104858333906,11.449881695623215]}"
1628_0,0.5,0.089347616,0.59,0.4,10.02,0.11798095,221,4.91,194,0.29758573,0.3,52.5,0.12911429,4.1,0.29539523,0.19723333,-0.7859652667208272,0.65,243.89243,293,319,"7/30/24, 12:00 AM",CUDDALORE,10,2024-12-31T00:00:00,7.42,4.3748055,346,333,360,348,2.106707,2024-01-01T00:00:00,30.573199999999996,Azhichikudi,"{""geodesic"":false,""type"":""Point"",""coordinates"":[79.59536049670282,11.444491803918499]}"
1629_0,0.5,0.089347616,0.65,0.4,10.02,0.11798095,250,4.91,190,0.29758573,0.33,57.5,0.12911429,4.1,0.29539523,0.19723333,-0.7859652667208272,0.72,243.89243,293,319,"7/30/24, 12:00 AM",CUDDALORE,10,2024-12-31T00:00:00,7.63,4.3748055,346,333,360,348,2.106707,2024-01-01T00:00:00,30.573199999999996,Azhichikudi,"{""geodesic"":false,""type"":""Point"",""coordinates"":[79.59536049670282,11.444491803918499]}"
1630_0,0.5,0.089347616,0.55,0.3,9.78,0.11798095,231,4.38,194,0.29758573,0.3,60,0.12911429,4.1,0.29539523,0.19723333,-0.7859652667208272,0.88,243.89243,293,319,"7/30/24, 12:00 AM",CUDDALORE,10,2024-12-31T00:00:00,7.65,4.3748055,346,333,360,348,2.106707,2024-01-01T00:00:00,30.573199999999996,Azhichikudi,"{""geodesic"":false,""type"":""Point"",""coordinates"":[79.59536049670282,11.444491803918499]}"
1631_0,0.5,0.089347616,0.63,0.4,9.63,0.11798095,221,4.73,176,0.29758573,0.3,57.5,0.12911429,8.3,0.29539523,0.19723333,-0.7859652667208272,0.72,243.89243,293,319,"7/30/24, 12:00 AM",CUDDALORE,10,2024-12-31T00:00:00,7.6,4.3748055,346,333,360,348,2.106707,2024-01-01T00:00:00,30.573199999999996,Azhichikudi,"{""geodesic"":false,""type"":""Point"",""coordinates"":[79.59536049670282,11.444491803918499]}"
1632_0,0.5,0.089347616,0.75,0.28,9.54,0.11798095,250,4.83,180,0.29758573,0.27,60,0.12911429,4.1,0.29539523,0.19723333,-0.7859652667208272,0.6,243.89243,293,319,"7/30/24, 12:00 AM",CUDDALORE,10,2024-12-31T00:00:00,7.66,4.3748055,346,333,360,348,2.106707,2024-01-01T00:00:00,30.573199999999996,Azhichikudi,"{""geodesic"":false,""type"":""Point"",""coordinates"":[79.59536049670282,11.444491803918499]}"
1633_0,0.5,0.089347616,0.72,0.35,9.71,0.11798095,288,4.19,173,0.29758573,0.33,52.5,0.12911429,4.1,0.29539523,0.19723333,-0.7859652667208272,0.81,243.89243,293,319,"7/30/24, 12:00 AM",CUDDALORE,10,2024-12-31T00:00:00,7.52,4.3748055,346,333,360,348,2.106707,2024-01-01T00:00:00,30.573199999999996,Azhichikudi,"{""geodesic"":false,""type"":""Point"",""coordinates"":[79.59536049670282,11.444491803918499]}"
1634_0,0.5,0.089347616,0.65,0.35,9.41,0.11798095,269,4.75,180,0.29758573,0.3,52.5,0.12911429,4.1,0.29539523,0.19723333,-0.7859652667208272,0.8,243.89243,293,319,"7/30/24, 12:00 AM",CUDDALORE,10,2024-12-31T00:00:00,7.48,4.3748055,346,333,360,348,2.106707,2024-01-01T00:00:00,30.573199999999996,Azhichikudi,"{""geodesic"":false,""type"":""Point"",""coordinates"":[79.59536049670282,11.444491803918499]}"
1635_0,0.5,0.06017143,0.8,0.41,10.28,0.08680476,212,5.36,180,0.23072381,0.21,60,0.082504764,4.1,0.19785714,0.12402381,-1.3514061061459597,1.2,-0.0,289,312,"7/30/24, 12:00 AM",CUDDALORE,14,2024-12-31T00:00:00,7.71,4.3748055,335,323,376,365,1.8543341,2024-01-01T00:00:00,30.573199999999996,Azhichikudi,"{""geodesic"":false,""type"":""Point"",""coordinates"":[79.59724695879947,11.44314433099232]}"
1636_0,0.5,0.103038095,0.63,0.6,9.81,0.12225238,221,4.81,180,0.27508572,0.39,71.87,0.12393334,4.1,0.26040477,0.18733333,-1.4243904998811856,0.71,320.77722,306,329,"7/31/24, 12:00 AM",CUDDALORE,13,2024-12-31T00:00:00,7.7,4.3063784,344,333,350,337,5.964543,2024-01-01T00:00:00,30.598599999999998,Vandarayampattu,"{""geodesic"":false,""type"":""Point"",""coordinates"":[79.60101988299277,11.449073211867509]}"
1637_0,0.5,0.103038095,0.59,0.64,9.96,0.12225238,221,4.72,173,0.27508572,0.39,65.62,0.12393334,4.1,0.26040477,0.18733333,-1.4243904998811856,0.62,320.77722,306,329,"7/31/24, 12:00 AM",CUDDALORE,13,2024-12-31T00:00:00,7.63,4.3063784,344,333,350,337,5.964543,2024-01-01T00:00:00,30.598599999999998,Vandarayampattu,"{""geodesic"":false,""type"":""Point"",""coordinates"":[79.60101988299277,11.449073211867509]}"
1638_0,0.5,0.09652,0.65,0.15,5.98,0.121735,154,2.98,145,0.272655,0.33,34.7,0.128825,4.1,0.239095,0.17138,-1.0839304937714511,0.71,90.0,319,326,"8/1/24, 12:00 AM",CUDDALORE,5,2024-12-31T00:00:00,8.27,4.262888,325,317,356,357,2.83677,2024-01-01T00:00:00,30.576000000000008,B.Adhivaraganallur,"{""geodesic"":false,""type"":""Point"",""coordinates"":[79.68510219358637,11.461739457373593]}"
1639_0,0.5,0.09652,0.6,0.15,6.35,0.121735,173,3.06,142,0.272655,0.3,31.2,0.128825,8.3,0.239095,0.17138,-1.0839304937714511,0.65,90.0,319,326,"8/1/24, 12:00 AM",CUDDALORE,5,2024-12-31T00:00:00,8.74,4.262888,325,317,356,357,2.83677,2024-01-01T00:00:00,30.576000000000008,B.Adhivaraganallur,"{""geodesic"":false,""type"":""Point"",""coordinates"":[79.68510219358637,11.461739457373593]}"
1640_0,0.5,0.09652,0.71,0.11,6.3,0.121735,202,3.21,142,0.272655,0.3,34.7,0.128825,8.3,0.239095,0.17138,-1.0839304937714511,0.74,90.0,319,326,"8/1/24, 12:00 AM",CUDDALORE,5,2024-12-31T00:00:00,7.87,4.262888,325,317,356,357,2.83677,2024-01-01T00:00:00,30.576000000000008,B.Adhivaraganallur,"{""geodesic"":false,""type"":""Point"",""coordinates"":[79.68510219358637,11.461739457373593]}"
1641_0,0.5,0.09293,0.84,0.09,8.96,0.118195,183,4.26,142,0.26736,0.3,34.7,0.13076,4.1,0.248275,0.18164,3.656851870991273,0.91,332.97052,316,325,"8/1/24, 12:00 AM",CUDDALORE,6,2024-12-31T00:00:00,7.24,4.262888,318,311,365,364,2.0815246,2024-01-01T00:00:00,30.576000000000008,B.Adhivaraganallur,"{""geodesic"":false,""type"":""Point"",""coordinates"":[79.68564118275684,11.461469962788359]}"
1642_0,0.5,0.092539996,0.7,0.2,6.98,0.11679,279,3.45,166,0.25661498,0.3,42.7,0.128995,4.1,0.24087,0.176965,-1.063786826081482,0.77,-0.0,316,325,"7/31/24, 12:00 AM",CUDDALORE,5,2024-12-31T00:00:00,7.7,4.262888,318,311,365,364,2.7802885,2024-01-01T00:00:00,30.576000000000008,B.Adhivaraganallur,"{""geodesic"":false,""type"":""Point"",""coordinates"":[79.6853716881716,11.461469962788359]}"
1643_0,0.5,0.14263721,0.74,0.17,9.38,0.16724885,102,4.38,118,0.3001,0.33,52.5,0.19163023,4.1,0.33617908,0.27611163,1.8283117877604944,0.81,332.96268,325,329,"7/1/24, 12:00 AM",CUDDALORE,103,2024-12-31T00:00:00,7.57,3.3331704,361,363,314,308,2.08167,2024-01-01T00:00:00,30.83662857142857,Mangulam,"{""geodesic"":false,""type"":""Point"",""coordinates"":[79.01082674132626,11.556601551376616]}"
1644_0,0.5,0.11895909,0.65,0.26,9.22,0.14246136,144,4.38,121,0.29956818,0.3,60,0.15444319,4.1,0.28427273,0.2082841,3.651604233773354,0.71,90.0,325,329,"7/1/24, 12:00 AM",CUDDALORE,101,2024-12-31T00:00:00,7.22,3.3331704,361,363,314,308,0.94659877,2024-01-01T00:00:00,30.83662857142857,Mangulam,"{""geodesic"":false,""type"":""Point"",""coordinates"":[79.01055724674102,11.557140540547087]}"
1645_0,0.5,0.08321667,0.62,0.24,10.15,0.11225,144,5.12,135,0.31749523,0.3,50,0.11034286,4.1,0.27970237,0.19266191,-1.4675582790698443,0.76,27.037737,337,338,"7/1/24, 12:00 AM",CUDDALORE,102,2024-12-31T00:00:00,6.27,3.3331704,366,370,297,293,2.0816777,2024-01-01T00:00:00,30.756352941176466,Mangulam,"{""geodesic"":false,""type"":""Point"",""coordinates"":[79.01594713844574,11.561721948496096]}"
1646_0,0.5,0.14263721,0.45,0.14,7.36,0.16724885,144,4.81,111,0.3001,0.33,41.6,0.19163023,4.1,0.33617908,0.27611163,1.8283117877604944,0.49,332.96268,325,329,"7/1/24, 12:00 AM",CUDDALORE,103,2024-12-31T00:00:00,6.22,3.3331704,361,363,314,308,2.08167,2024-01-01T00:00:00,30.83662857142857,Mangulam,"{""geodesic"":false,""type"":""Point"",""coordinates"":[79.01082674132626,11.556601551376616]}"
1647_0,0.5,0.062090475,0.7,0.17,8.96,0.08685,135,5.27,149,0.3039881,0.3,45.7,0.0753,4.1,0.23062856,0.14931667,0.37070706344414617,0.75,45.587074,327,331,"7/1/24, 12:00 AM",CUDDALORE,101,2024-12-31T00:00:00,6.7,3.3331704,365,369,308,300,1.325083,2024-01-01T00:00:00,30.756352941176466,Mangulam,"{""geodesic"":false,""type"":""Point"",""coordinates"":[79.0148691601048,11.560374475569917]}"
1648_0,0.5,0.103042856,0.57,0.24,9.8,0.123485714,154,4.36,124,0.27521905,0.39,50,0.12659524,4.1,0.27598095,0.21958333,-1.955430910349705,0.73,123.15007,332,335,"7/1/24, 12:00 AM",CUDDALORE,99,2024-12-31T00:00:00,7.3,3.3331704,359,356,309,309,3.388267,2024-01-01T00:00:00,30.74617647058823,Mangulam,"{""geodesic"":false,""type"":""Point"",""coordinates"":[79.01163522508196,11.562530432251805]}"
1649_0,0.5,0.1336317,0.58,0.18,9.26,0.15593414,183,4.68,97,0.33532196,0.36,50,0.16383658,4.1,0.3217561,0.22896098,2.2424874359830556,0.63,134.41232,350,349,"7/1/24, 12:00 AM",CUDDALORE,97,2024-12-31T00:00:00,7.33,3.3331704,356,357,293,294,1.3250971,2024-01-01T00:00:00,30.74617647058823,Mangulam,"{""geodesic"":false,""type"":""Point"",""coordinates"":[79.00920977381485,11.56603386185987]}"
1650_0,0.5,0.1336317,0.76,0.16,8.98,0.15593414,117,4.51,86,0.33532196,0.33,60,0.16383658,4.1,0.3217561,0.22896098,2.2424874359830556,0.83,134.41232,350,349,"7/1/24, 12:00 AM",CUDDALORE,97,2024-12-31T00:00:00,7.16,3.3331704,356,357,293,294,1.3250971,2024-01-01T00:00:00,30.74617647058823,Mangulam,"{""geodesic"":false,""type"":""Point"",""coordinates"":[79.00920977381485,11.56603386185987]}"
1651_0,0.5,0.10641951,0.53,0.22,9.24,0.13070975,102,4.68,104,0.32549512,0.33,60,0.13278781,4.1,0.29430488,0.20421219,-1.3518334529462759,0.67,-0.0,350,349,"7/1/24, 12:00 AM",CUDDALORE,98,2024-12-31T00:00:00,6.88,3.3331704,356,357,293,294,1.8543341,2024-01-01T00:00:00,30.74617647058823,Mangulam,"{""geodesic"":false,""type"":""Point"",""coordinates"":[79.00974876298531,11.5654948726894]}"
1652_0,0.5,0.1257317,0.61,0.13,9.68,0.14663415,183,4.31,90,0.29093903,0.363,45.7,0.15688293,4.1,0.29557562,0.22000489,2.5789097165477752,0.76,90.0,350,349,"7/2/24, 12:00 AM",CUDDALORE,96,2024-12-31T00:00:00,7.39,3.3331704,356,357,293,294,0.94662786,2024-01-01T00:00:00,30.74617647058823,Mangulam,"{""geodesic"":false,""type"":""Point"",""coordinates"":[79.00920977381485,11.565764367274634]}"
1653_0,0.5,0.10457857,0.5,0.36,9.58,0.12914762,117,4.71,93,0.3100262,0.36,60,0.13292143,8.2,0.2604881,0.18250237,-1.0155715171932784,0.46,225.58667,338,341,"7/9/24, 12:00 AM",CUDDALORE,107,2024-12-31T00:00:00,6.98,3.3331704,346,346,316,313,1.3250736,2024-01-01T00:00:00,30.83662857142857,Mangulam,"{""geodesic"":false,""type"":""Point"",""coordinates"":[79.01621663303096,11.55633205679138]}"
1654_0,0.5,0.070127904,0.52,0.42,9.28,0.09155349,135,4.71,121,0.32129303,0.27,50,0.078906976,8.2,0.21816744,0.13383721,-0.6101183271552958,0.56,314.41306,329,333,"7/9/24, 12:00 AM",CUDDALORE,104,2024-12-31T00:00:00,6.72,3.3331704,359,361,312,306,2.6487434,2024-01-01T00:00:00,30.756352941176466,Mangulam,"{""geodesic"":false,""type"":""Point"",""coordinates"":[79.01621663303096,11.558757508058502]}"
1655_0,0.5,0.10183409,0.52,0.19,9.21,0.12776136,183,4.25,86,0.31942046,0.33,50,0.13138409,8.2,0.27063638,0.18543409,-1.9554052038901029,0.59,236.84952,324,326,"7/9/24, 12:00 AM",CUDDALORE,105,2024-12-31T00:00:00,6.88,3.3331704,365,365,311,308,3.3882294,2024-01-01T00:00:00,30.84376470588235,Mangulam,"{""geodesic"":false,""type"":""Point"",""coordinates"":[79.01001825757055,11.557949024302795]}"
1656_0,0.5,0.10817442,0,0.22,9.26,0.12847209,192,4.26,104,0.27246743,0.3,50,0.14372791,8.2,0.28017208,0.2016,-1.3721820745939592,0.65,270.0,318,321,"7/9/24, 12:00 AM",CUDDALORE,111,2024-12-31T00:00:00,6.87,3.3355167,374,374,308,305,1.8925817,2024-01-01T00:00:00,30.860060606060607,Mangulam,"{""geodesic"":false,""type"":""Point"",""coordinates"":[79.00058594708729,11.542587832944351]}"
1657_0,0.5,0.100293025,0.7,0.28,9.65,0.11799535,183,4.29,124,0.2568628,0.27,60,0.12357907,8.2,0.26664883,0.18416512,1.40766130111437,0.73,126.30971,318,321,"7/19/24, 12:00 AM",CUDDALORE,107,2024-12-31T00:00:00,6.59,3.3355167,374,374,308,305,4.688442,2024-01-01T00:00:00,30.860060606060607,Mangulam,"{""geodesic"":false,""type"":""Point"",""coordinates"":[79.00085544167253,11.542048843773879]}"
1658_0,0.5,0.10535349,0.88,0.46,8.06,0.12633255,63,4.21,104,0.31288838,0.33,26,0.12902325,4.1,0.27223954,0.19341163,-1.4676576320825572,0.85,332.96033,341,350,"7/5/24, 12:00 AM",CUDDALORE,77,2024-12-31T00:00:00,8.08,3.4490197,381,378,278,272,2.0817137,2024-01-01T00:00:00,30.77464705882353,Endal .Ja,"{""geodesic"":false,""type"":""Point"",""coordinates"":[79.06822908798149,11.58489848282638]}"
1659_0,0.5,0.117219046,0.5,0.19,8.26,0.13459048,154,3.92,83,0.25440714,0.3,55,0.15606904,4.1,0.30005714,0.22539286,-1.3724063706528797,0.58,270.0,339,340,"7/8/24, 12:00 AM",CUDDALORE,89,2024-12-31T00:00:00,8.36,3.4490197,350,354,311,306,1.8927974,2024-01-01T00:00:00,30.893621621621623,Endal .Ja,"{""geodesic"":false,""type"":""Point"",""coordinates"":[79.0577187991573,11.574388194002182]}"
1660_0,0.5,0.14056097,0.63,0.46,8.36,0.1587244,63,4.25,83,0.31640977,0.33,55,0.1756878,4.1,0.32136342,0.24126098,-0.2532618523241464,0.77,180.0,335,338,"5/22/24, 12:00 AM",CUDDALORE,81,2024-12-31T00:00:00,8.19,3.4490197,372,372,294,290,1.8543341,2024-01-01T00:00:00,30.80473684210526,Endal .Ja,"{""geodesic"":false,""type"":""Point"",""coordinates"":[79.07523594719763,11.57843061278072]}"
1661_0,0.5,0.12721163,0.63,0.49,7.26,0.14782093,192,5.21,86,0.35368836,0.27,57.5,0.14978604,4.1,0.2709372,0.18589303,-1.4799892065542615,0.61,116.096436,325,331,"5/22/24, 12:00 AM",CUDDALORE,81,2024-12-31T00:00:00,6.06,3.4490197,384,383,291,286,2.107542,2024-01-01T00:00:00,30.80473684210526,Endal .Ja,"{""geodesic"":false,""type"":""Point"",""coordinates"":[79.07146302300433,11.582742526144493]}"
1662_0,0.5,0.12858249,0.52,0.25,8.32,0.147195,163,4.11,83,0.29582,0.36,52,0.1703625,4.1,0.3237775,0.2338525,-1.3518735851334795,0.59,180.0,333,336,"7/8/24, 12:00 AM",CUDDALORE,86,2024-12-31T00:00:00,8.18,3.4490197,368,370,300,293,1.8543341,2024-01-01T00:00:00,30.80473684210526,Endal .Ja,"{""geodesic"":false,""type"":""Point"",""coordinates"":[79.07119352841909,11.577622129025013]}"
1663_0,0.5,0.1057625,0.67,0.31,8.36,0.12222,221,3.91,93,0.27277,0.27,52.5,0.130335,8.3,0.2803975,0.19063,2.1255381867605063,0.68,-0.0,337,338,"6/3/24, 12:00 AM",CUDDALORE,84,2024-12-31T00:00:00,8.32,3.4490197,354,358,309,303,0.0,2024-01-01T00:00:00,30.881027027027027,Endal .Ja,"{""geodesic"":false,""type"":""Point"",""coordinates"":[79.06634262588484,11.574927183172653]}"
1664_0,0.5,0.13237806,0.79,0.53,7.26,0.14914878,250,2.79,80,0.27816585,0.33,45,0.17389756,8.3,0.3207244,0.23804635,2.1255312941488413,0.73,-0.0,340,347,"7/5/24, 12:00 AM",CUDDALORE,85,2024-12-31T00:00:00,8.27,3.4490197,347,354,312,300,0.0,2024-01-01T00:00:00,30.81068421052632,Endal .Ja,"{""geodesic"":false,""type"":""Point"",""coordinates"":[79.06364768003249,11.576544150684068]}"
1665_0,0.5,0.094466664,0.76,0.38,8.28,0.1229381,240,4.65,100,0.3438643,0.36,52.5,0.13272381,4.1,0.2749119,0.18200715,2.3652190027968603,0.85,270.0,320,326,"5/22/24, 12:00 AM",CUDDALORE,74,2024-12-31T00:00:00,7.7,3.4490197,384,383,296,290,1.8928518,2024-01-01T00:00:00,30.80473684210526,Endal .Ja,"{""geodesic"":false,""type"":""Point"",""coordinates"":[79.07496645261239,11.582473031559257]}"
1666_0,0.5,0.172168,0.72,0.3,7.98,0.171376,173,6.35,169,0.290448,0.36,20,0.159216,4.1,0.298236,0.235684,0.13392257870518456,0.81,161.21088,337,331,"7/2/24, 12:00 AM",CUDDALORE,110,2024-12-31T00:00:00,8.03,3.469905,352,355,311,313,2.9365222,2024-01-01T00:00:00,30.84438709677419,Arasankudi,"{""geodesic"":false,""type"":""Point"",""coordinates"":[78.95881428637573,11.544474295041002]}"
1667_0,0.5,0.154504,0.72,0.27,8.01,0.16525601,144,3.9,173,0.304504,0.3,20,0.166108,8.2,0.283816,0.216648,-1.0155105774180009,0.8,314.4145,344,338,"7/12/24, 12:00 AM",CUDDALORE,115,2024-12-31T00:00:00,8.17,3.469905,348,350,308,311,1.3250462,2024-01-01T00:00:00,30.84438709677419,Arasankudi,"{""geodesic"":false,""type"":""Point"",""coordinates"":[78.95638883510861,11.545013284211473]}"
1668_0,0.5,0.082836,0.55,0.3,7.92,0.095272,163,3.97,156,0.269004,0.36,17,0.08306,8.2,0.199016,0.122312,-1.4674529022232639,0.6,27.03569,346,347,"7/10/24, 12:00 AM",CUDDALORE,117,2024-12-31T00:00:00,8.01,3.469905,348,344,305,308,2.0816398,2024-01-01T00:00:00,30.88377142857143,Arasankudi,"{""geodesic"":false,""type"":""Point"",""coordinates"":[78.96501266183616,11.536928446654398]}"
1669_0,0.05,0.089761905,0.71,0.15,11.36,0.115838096,109,5.76,142,0.2736238,0.33,37.5,0.12419048,4.1,0.28114763,0.2223,-1.372022361486726,0.75,90.0,300,309,"7/25/24, 12:00 AM",CUDDALORE,8,2024-12-31T00:00:00,5.75,4.2700086,327,318,373,373,1.8924283,2024-01-01T00:00:00,30.761466666666657,Kothattai,"{""geodesic"":false,""type"":""Point"",""coordinates"":[79.72471789761603,11.519680793199303]}"
1670_0,0.05,0.08310909,0.68,0.19,11.81,0.11440909,117,5.69,135,0.33072272,0.3,28.11,0.11511364,8.2,0.2944,0.21671818,-2.275382225270996,0.7,217.43109,316,314,"7/25/24, 12:00 AM",CUDDALORE,4,2024-12-31T00:00:00,5.71,4.2700086,318,312,367,374,4.661685,2024-01-01T00:00:00,30.761466666666657,Kothattai,"{""geodesic"":false,""type"":""Point"",""coordinates"":[79.72390941386033,11.519411298614067]}"
1671_0,0.5,0.11847826,0.72,0.38,8.56,0.14133479,231,4.2,138,0.32307392,0.21,57.5,0.14036088,4.1,0.26484782,0.17341739,-2.280755934582986,0.78,306.31735,311,335,"7/30/24, 12:00 AM",CUDDALORE,8,2024-12-31T00:00:00,7.31,4.2665224,339,327,351,338,4.6875963,2024-01-01T00:00:00,30.68173333333333,Budararayanpettai,"{""geodesic"":false,""type"":""Point"",""coordinates"":[79.62554389024925,11.463356424885008]}"
1672_0,0.5,0.08478261,0.68,0.34,9.31,0.111847825,86,5.35,156,0.2850087,0.36,55,0.11276957,8.3,0.24934782,0.16218695,-0.6583136373713014,0.82,180.0,279,296,"8/1/24, 12:00 AM",CUDDALORE,12,2024-12-31T00:00:00,8.44,4.4323535,376,365,345,339,0.92740995,2024-01-01T00:00:00,30.578500000000002,Miralur,"{""geodesic"":false,""type"":""Point"",""coordinates"":[79.55062439555367,11.45931400610647]}"
1673_0,0.5,0.118875,0.59,0.54,6.78,0.13999583,154,3.7,138,0.2938875,0.24,57.5,0.14049584,4.1,0.28875,0.19346666,-1.0150351735343104,0.63,225.57632,301,309,"7/31/24, 12:00 AM",CUDDALORE,14,2024-12-31T00:00:00,8.37,4.355062,370,363,329,328,1.3248296,2024-01-01T00:00:00,30.569612903225803,Miralur,"{""geodesic"":false,""type"":""Point"",""coordinates"":[79.54900742804226,11.454732598157461]}"
1674_0,0.5,0.08478261,0.81,0.31,9.35,0.111847825,70,5.01,124,0.2850087,0.36,57.5,0.11276957,4.1,0.24934782,0.16218695,-0.6583136373713014,0.81,180.0,279,296,"8/1/24, 12:00 AM",CUDDALORE,12,2024-12-31T00:00:00,8.34,4.4323535,376,365,345,339,0.92740995,2024-01-01T00:00:00,30.578500000000002,Miralur,"{""geodesic"":false,""type"":""Point"",""coordinates"":[79.55062439555367,11.45931400610647]}"
1675_0,0.5,0.10874762,0.53,0.62,5.64,0.13167143,135,2.64,152,0.29337618,0.24,52.5,0.1376238,4.1,0.26629522,0.18577619,0.08350964142231548,0.65,314.42227,268,285,"7/31/24, 12:00 AM",CUDDALORE,12,2024-12-31T00:00:00,8.25,4.4323535,365,355,367,360,1.3248627,2024-01-01T00:00:00,30.548258064516133,Miralur,"{""geodesic"":false,""type"":""Point"",""coordinates"":[79.55547529808793,11.46847682200449]}"
1676_0,0.5,0.13712609,0.71,0.57,6.78,0.15048261,117,3.15,142,0.2709,0.21,52.5,0.1419174,4.1,0.21407826,0.14583044,2.1259193187002916,0.73,-0.0,261,275,"7/31/24, 12:00 AM",CUDDALORE,12,2024-12-31T00:00:00,8.38,4.4323535,377,367,362,358,0.0,2024-01-01T00:00:00,30.578500000000002,Miralur,"{""geodesic"":false,""type"":""Point"",""coordinates"":[79.5530498468208,11.465512381566896]}"
1677_0,0.5,0.14958571,1.21,0.32,11.36,0.15789047,63,4.58,131,0.28466192,0.36,62.5,0.14704286,4.1,0.22767143,0.1561619,-1.8277984713854563,0.63,108.091324,261,275,"8/1/24, 12:00 AM",CUDDALORE,17,2024-12-31T00:00:00,8.26,4.4323535,377,367,362,358,2.984075,2024-01-01T00:00:00,30.578500000000002,Miralur,"{""geodesic"":false,""type"":""Point"",""coordinates"":[79.55143287930939,11.464434403225953]}"
1678_0,0.5,0.10874762,0.64,0.55,7.12,0.13167143,117,3.15,156,0.29337618,0.21,55,0.1376238,4.1,0.26629522,0.18577619,0.08350964142231548,0.73,314.42227,268,285,"7/31/24, 12:00 AM",CUDDALORE,12,2024-12-31T00:00:00,8.23,4.4323535,365,355,367,360,1.3248627,2024-01-01T00:00:00,30.548258064516133,Miralur,"{""geodesic"":false,""type"":""Point"",""coordinates"":[79.55547529808793,11.46847682200449]}"
1679_0,0.5,0.074852,0.49,0.53,6.98,0.09468,109,3.63,114,0.325856,0.27,60,0.074384004,4.1,0.200048,0.114608,-2.1602678330352343,0.56,27.029194,279,296,"7/31/24, 12:00 AM",CUDDALORE,16,2024-12-31T00:00:00,8.27,4.4323535,376,365,345,339,4.157559,2024-01-01T00:00:00,30.569612903225803,Miralur,"{""geodesic"":false,""type"":""Point"",""coordinates"":[79.55062439555367,11.457966533180292]}"
1680_0,0.77,0.11236,1.21,0.51,9.28,0.13628,154,5.36,187,0.34288,0.39,52.5,0.134495,4.1,0.290635,0.21036,-1.0841803854843433,0.5,270.0,286,303,"7/27/24, 12:00 AM",CUDDALORE,6,2024-12-31T00:00:00,7.43,4.262888,331,317,383,380,2.8371243,2024-01-01T00:00:00,30.753733333333333,Sendirakillai,"{""geodesic"":false,""type"":""Point"",""coordinates"":[79.69264804197297,11.49704324803949]}"
1681_0,0.91,0.11236,0.91,0.32,9.38,0.13628,183,5.31,194,0.34288,0.33,34,0.134495,8.3,0.290635,0.21036,-1.0841803854843433,1,270.0,286,303,"7/27/24, 12:00 AM",CUDDALORE,6,2024-12-31T00:00:00,7.15,4.262888,331,317,383,380,2.8371243,2024-01-01T00:00:00,30.753733333333333,Sendirakillai,"{""geodesic"":false,""type"":""Point"",""coordinates"":[79.69264804197297,11.49704324803949]}"
1682_0,0.76,0.11236,0.81,0.33,9.31,0.13628,163,4.21,180,0.34288,0.27,28,0.134495,4.1,0.290635,0.21036,-1.0841803854843433,0.5,270.0,286,303,"7/26/24, 12:00 AM",CUDDALORE,6,2024-12-31T00:00:00,7.18,4.262888,331,317,383,380,2.8371243,2024-01-01T00:00:00,30.753733333333333,Sendirakillai,"{""geodesic"":false,""type"":""Point"",""coordinates"":[79.69264804197297,11.49704324803949]}"
1683_0,0.5,0.11236,0.61,0.45,10.37,0.13628,173,0.76,207,0.34288,0.36,50,0.134495,4.1,0.290635,0.21036,-1.0841803854843433,0.76,270.0,286,303,"7/24/24, 12:00 AM",CUDDALORE,6,2024-12-31T00:00:00,6.98,4.262888,331,317,383,380,2.8371243,2024-01-01T00:00:00,30.753733333333333,Sendirakillai,"{""geodesic"":false,""type"":""Point"",""coordinates"":[79.69264804197297,11.49704324803949]}"
1684_0,0.5,0.11236,0.63,0.54,10.53,0.13628,221,0.7,173,0.34288,0.42,45.8,0.134495,8.3,0.290635,0.21036,-1.0841803854843433,0.7,270.0,286,303,"7/25/24, 12:00 AM",CUDDALORE,6,2024-12-31T00:00:00,7.28,4.262888,331,317,383,380,2.8371243,2024-01-01T00:00:00,30.753733333333333,Sendirakillai,"{""geodesic"":false,""type"":""Point"",""coordinates"":[79.69264804197297,11.49704324803949]}"
1685_0,0.5,0.11236,0.59,0.48,10.93,0.13628,212,0.62,190,0.34288,0.33,37.5,0.134495,4.1,0.290635,0.21036,-1.0841803854843433,0.62,270.0,286,303,"7/24/24, 12:00 AM",CUDDALORE,6,2024-12-31T00:00:00,7.22,4.262888,331,317,383,380,2.8371243,2024-01-01T00:00:00,30.753733333333333,Sendirakillai,"{""geodesic"":false,""type"":""Point"",""coordinates"":[79.69264804197297,11.49704324803949]}"
1686_0,0.5,0.134325,0.63,0.51,11.26,0.1609,154,0.75,169,0.34097,0.3,28.13,0.17252,4.1,0.336185,0.26472,-2.4704743583684867,0.75,270.0,295,314,"7/24/24, 12:00 AM",CUDDALORE,9,2024-12-31T00:00:00,7.91,4.262888,347,330,357,356,5.6604033,2024-01-01T00:00:00,30.753733333333333,Sendirakillai,"{""geodesic"":false,""type"":""Point"",""coordinates"":[79.69291753655821,11.49704324803949]}"
1687_0,0.5,0.134325,0.68,0.2,11.71,0.1609,221,5.66,145,0.34097,0.36,52,0.17252,8.2,0.336185,0.26472,-2.4704743583684867,0.89,270.0,295,314,"7/23/24, 12:00 AM",CUDDALORE,9,2024-12-31T00:00:00,7.01,4.262888,347,330,357,356,5.6604033,2024-01-01T00:00:00,30.753733333333333,Sendirakillai,"{""geodesic"":false,""type"":""Point"",""coordinates"":[79.69291753655821,11.49704324803949]}"
1688_0,0.5,0.09472,0.62,0.21,10.78,0.119575,288,5.61,207,0.320915,0.33,42,0.10275,8.2,0.24874,0.169915,-1.1348755297357676,0.65,288.08932,286,303,"7/23/24, 12:00 AM",CUDDALORE,9,2024-12-31T00:00:00,7.03,4.262888,331,317,383,380,2.9843931,2024-01-01T00:00:00,30.753733333333333,Sendirakillai,"{""geodesic"":false,""type"":""Point"",""coordinates"":[79.69264804197297,11.497851731795198]}"
1689_0,0.5,0.134325,0.75,0.24,11.63,0.1609,279,5.71,201,0.34097,0.39,37,0.17252,8.2,0.336185,0.26472,-2.4704743583684867,0.79,270.0,295,314,"7/23/24, 12:00 AM",CUDDALORE,9,2024-12-31T00:00:00,7.8,4.262888,347,330,357,356,5.6604033,2024-01-01T00:00:00,30.753733333333333,Sendirakillai,"{""geodesic"":false,""type"":""Point"",""coordinates"":[79.69291753655821,11.49704324803949]}"
1690_0,0.5,0.134325,0.81,0.32,10.71,0.1609,154,5.28,163,0.34097,0.36,55,0.17252,4.1,0.336185,0.26472,-2.4704743583684867,0.88,270.0,295,314,"7/23/24, 12:00 AM",CUDDALORE,9,2024-12-31T00:00:00,7.4,4.262888,347,330,357,356,5.6604033,2024-01-01T00:00:00,30.753733333333333,Sendirakillai,"{""geodesic"":false,""type"":""Point"",""coordinates"":[79.69291753655821,11.49704324803949]}"
1691_0,0.5,0.134325,0.72,0.23,11.28,0.1609,231,5.65,166,0.34097,0.39,46,0.17252,4.1,0.336185,0.26472,-2.4704743583684867,0.79,270.0,295,314,"7/23/24, 12:00 AM",CUDDALORE,9,2024-12-31T00:00:00,7.76,4.262888,347,330,357,356,5.6604033,2024-01-01T00:00:00,30.753733333333333,Sendirakillai,"{""geodesic"":false,""type"":""Point"",""coordinates"":[79.69291753655821,11.49704324803949]}"
1692_0,0.5,0.134325,0.6,0.25,11.52,0.1609,279,5.8,173,0.34097,0.36,37,0.17252,8.2,0.336185,0.26472,-2.4704743583684867,0.65,270.0,295,314,"7/23/24, 12:00 AM",CUDDALORE,9,2024-12-31T00:00:00,7.65,4.262888,347,330,357,356,5.6604033,2024-01-01T00:00:00,30.753733333333333,Sendirakillai,"{""geodesic"":false,""type"":""Point"",""coordinates"":[79.69291753655821,11.49704324803949]}"
1693_0,0.5,0.134325,0.7,0.24,11.63,0.1609,212,5.65,169,0.34097,0.39,50,0.17252,8.2,0.336185,0.26472,-2.4704743583684867,0.75,270.0,295,314,"7/23/24, 12:00 AM",CUDDALORE,9,2024-12-31T00:00:00,7.2,4.262888,347,330,357,356,5.6604033,2024-01-01T00:00:00,30.753733333333333,Sendirakillai,"{""geodesic"":false,""type"":""Point"",""coordinates"":[79.69291753655821,11.49704324803949]}"
1694_0,0.5,0.134325,1.05,0.4,9.31,0.1609,212,4.11,190,0.34097,0.36,45.5,0.17252,8.3,0.336185,0.26472,-2.4704743583684867,0.63,270.0,295,314,"7/23/24, 12:00 AM",CUDDALORE,9,2024-12-31T00:00:00,7.36,4.262888,347,330,357,356,5.6604033,2024-01-01T00:00:00,30.753733333333333,Sendirakillai,"{""geodesic"":false,""type"":""Point"",""coordinates"":[79.69291753655821,11.49704324803949]}"
1695_0,0.5,0.089347616,0.68,0.33,10.29,0.11798095,231,4.71,180,0.29758573,0.39,55,0.12911429,8.2,0.29539523,0.19723333,-0.7859652667208272,0.72,243.89243,293,319,"7/30/24, 12:00 AM",CUDDALORE,10,2024-12-31T00:00:00,7.27,4.3748055,346,333,360,348,2.106707,2024-01-01T00:00:00,30.573199999999996,Azhichikudi,"{""geodesic"":false,""type"":""Point"",""coordinates"":[79.59536049670282,11.444491803918499]}"
1696_0,0.5,0.089347616,0.7,0.29,9.46,0.11798095,250,4.61,173,0.29758573,0.24,62.5,0.12911429,4.1,0.29539523,0.19723333,-0.7859652667208272,0.59,243.89243,293,319,"7/30/24, 12:00 AM",CUDDALORE,10,2024-12-31T00:00:00,7.41,4.3748055,346,333,360,348,2.106707,2024-01-01T00:00:00,30.573199999999996,Azhichikudi,"{""geodesic"":false,""type"":""Point"",""coordinates"":[79.59536049670282,11.444491803918499]}"
1697_0,0.5,0.06017143,0.6,0.32,9.81,0.08680476,288,4.8,187,0.23072381,0.33,60,0.082504764,4.1,0.19785714,0.12402381,-1.3514061061459597,0.63,-0.0,289,312,"7/30/24, 12:00 AM",CUDDALORE,14,2024-12-31T00:00:00,7.67,4.3748055,335,323,376,365,1.8543341,2024-01-01T00:00:00,30.573199999999996,Azhichikudi,"{""geodesic"":false,""type"":""Point"",""coordinates"":[79.59724695879947,11.44314433099232]}"
1698_0,0.5,0.06017143,0.62,0.29,9.86,0.08680476,221,4.9,180,0.23072381,0.27,55,0.082504764,8.2,0.19785714,0.12402381,-1.3514061061459597,0.65,-0.0,289,312,"7/30/24, 12:00 AM",CUDDALORE,14,2024-12-31T00:00:00,7.36,4.3748055,335,323,376,365,1.8543341,2024-01-01T00:00:00,30.573199999999996,Azhichikudi,"{""geodesic"":false,""type"":""Point"",""coordinates"":[79.59724695879947,11.44314433099232]}"
1699_0,0.5,0.08444286,0.64,0.42,10.06,0.1097,240,4.48,144,0.3122905,0.27,63,0.10297143,4.1,0.25456667,0.16093333,-1.4791305034290283,0.83,243.89267,297,324,"7/30/24, 12:00 AM",CUDDALORE,12,2024-12-31T00:00:00,7.73,4.3748055,350,336,353,340,2.1067255,2024-01-01T00:00:00,30.573199999999996,Azhichikudi,"{""geodesic"":false,""type"":""Point"",""coordinates"":[79.59697746421425,11.447456244356093]}"
1700_0,0.5,0.08174762,0.72,0.64,9.38,0.10515238,260,5.21,163,0.26727143,0.36,62.5,0.09641905,12.4,0.21611905,0.14821905,-1.246126548502257,0.76,157.7987,302,326,"7/31/24, 12:00 AM",CUDDALORE,14,2024-12-31T00:00:00,7.56,4.3063784,347,336,351,338,4.996095,2024-01-01T00:00:00,30.598599999999998,Vandarayampattu,"{""geodesic"":false,""type"":""Point"",""coordinates"":[79.60209786133372,11.447456244356093]}"
1701_0,0.5,0.17582609,0.77,0.37,10.71,0.19132608,240,4.23,159,0.33253914,0.36,60,0.18692173,8.3,0.27346522,0.19931304,-1.261601152527699,0.81,123.16068,306,321,"7/30/24, 12:00 AM",CUDDALORE,8,2024-12-31T00:00:00,7.56,4.3063784,348,341,347,338,3.3873086,2024-01-01T00:00:00,30.598599999999998,Vandarayampattu,"{""geodesic"":false,""type"":""Point"",""coordinates"":[79.60775724762368,11.448534222697036]}"
1702_0,0.5,0.103038095,0.68,0.65,9.72,0.12225238,260,4.65,163,0.27508572,0.36,68.75,0.12393334,4.1,0.26040477,0.18733333,-1.4243904998811856,0.7,320.77722,306,329,"7/31/24, 12:00 AM",CUDDALORE,13,2024-12-31T00:00:00,7.69,4.3063784,344,333,350,337,5.964543,2024-01-01T00:00:00,30.598599999999998,Vandarayampattu,"{""geodesic"":false,""type"":""Point"",""coordinates"":[79.60101988299277,11.449073211867509]}"
1703_0,0.5,0.09652,0.75,0.15,9.51,0.121735,173,4.26,135,0.272655,0.33,37.5,0.128825,2.3,0.239095,0.17138,-1.0839304937714511,0.81,90.0,319,326,"8/1/24, 12:00 AM",CUDDALORE,5,2024-12-31T00:00:00,7.49,4.262888,325,317,356,357,2.83677,2024-01-01T00:00:00,30.576000000000008,B.Adhivaraganallur,"{""geodesic"":false,""type"":""Point"",""coordinates"":[79.68510219358637,11.461739457373593]}"
1704_0,0.5,0.09652,0.59,0.13,6.92,0.121735,212,3.32,145,0.272655,0.36,37.5,0.128825,4.1,0.239095,0.17138,-1.0839304937714511,0.65,90.0,319,326,"8/1/24, 12:00 AM",CUDDALORE,5,2024-12-31T00:00:00,8.04,4.262888,325,317,356,357,2.83677,2024-01-01T00:00:00,30.576000000000008,B.Adhivaraganallur,"{""geodesic"":false,""type"":""Point"",""coordinates"":[79.68510219358637,11.461739457373593]}"
1705_0,0.5,0.092539996,0.7,0.39,11.07,0.11679,117,0.7,166,0.25661498,0.36,34.4,0.128995,8.3,0.24087,0.176965,-1.063786826081482,0.7,-0.0,316,325,"7/27/24, 12:00 AM",CUDDALORE,5,2024-12-31T00:00:00,7.58,4.262888,318,311,365,364,2.7802885,2024-01-01T00:00:00,30.576000000000008,B.Adhivaraganallur,"{""geodesic"":false,""type"":""Point"",""coordinates"":[79.6853716881716,11.461469962788359]}"
1706_0,0.5,0.08822105,0.6,0.57,11.06,0.11098421,173,4.86,156,0.2758895,0.33,60,0.1165,4.1,0.23770526,0.15371579,-1.4671467512708098,0.89,27.029718,289,314,"7/27/24, 12:00 AM",CUDDALORE,8,2024-12-31T00:00:00,6.96,4.2665224,340,328,371,358,2.0815291,2024-01-01T00:00:00,30.683172413793105,Therkuthittai,"{""geodesic"":false,""type"":""Point"",""coordinates"":[79.6387491249258,11.464434403225953]}"
1707_0,0.5,0.11107368,0.64,0.28,11.36,0.1366421,144,5.2,135,0.29240525,0.33,57.5,0.15476316,4.1,0.3048158,0.24451579,-0.32353980208233635,0.71,225.60811,312,344,"7/15/24, 12:00 AM",CUDDALORE,29,2024-12-31T00:00:00,5.86,4.649809,379,351,309,305,1.3255796,2024-01-01T00:00:00,30.641548387096783,Anguchettipalayam,"{""geodesic"":false,""type"":""Point"",""coordinates"":[79.5215189803482,11.764112382008225]}"
1708_0,0.5,0.11107368,0.69,0.31,9.86,0.1366421,135,4.98,156,0.29240525,0.33,37.5,0.15476316,4.1,0.3048158,0.24451579,-0.32353980208233635,0.71,225.60811,312,344,"7/15/24, 12:00 AM",CUDDALORE,29,2024-12-31T00:00:00,5.53,4.649809,379,351,309,305,1.3255796,2024-01-01T00:00:00,30.641548387096783,Anguchettipalayam,"{""geodesic"":false,""type"":""Point"",""coordinates"":[79.5215189803482,11.764112382008225]}"
1709_0,0.5,0.08077222,0.55,0.32,9.52,0.10208333,202,4.31,124,0.25739443,0.36,60,0.105288886,4.1,0.22782777,0.17172222,-2.115295233408354,0.56,225.60802,329,357,"7/12/24, 12:00 AM",CUDDALORE,29,2024-12-31T00:00:00,5.41,4.649809,338,316,333,327,3.971072,2024-01-01T00:00:00,30.617333333333328,Anguchettipalayam,"{""geodesic"":false,""type"":""Point"",""coordinates"":[79.5492769226275,11.763303898252516]}"
1710_0,0.5,0.17688572,0.7,0.3,9.26,0.18670475,154,4.28,121,0.29895714,0.39,68,0.18505715,8.2,0.31259048,0.25494763,-1.016769615589088,0.73,134.39032,340,365,"7/12/24, 12:00 AM",CUDDALORE,32,2024-12-31T00:00:00,5.21,4.649809,354,333,306,302,2.6498156,2024-01-01T00:00:00,30.736620689655176,Anguchettipalayam,"{""geodesic"":false,""type"":""Point"",""coordinates"":[79.54092259048518,11.779204078781433]}"
1711_0,0.5,0.15341905,0.75,0.4,9.65,0.18222857,202,4.15,138,0.33996665,0.36,68.7,0.20615715,4.1,0.38407618,0.30571905,-0.6594309649301398,0.77,180.0,306,331,"7/2/24, 12:00 AM",CUDDALORE,32,2024-12-31T00:00:00,5.37,4.649809,382,360,312,309,0.92740995,2024-01-01T00:00:00,30.727677419354833,Anguchettipalayam,"{""geodesic"":false,""type"":""Point"",""coordinates"":[79.51585959405826,11.776509132929075]}"
1712_0,0.5,0.16597143,0.55,0.28,9.8,0.18829048,163,4.63,145,0.30444762,0.27,72,0.20667619,4.1,0.36850476,0.3144381,-1.2474494310958903,0.59,157.77518,298,333,"7/12/24, 12:00 AM",CUDDALORE,28,2024-12-31T00:00:00,5.8,4.649809,387,359,315,308,4.9969287,2024-01-01T00:00:00,30.608645161290315,Anguchettipalayam,"{""geodesic"":false,""type"":""Point"",""coordinates"":[79.51316464820589,11.774622670832423]}"
1713_0,0.5,0.0572,0.58,0.32,9.82,0.07217273,202,4.72,135,0.30652273,0.27,55,0.055204544,8.2,0.17570908,0.09043636,0.9506058720157603,0.6,180.0,312,334,"7/12/24, 12:00 AM",CUDDALORE,64,2024-12-31T00:00:00,5.63,4.2107716,381,363,307,304,0.92740995,2024-01-01T00:00:00,30.43897142857143,Anguchettipalayam,"{""geodesic"":false,""type"":""Point"",""coordinates"":[79.48998811387561,11.606727544230484]}"
1715_0,0.5,0.19956666,0.53,0.18,10.51,0.22703333,10.2,4.19,163,0.41461906,0.33,17.5,0.25158095,4.1,0.38323334,0.28300476,3.630944584047096,0.61,-0.0,298,316,"6/25/24, 12:00 AM",CUDDALORE,43,2024-12-31T00:00:00,7.06,4.498694,407,387,294,297,0.92740995,2024-01-01T00:00:00,30.554374999999997,Sirugramam,"{""geodesic"":false,""type"":""Point"",""coordinates"":[79.46007421491443,11.79887718350365]}"
1716_0,0.5,0.19735238,0.56,0.22,9.94,0.22199048,86,4.11,163,0.4017857,0.3,12.5,0.24598095,4.1,0.37422857,0.2739857,2.510976225509532,0.53,270.0,298,316,"6/25/24, 12:00 AM",CUDDALORE,41,2024-12-31T00:00:00,7.5,4.498694,407,387,294,297,2.840206,2024-01-01T00:00:00,30.554374999999997,Sirugramam,"{""geodesic"":false,""type"":""Point"",""coordinates"":[79.45980472032919,11.799146678088887]}"
1717_0,0.5,0.06771905,0.57,0.25,9.36,0.09382381,86,4.71,83,0.28308097,0.3,12.5,0.08577619,8.3,0.23598571,0.16310953,1.2911718807219699,0.6,243.92152,315,340,"6/24/24, 12:00 AM",CUDDALORE,44,2024-12-31T00:00:00,7.49,4.209525,400,375,285,285,2.1088905,2024-01-01T00:00:00,30.562000000000005,Sirugramam,"{""geodesic"":false,""type"":""Point"",""coordinates"":[79.44201807770362,11.802380613111715]}"
1718_0,0.5,0.07693333,0.5,0.25,9.02,0.105080955,163,4.36,156,0.29183808,0.33,10.6,0.10330476,8.3,0.25961906,0.18234286,1.062539365021435,0.59,225.61208,315,340,"6/24/24, 12:00 AM",CUDDALORE,43,2024-12-31T00:00:00,7.53,4.209525,400,375,285,285,2.649929,2024-01-01T00:00:00,30.562000000000005,Sirugramam,"{""geodesic"":false,""type"":""Point"",""coordinates"":[79.44201807770362,11.802111118526481]}"
1719_0,0.5,0.07965,0.57,0.1,9.26,0.103715,63,5.28,142,0.3322,0.24,28,0.0847,8.2,0.23117,0.139115,-0.6589820604009005,0.56,-0.0,298,325,"7/8/24, 12:00 AM",CUDDALORE,101,2024-12-31T00:00:00,5.41,4.2817693,368,345,334,330,0.92740995,2024-01-01T00:00:00,30.490647058823523,Kattugudalur,"{""geodesic"":false,""type"":""Point"",""coordinates"":[79.45522331238018,11.650385667038693]}"
1720_0,0.5,0.15731053,1.06,0.28,11.25,0.17751579,125,3.76,100,0.32582104,0.36,20,0.19865,8.3,0.3657158,0.27275527,2.3693077585638482,0.86,116.08558,321,348,"6/14/24, 12:00 AM",CUDDALORE,49,2024-12-31T00:00:00,7.66,4.5596237,406,377,273,275,2.1083572,2024-01-01T00:00:00,30.455249999999996,Kilmambattu,"{""geodesic"":false,""type"":""Point"",""coordinates"":[79.58943161582764,11.716142345836243]}"
1721_0,0.5,0.13855264,0.91,0.23,10.36,0.16564737,117,5.01,114,0.34943685,0.3,34,0.17081842,4.1,0.3636737,0.26970264,1.6916319917068308,0.75,225.60312,321,348,"6/14/24, 12:00 AM",CUDDALORE,50,2024-12-31T00:00:00,7.76,4.5596237,406,377,273,275,2.6495063,2024-01-01T00:00:00,30.455249999999996,Kilmambattu,"{""geodesic"":false,""type"":""Point"",""coordinates"":[79.58970111041288,11.716142345836243]}"
1722_0,0.5,0.0899225,0.86,0.29,11.01,0.1083825,163,5.31,124,0.31215,0.3,38,0.09371,4.1,0.24379,0.150345,-1.0164302349802277,0.76,45.603203,319,343,"6/14/24, 12:00 AM",CUDDALORE,58,2024-12-31T00:00:00,7.71,4.5596237,397,370,284,286,1.3254638,2024-01-01T00:00:00,30.431874999999994,Kilmambattu,"{""geodesic"":false,""type"":""Point"",""coordinates"":[79.59024009958334,11.71695082959195]}"
1723_0,0.5,0.0604525,0.77,0.21,11.01,0.07053,135,5.35,128,0.3718175,0.39,42,0.052605,4.1,0.18777,0.0967825,0.5619706142170388,0.82,14.322844,322,346,"6/14/24, 12:00 AM",CUDDALORE,46,2024-12-31T00:00:00,7.69,4.5596237,392,366,285,288,3.8232944,2024-01-01T00:00:00,30.433548387096774,Kilmambattu,"{""geodesic"":false,""type"":""Point"",""coordinates"":[79.59482150753236,11.718298302518129]}"
1724_0,0.5,0.10431905,0.63,0.17,10.31,0.13251428,173,4.31,149,0.3449143,0.3,38,0.13575238,4.1,0.29395238,0.20734762,-0.6797682516836793,0.63,90.0,303,330,"6/21/24, 12:00 AM",CUDDALORE,85,2024-12-31T00:00:00,7.97,4.3667583,368,344,329,326,0.9468993,2024-01-01T00:00:00,30.497999999999998,Sorathur,"{""geodesic"":false,""type"":""Point"",""coordinates"":[79.50777475650118,11.645804259089683]}"
1725_0,0.5,0.07749091,0.76,0.18,9.52,0.100795455,135,4.36,156,0.31995454,0.39,34,0.08451818,4.1,0.23029545,0.13619545,0.5855144182531717,0.63,18.795452,303,330,"6/21/24, 12:00 AM",CUDDALORE,84,2024-12-31T00:00:00,8.02,4.3667583,368,344,329,326,2.9366324,2024-01-01T00:00:00,30.497999999999998,Sorathur,"{""geodesic"":false,""type"":""Point"",""coordinates"":[79.50885273484212,11.645534764504447]}"
1726_0,0.5,0.07787272,0.49,0.2,8.24,0.10588636,144,4.01,149,0.3341409,0.36,50,0.101731814,8.3,0.25805455,0.16199091,-0.09410105745247821,0.54,63.908684,303,330,"6/25/24, 12:00 AM",CUDDALORE,85,2024-12-31T00:00:00,7.8,4.3667583,368,344,329,326,2.1079261,2024-01-01T00:00:00,30.497999999999998,Sorathur,"{""geodesic"":false,""type"":""Point"",""coordinates"":[79.50831374567164,11.645804259089683]}"
1727_0,0.5,0.08725897,0.69,0.17,9.71,0.11406667,173,4.16,142,0.3445923,0.3,50,0.12424616,8.2,0.27968976,0.18541795,0.033862832479636895,0.72,-0.0,336,365,"7/8/24, 12:00 AM",CUDDALORE,45,2024-12-31T00:00:00,7.77,4.206149,388,360,276,275,0.92740995,2024-01-01T00:00:00,30.5075,Sorathur,"{""geodesic"":false,""type"":""Point"",""coordinates"":[79.49726446767697,11.73581545055846]}"
1728_0,0.5,0.06323784,0.7,0.26,11.2,0.08552973,192,4.83,145,0.28986216,0.3,34.4,0.08440541,4.1,0.23223783,0.15505676,-0.7751531097117336,0.45,332.94775,327,353,"6/27/24, 12:00 AM",CUDDALORE,47,2024-12-31T00:00:00,7.37,4.206149,395,368,278,279,2.0819468,2024-01-01T00:00:00,30.5075,Semmedu,"{""geodesic"":false,""type"":""Point"",""coordinates"":[79.49753396226221,11.735545955973224]}"
1729_0,0.5,0.025947368,0.65,0.61,11.36,0.043815788,125,4.36,145,0.35852632,0.3,37.5,0.024,4.1,0.1459,0.07283158,-1.0167052045488907,0.68,225.60846,317,349,"7/16/24, 12:00 AM",CUDDALORE,28,2024-12-31T00:00:00,7.65,4.649809,375,348,308,303,1.3255879,2024-01-01T00:00:00,30.701290322580647,Siruvathur,"{""geodesic"":false,""type"":""Point"",""coordinates"":[79.5236749370301,11.76761581161629]}"
1730_0,0.5,0.025947368,0.6,0.29,9.16,0.043815788,78,4.76,152,0.35852632,0.3,37,0.024,8.2,0.1459,0.07283158,-1.0167052045488907,0.63,225.60846,317,349,"7/16/24, 12:00 AM",CUDDALORE,28,2024-12-31T00:00:00,8.21,4.649809,375,348,308,303,1.3255879,2024-01-01T00:00:00,30.701290322580647,Siruvathur,"{""geodesic"":false,""type"":""Point"",""coordinates"":[79.5236749370301,11.76761581161629]}"
1731_0,0.5,0.025947368,0.73,0.42,10.21,0.043815788,86,4.81,152,0.35852632,0.33,28,0.024,4.1,0.1459,0.07283158,-1.0167052045488907,0.8,225.60846,317,349,"7/12/24, 12:00 AM",CUDDALORE,28,2024-12-31T00:00:00,8.11,4.649809,375,348,308,303,1.3255879,2024-01-01T00:00:00,30.701290322580647,Siruvathur,"{""geodesic"":false,""type"":""Point"",""coordinates"":[79.5236749370301,11.76761581161629]}"
1732_0,0.5,0.025947368,0.63,0.38,11.03,0.043815788,65,4.91,152,0.35852632,0.36,22,0.024,4.1,0.1459,0.07283158,-1.0167052045488907,0.68,225.60846,317,349,"7/12/24, 12:00 AM",CUDDALORE,28,2024-12-31T00:00:00,8.2,4.649809,375,348,308,303,1.3255879,2024-01-01T00:00:00,30.701290322580647,Siruvathur,"{""geodesic"":false,""type"":""Point"",""coordinates"":[79.5236749370301,11.76761581161629]}"
1733_0,0.5,0.025947368,0.63,0.49,8.71,0.043815788,86,4.29,138,0.35852632,0.33,37.5,0.024,4.1,0.1459,0.07283158,-1.0167052045488907,0.5,225.60846,317,349,"7/16/24, 12:00 AM",CUDDALORE,28,2024-12-31T00:00:00,7.92,4.649809,375,348,308,303,1.3255879,2024-01-01T00:00:00,30.701290322580647,Siruvathur,"{""geodesic"":false,""type"":""Point"",""coordinates"":[79.5236749370301,11.76761581161629]}"
1734_0,0.5,0.025947368,0.86,0.44,9.21,0.043815788,55,4.21,173,0.35852632,0.36,28,0.024,4.1,0.1459,0.07283158,-1.0167052045488907,0.26,225.60846,317,349,"7/16/24, 12:00 AM",CUDDALORE,28,2024-12-31T00:00:00,7.46,4.649809,375,348,308,303,1.3255879,2024-01-01T00:00:00,30.701290322580647,Siruvathur,"{""geodesic"":false,""type"":""Point"",""coordinates"":[79.5236749370301,11.76761581161629]}"
1735_0,0.5,0.025947368,1.06,0.46,11.36,0.043815788,55,4.14,156,0.35852632,0.33,25,0.024,8.3,0.1459,0.07283158,-1.0167052045488907,0.91,225.60846,317,349,"7/16/24, 12:00 AM",CUDDALORE,28,2024-12-31T00:00:00,7.76,4.649809,375,348,308,303,1.3255879,2024-01-01T00:00:00,30.701290322580647,Siruvathur,"{""geodesic"":false,""type"":""Point"",""coordinates"":[79.5236749370301,11.76761581161629]}"
1736_0,0.5,0.025947368,0.63,0.46,11.01,0.043815788,86,4.63,156,0.35852632,0.36,31,0.024,4.1,0.1459,0.07283158,-1.0167052045488907,0.85,225.60846,317,349,"7/16/24, 12:00 AM",CUDDALORE,28,2024-12-31T00:00:00,7.61,4.649809,375,348,308,303,1.3255879,2024-01-01T00:00:00,30.701290322580647,Siruvathur,"{""geodesic"":false,""type"":""Point"",""coordinates"":[79.5236749370301,11.76761581161629]}"
1737_0,0.5,0.025947368,0.55,0.19,10.81,0.043815788,86,4.81,159,0.35852632,0.3,37,0.024,8.2,0.1459,0.07283158,-1.0167052045488907,0.59,225.60846,317,349,"7/12/24, 12:00 AM",CUDDALORE,28,2024-12-31T00:00:00,7.47,4.649809,375,348,308,303,1.3255879,2024-01-01T00:00:00,30.701290322580647,Siruvathur,"{""geodesic"":false,""type"":""Point"",""coordinates"":[79.5236749370301,11.76761581161629]}"
1738_0,0.5,0.025947368,0.63,0.41,11.12,0.043815788,59,4.63,163,0.35852632,0.27,28,0.024,8.2,0.1459,0.07283158,-1.0167052045488907,0.69,225.60846,317,349,"7/10/24, 12:00 AM",CUDDALORE,28,2024-12-31T00:00:00,7.27,4.649809,375,348,308,303,1.3255879,2024-01-01T00:00:00,30.701290322580647,Siruvathur,"{""geodesic"":false,""type"":""Point"",""coordinates"":[79.5236749370301,11.76761581161629]}"
1739_0,0.5,0.025947368,0.72,0.39,11.38,0.043815788,63,4.65,163,0.35852632,0.39,25,0.024,4.1,0.1459,0.07283158,-1.0167052045488907,0.81,225.60846,317,349,"7/10/24, 12:00 AM",CUDDALORE,28,2024-12-31T00:00:00,7.9,4.649809,375,348,308,303,1.3255879,2024-01-01T00:00:00,30.701290322580647,Siruvathur,"{""geodesic"":false,""type"":""Point"",""coordinates"":[79.5236749370301,11.76761581161629]}"
1740_0,0.5,0.025947368,0.62,0.24,10.36,0.043815788,163,4.39,152,0.35852632,0.33,22.5,0.024,4.1,0.1459,0.07283158,-1.0167052045488907,0.68,225.60846,317,349,"7/16/24, 12:00 AM",CUDDALORE,28,2024-12-31T00:00:00,7.67,4.649809,375,348,308,303,1.3255879,2024-01-01T00:00:00,30.701290322580647,Siruvathur,"{""geodesic"":false,""type"":""Point"",""coordinates"":[79.5236749370301,11.76761581161629]}"
1741_0,0.5,0.025947368,0.52,0.39,10.08,0.043815788,109,4.64,156,0.35852632,0.27,22.5,0.024,4.1,0.1459,0.07283158,-1.0167052045488907,0.75,225.60846,317,349,"7/16/24, 12:00 AM",CUDDALORE,28,2024-12-31T00:00:00,7.95,4.649809,375,348,308,303,1.3255879,2024-01-01T00:00:00,30.701290322580647,Siruvathur,"{""geodesic"":false,""type"":""Point"",""coordinates"":[79.5236749370301,11.76761581161629]}"
1742_0,0.5,0.025947368,0.46,0.55,10.39,0.043815788,154,4.63,138,0.35852632,0.3,25,0.024,4.1,0.1459,0.07283158,-1.0167052045488907,0.71,225.60846,317,349,"7/16/24, 12:00 AM",CUDDALORE,28,2024-12-31T00:00:00,7.89,4.649809,375,348,308,303,1.3255879,2024-01-01T00:00:00,30.701290322580647,Siruvathur,"{""geodesic"":false,""type"":""Point"",""coordinates"":[79.5236749370301,11.76761581161629]}"
1743_0,0.5,0.025947368,0.62,0.44,9.45,0.043815788,117,4.21,156,0.35852632,0.3,25,0.024,4.1,0.1459,0.07283158,-1.0167052045488907,0.68,225.60846,317,349,"7/16/24, 12:00 AM",CUDDALORE,28,2024-12-31T00:00:00,7.46,4.649809,375,348,308,303,1.3255879,2024-01-01T00:00:00,30.701290322580647,Siruvathur,"{""geodesic"":false,""type"":""Point"",""coordinates"":[79.5236749370301,11.76761581161629]}"
1744_0,0.5,0.025947368,1.06,0.5,11.06,0.043815788,55,4.35,173,0.35852632,0.33,37.5,0.024,4.1,0.1459,0.07283158,-1.0167052045488907,0.75,225.60846,317,349,"7/19/24, 12:00 AM",CUDDALORE,28,2024-12-31T00:00:00,7.02,4.649809,375,348,308,303,1.3255879,2024-01-01T00:00:00,30.701290322580647,Siruvathur,"{""geodesic"":false,""type"":""Point"",""coordinates"":[79.5236749370301,11.76761581161629]}"
1745_0,0.5,0.025947368,0.58,0.61,10.1,0.043815788,117,4.56,156,0.35852632,0.36,37.5,0.024,4.1,0.1459,0.07283158,-1.0167052045488907,0.71,225.60846,317,349,"6/24/24, 12:00 AM",CUDDALORE,28,2024-12-31T00:00:00,7.32,4.649809,375,348,308,303,1.3255879,2024-01-01T00:00:00,30.701290322580647,Siruvathur,"{""geodesic"":false,""type"":""Point"",""coordinates"":[79.5236749370301,11.76761581161629]}"
1746_0,0.5,0.025947368,0.54,0.39,10.15,0.043815788,102,4.75,159,0.35852632,0.33,34.3,0.024,4.1,0.1459,0.07283158,-1.0167052045488907,0.71,225.60846,317,349,"6/24/24, 12:00 AM",CUDDALORE,28,2024-12-31T00:00:00,7.45,4.649809,375,348,308,303,1.3255879,2024-01-01T00:00:00,30.701290322580647,Siruvathur,"{""geodesic"":false,""type"":""Point"",""coordinates"":[79.5236749370301,11.76761581161629]}"
1747_0,0.5,0.11992381,0,0.35,8.67,0.15577143,117,6.21,169,0.35741428,0.33,52,0.17506191,4.1,0.37235713,0.26878095,1.7557667086528164,0.66,314.38947,329,344,"7/9/24, 12:00 AM",CUDDALORE,34,2024-12-31T00:00:00,7.58,4.498694,386,365,286,291,1.3256371,2024-01-01T00:00:00,30.49200000000001,Rayarpalayam,"{""geodesic"":false,""type"":""Point"",""coordinates"":[79.49268305972797,11.787558410923744]}"
1748_0,0.5,0.13282381,1.01,0.15,11.21,0.16090477,94,5.01,83,0.35814285,0.3,28,0.17604762,4.1,0.35921428,0.25288096,-1.7794017464063592,0.75,90.0,321,337,"6/14/24, 12:00 AM",CUDDALORE,34,2024-12-31T00:00:00,7.42,4.498694,399,377,280,286,2.8400939,2024-01-01T00:00:00,30.49200000000001,Rayarpalayam,"{""geodesic"":false,""type"":""Point"",""coordinates"":[79.49187457597226,11.788366894679452]}"
1749_0,0.5,0.117214285,0.82,0.16,10.21,0.13819523,102,3.21,80,0.17696667,0.33,20,0.13548571,8.3,0.18949524,0.1363,-1.016814654238919,0.86,225.61057,314,333,"6/14/24, 12:00 AM",CUDDALORE,35,2024-12-31T00:00:00,7.47,4.498694,396,371,290,296,1.3256378,2024-01-01T00:00:00,30.49200000000001,Rayarpalayam,"{""geodesic"":false,""type"":""Point"",""coordinates"":[79.49133558680178,11.78782790550898]}"
1750_0,0.5,0.117214285,0.91,0.17,10.31,0.13819523,78,4.31,76,0.17696667,0.39,28,0.13548571,4.1,0.18949524,0.1363,-1.016814654238919,1.01,225.61057,314,333,"6/14/24, 12:00 AM",CUDDALORE,35,2024-12-31T00:00:00,7.41,4.498694,396,371,290,296,1.3256378,2024-01-01T00:00:00,30.49200000000001,Rayarpalayam,"{""geodesic"":false,""type"":""Point"",""coordinates"":[79.49133558680178,11.78782790550898]}"
1751_0,0.5,0.08817,0.82,0.22,10.21,0.11659,117,4.76,118,0.344845,0.39,72,0.10081,4.1,0.27402,0.186805,-1.3740078960944286,0.89,90.0,309,338,"7/19/24, 12:00 AM",CUDDALORE,45,2024-12-31T00:00:00,7.76,4.498694,394,366,297,296,1.8943248,2024-01-01T00:00:00,30.540125000000003,Melarungunam,"{""geodesic"":false,""type"":""Point"",""coordinates"":[79.4921440705575,11.798068699747942]}"
1752_0,0.5,0.09348571,0.7,0.33,10.8,0.110766664,202,5.16,131,0.38976666,0.33,69,0.090409525,4.1,0.20768096,0.13549525,-1.8129686333160044,0.72,341.19504,312,336,"7/19/24, 12:00 AM",CUDDALORE,40,2024-12-31T00:00:00,7.27,4.498694,392,366,296,298,2.9367979,2024-01-01T00:00:00,30.540125000000003,Melarungunam,"{""geodesic"":false,""type"":""Point"",""coordinates"":[79.49456952182462,11.795912743066056]}"
1753_0,0.5,0.07326191,0.51,0.33,8.6,0.107776195,117,4.36,69,0.34530476,0.27,22.5,0.09287143,4.1,0.28004286,0.18655714,-1.468564967240703,0.61,332.94257,317,343,"7/11/24, 12:00 AM",CUDDALORE,37,2024-12-31T00:00:00,7.71,4.498694,381,353,303,303,2.082043,2024-01-01T00:00:00,30.535499999999995,Melarungunam,"{""geodesic"":false,""type"":""Point"",""coordinates"":[79.49861194060315,11.796990721407]}"
1754_0,0.5,0.10828,0.67,0.19,8.27,0.13608,117,7.51,138,0.31804,0.3,45,0.14982499,4.1,0.31304,0.21931,-0.09493903503348947,0.76,63.919327,313,344,"7/8/24, 12:00 AM",CUDDALORE,30,2024-12-31T00:00:00,7.66,4.649809,383,356,304,299,2.1087253,2024-01-01T00:00:00,30.6188125,Semakottai,"{""geodesic"":false,""type"":""Point"",""coordinates"":[79.506427283575,11.775970143758602]}"
1755_0,0.5,0.06838421,0.41,0.13,9.24,0.08596842,94,4.01,124,0.3313737,0.3,17.5,0.0774579,4.1,0.2187421,0.13112631,-1.9479955237564008,0.46,214.24358,294,312,"6/24/24, 12:00 AM",CUDDALORE,99,2024-12-31T00:00:00,5.94,4.2817693,373,354,333,334,3.3620868,2024-01-01T00:00:00,30.488857142857146,Virasingankuppam,"{""geodesic"":false,""type"":""Point"",""coordinates"":[79.46357764452249,11.659278988351476]}"
1756_0,0.5,0.06838421,0.64,0.07,9.86,0.08596842,117,4.36,97,0.3313737,0.33,50,0.0774579,4.1,0.2187421,0.13112631,-1.9479955237564008,0.76,214.24358,294,312,"6/24/24, 12:00 AM",CUDDALORE,99,2024-12-31T00:00:00,5.61,4.2817693,373,354,333,334,3.3620868,2024-01-01T00:00:00,30.488857142857146,Virasingankuppam,"{""geodesic"":false,""type"":""Point"",""coordinates"":[79.46357764452249,11.659278988351476]}"
1757_0,0.5,0.06838421,0.64,0.07,9.42,0.08596842,109,4.3,111,0.3313737,0.33,20,0.0774579,4.1,0.2187421,0.13112631,-1.9479955237564008,0.71,214.24358,294,312,"6/24/24, 12:00 AM",CUDDALORE,99,2024-12-31T00:00:00,5.47,4.2817693,373,354,333,334,3.3620868,2024-01-01T00:00:00,30.488857142857146,Virasingankuppam,"{""geodesic"":false,""type"":""Point"",""coordinates"":[79.46357764452249,11.659278988351476]}"
1758_0,0.5,0.07686842,0.76,0.09,9.76,0.09399474,70,5.31,97,0.32647896,0.42,20,0.09041579,4.1,0.21863684,0.12869474,-1.7092665779335054,0.82,225.59723,289,308,"6/21/24, 12:00 AM",CUDDALORE,100,2024-12-31T00:00:00,5.08,4.2817693,372,353,339,339,2.6492288,2024-01-01T00:00:00,30.488857142857146,Virasingankuppam,"{""geodesic"":false,""type"":""Point"",""coordinates"":[79.46384713910773,11.659278988351476]}"
1759_0,0.5,0.07686842,0.82,0.08,10.12,0.09399474,63,4.35,104,0.32647896,0.33,20,0.09041579,4.1,0.21863684,0.12869474,-1.7092665779335054,0.95,225.59723,289,308,"6/21/24, 12:00 AM",CUDDALORE,100,2024-12-31T00:00:00,5,4.2817693,372,353,339,339,2.6492288,2024-01-01T00:00:00,30.488857142857146,Virasingankuppam,"{""geodesic"":false,""type"":""Point"",""coordinates"":[79.46384713910773,11.659278988351476]}"
1760_0,0.5,0.07686842,0.77,0.09,10.31,0.09399474,94,4.51,107,0.32647896,0.3,23,0.09041579,4.1,0.21863684,0.12869474,-1.7092665779335054,0.86,225.59723,289,308,"6/21/24, 12:00 AM",CUDDALORE,100,2024-12-31T00:00:00,5.74,4.2817693,372,353,339,339,2.6492288,2024-01-01T00:00:00,30.488857142857146,Virasingankuppam,"{""geodesic"":false,""type"":""Point"",""coordinates"":[79.46384713910773,11.659278988351476]}"
1761_0,0.5,0.063605,0.56,0.25,10.2,0.086455,117,4.5,176,0.3058725,0.33,52.5,0.07595,4.1,0.2193875,0.12482,2.1251424516874606,0.51,-0.0,330,356,"6/25/24, 12:00 AM",CUDDALORE,72,2024-12-31T00:00:00,7.81,4.483492,367,344,303,300,0.0,2024-01-01T00:00:00,30.489562499999998,Silambinathanpettai,"{""geodesic"":false,""type"":""Point"",""coordinates"":[79.60829623679415,11.687306425216006]}"
1762_0,0.5,0.16674736,0.32,0.29,6.9,0.18167895,192,3.45,166,0.36316314,0.27,20,0.18108422,4.1,0.3112842,0.2162,-2.115283401558495,0.42,314.3922,340,365,"7/11/24, 12:00 AM",CUDDALORE,30,2024-12-31T00:00:00,8.49,4.498694,363,340,297,294,3.9710555,2024-01-01T00:00:00,30.51024242424243,Tiruvamur,"{""geodesic"":false,""type"":""Point"",""coordinates"":[79.4832507492447,11.76114794157063]}"
1763_0,0.5,0.17649473,0.3,0.38,7.36,0.19556841,212,3.36,159,0.3715842,0.3,17.5,0.21190526,8.3,0.32137895,0.23070526,-1.352524262537613,0.36,180.0,333,363,"7/11/24, 12:00 AM",CUDDALORE,31,2024-12-31T00:00:00,8.51,4.498694,351,329,317,308,1.8543341,2024-01-01T00:00:00,30.51024242424243,Tiruvamur,"{""geodesic"":false,""type"":""Point"",""coordinates"":[79.4832507492447,11.761417436155867]}"
1764_0,0.5,0.18242632,0.32,0.33,6.52,0.19607368,202,3.45,173,0.349,0.3,17.5,0.18819474,4.1,0.27934736,0.19549474,0.7057025000819689,0.49,90.0,340,365,"7/11/24, 12:00 AM",CUDDALORE,28,2024-12-31T00:00:00,8.52,4.498694,363,340,297,294,0.94729394,2024-01-01T00:00:00,30.51024242424243,Tiruvamur,"{""geodesic"":false,""type"":""Point"",""coordinates"":[79.48271176007424,11.76114794157063]}"
1765_0,0.5,0.18242632,0.39,0.34,7.36,0.19607368,173,3.72,169,0.349,0.33,17.5,0.18819474,4.1,0.27934736,0.19549474,0.7057025000819689,0.45,90.0,340,365,"7/11/24, 12:00 AM",CUDDALORE,28,2024-12-31T00:00:00,8.56,4.498694,363,340,297,294,0.94729394,2024-01-01T00:00:00,30.51024242424243,Tiruvamur,"{""geodesic"":false,""type"":""Point"",""coordinates"":[79.48271176007424,11.76114794157063]}"
1766_0,0.5,0.04589474,0.75,0.34,11.06,0.06208421,202,4.35,180,0.28185263,0.33,17.5,0.05726316,8.3,0.16783684,0.10076842,-0.4435339409965899,0.63,251.92685,314,347,"7/12/24, 12:00 AM",CUDDALORE,36,2024-12-31T00:00:00,8.71,4.498694,376,352,309,301,2.9869704,2024-01-01T00:00:00,30.541257142857148,Tiruvamur,"{""geodesic"":false,""type"":""Point"",""coordinates"":[79.46708107413056,11.764112382008225]}"
1767_0,0.5,0.18292105,0.65,0.45,9.35,0.20361052,173,4.26,187,0.33912632,0.36,20,0.22066316,4.1,0.34520528,0.2541,1.6429808763099492,0.85,202.22389,302,330,"7/12/24, 12:00 AM",CUDDALORE,30,2024-12-31T00:00:00,8.71,4.498694,370,350,328,320,4.996896,2024-01-01T00:00:00,30.541257142857148,Tiruvamur,"{""geodesic"":false,""type"":""Point"",""coordinates"":[79.46708107413056,11.761956425326337]}"
1768_0,0.5,0.090121426,0.73,0.13,9.75,0.10984286,192,4.78,145,0.28833094,0.3,41.6,0.11899524,4.1,0.25534284,0.18014523,-1.4810086076387117,0.72,116.08355,333,343,"7/18/24, 12:00 AM",CUDDALORE,40,2024-12-31T00:00:00,7.31,4.5596237,400,388,267,270,2.1085093,2024-01-01T00:00:00,30.45359999999999,Melkavarapattu,"{""geodesic"":false,""type"":""Point"",""coordinates"":[79.57703486490679,11.74093584767794]}"
1769_0,0.5,0.090121426,0.72,0.12,11.36,0.10984286,192,5.3,145,0.28833094,0.33,37.5,0.11899524,4.1,0.25534284,0.18014523,-1.4810086076387117,0.76,116.08355,333,343,"7/18/24, 12:00 AM",CUDDALORE,40,2024-12-31T00:00:00,7.05,4.5596237,400,388,267,270,2.1085093,2024-01-01T00:00:00,30.45359999999999,Melkavarapattu,"{""geodesic"":false,""type"":""Point"",""coordinates"":[79.57703486490679,11.74093584767794]}"
1770_0,0.5,0.090121426,0.86,0.14,10.65,0.10984286,221,5.31,138,0.28833094,0.27,34.3,0.11899524,4.1,0.25534284,0.18014523,-1.4810086076387117,0.91,116.08355,333,343,"7/18/24, 12:00 AM",CUDDALORE,40,2024-12-31T00:00:00,6.92,4.5596237,400,388,267,270,2.1085093,2024-01-01T00:00:00,30.45359999999999,Melkavarapattu,"{""geodesic"":false,""type"":""Point"",""coordinates"":[79.57703486490679,11.74093584767794]}"
1771_0,0.5,0.090121426,0.83,0.13,9.36,0.10984286,212,4.72,152,0.28833094,0.33,28.12,0.11899524,8.3,0.25534284,0.18014523,-1.4810086076387117,0.86,116.08355,333,343,"7/18/24, 12:00 AM",CUDDALORE,40,2024-12-31T00:00:00,7.15,4.5596237,400,388,267,270,2.1085093,2024-01-01T00:00:00,30.45359999999999,Melkavarapattu,"{""geodesic"":false,""type"":""Point"",""coordinates"":[79.57703486490679,11.74093584767794]}"
1772_0,0.5,0.090121426,0.69,0.12,10.3,0.10984286,212,5.02,138,0.28833094,0.3,37,0.11899524,4.1,0.25534284,0.18014523,-1.4810086076387117,0.72,116.08355,333,343,"7/19/24, 12:00 AM",CUDDALORE,40,2024-12-31T00:00:00,7.16,4.5596237,400,388,267,270,2.1085093,2024-01-01T00:00:00,30.45359999999999,Melkavarapattu,"{""geodesic"":false,""type"":""Point"",""coordinates"":[79.57703486490679,11.74093584767794]}"
1773_0,0.5,0.17979048,0.62,0.14,10.21,0.19552381,221,5.15,152,0.34350476,0.27,31,0.2070619,8.2,0.3358619,0.2616762,-1.255454707980846,0.71,145.744,340,368,"7/19/24, 12:00 AM",CUDDALORE,23,2024-12-31T00:00:00,7.32,4.665223,338,317,322,315,3.3625817,2024-01-01T00:00:00,30.56628571428572,Melkavarapattu,"{""geodesic"":false,""type"":""Point"",""coordinates"":[79.58781464831623,11.78782790550898]}"
1774_0,0.5,0.17979048,0.62,0.1,10.63,0.19552381,163,5.06,145,0.34350476,0.39,42,0.2070619,4.1,0.3358619,0.2616762,-1.255454707980846,0.65,145.744,340,368,"7/19/24, 12:00 AM",CUDDALORE,23,2024-12-31T00:00:00,6.95,4.665223,338,317,322,315,3.3625817,2024-01-01T00:00:00,30.56628571428572,Melkavarapattu,"{""geodesic"":false,""type"":""Point"",""coordinates"":[79.58781464831623,11.78782790550898]}"
1775_0,0.5,0.17979048,0.62,0.12,9.6,0.19552381,221,4.96,163,0.34350476,0.33,45.7,0.2070619,4.1,0.3358619,0.2616762,-1.255454707980846,0.75,145.744,340,368,"7/18/24, 12:00 AM",CUDDALORE,23,2024-12-31T00:00:00,7.25,4.665223,338,317,322,315,3.3625817,2024-01-01T00:00:00,30.56628571428572,Melkavarapattu,"{""geodesic"":false,""type"":""Point"",""coordinates"":[79.58781464831623,11.78782790550898]}"
1776_0,0.5,0.07135909,0.92,0.13,14.17,0.10329545,125,5.28,169,0.25028637,0.36,34,0.12715454,4.1,0.29808182,0.23657273,-1.4814143090478655,0.88,243.92157,338,366,"7/18/24, 12:00 AM",CUDDALORE,28,2024-12-31T00:00:00,7.28,4.5402136,332,319,330,315,2.1088939,2024-01-01T00:00:00,30.626357142857138,Melkavarapattu,"{""geodesic"":false,""type"":""Point"",""coordinates"":[79.58673666997528,11.803189096867424]}"
1777_0,0.5,0.12009524,1.21,0.47,10.26,0.14597143,212,5.31,156,0.36136666,0.36,46,0.13991904,4.1,0.3294857,0.23013332,-1.7100514035610554,0.82,225.61229,358,386,"7/19/24, 12:00 AM",CUDDALORE,28,2024-12-31T00:00:00,7.73,4.5402136,338,321,305,293,2.6499386,2024-01-01T00:00:00,30.596357142857148,Melkavarapattu,"{""geodesic"":false,""type"":""Point"",""coordinates"":[79.59320454002093,11.804267075208367]}"
1778_0,0.5,0.12404,0.63,0.5,10.36,0.151025,183,4.21,135,0.345495,0.36,52.5,0.15675,8.3,0.326685,0.243505,-1.3526790150332224,0.75,180.0,364,392,"7/19/24, 12:00 AM",CUDDALORE,27,2024-12-31T00:00:00,7.62,4.5402136,335,319,301,289,1.8543341,2024-01-01T00:00:00,30.596357142857148,Melkavarapattu,"{""geodesic"":false,""type"":""Point"",""coordinates"":[79.59239605626523,11.805075558964075]}"
1779_0,0.5,0.12404,0.84,0.12,13.42,0.151025,212,5.12,180,0.345495,0.36,50,0.15675,8.3,0.326685,0.243505,-1.3526790150332224,0.78,180.0,364,392,"7/18/24, 12:00 AM",CUDDALORE,27,2024-12-31T00:00:00,7.32,4.5402136,335,319,301,289,1.8543341,2024-01-01T00:00:00,30.596357142857148,Melkavarapattu,"{""geodesic"":false,""type"":""Point"",""coordinates"":[79.59239605626523,11.805075558964075]}"
1780_0,0.5,0.12404,0.67,0.12,13.27,0.151025,135,5.39,135,0.345495,0.3,34,0.15675,8.3,0.326685,0.243505,-1.3526790150332224,0.69,180.0,364,392,"7/18/24, 12:00 AM",CUDDALORE,27,2024-12-31T00:00:00,6.96,4.5402136,335,319,301,289,1.8543341,2024-01-01T00:00:00,30.596357142857148,Melkavarapattu,"{""geodesic"":false,""type"":""Point"",""coordinates"":[79.59239605626523,11.805075558964075]}"
1782_0,0.5,0.10026486,0.63,0.29,10.35,0.124227025,202,3.12,121,0.25859728,0.3,65.5,0.13235405,4.13,0.26138648,0.1902919,3.223531210747246,0.63,-0.0,333,358,"6/7/24, 12:00 AM",CUDDALORE,9,2024-12-31T00:00:00,8.01,4.7172713,329,313,338,329,0.0,2024-01-01T00:00:00,30.517310344827578,Pillali,"{""geodesic"":false,""type"":""Point"",""coordinates"":[79.69992439577435,11.75009866357596]}"
1783_0,0.5,0.11192353,0.49,0.71,9.02,0.12961765,269,4.36,121,0.28774118,0.3,60,0.12078823,4.1,0.22184706,0.15477647,-0.3235215754437821,0.18,314.39227,358,383,"6/14/24, 12:00 AM",CUDDALORE,8,2024-12-31T00:00:00,7.82,4.5885277,307,291,336,325,1.3255708,2024-01-01T00:00:00,30.47889655172414,Pillali,"{""geodesic"":false,""type"":""Point"",""coordinates"":[79.70827872791665,11.760608952400158]}"
1784_0,0.5,0.13157369,0.61,0.55,11.26,0.15408948,202,4.11,121,0.33630002,0.36,68.75,0.14936842,4.13,0.2791,0.19497895,3.157665932643732,1.21,45.609066,327,341,"6/7/24, 12:00 AM",CUDDALORE,5,2024-12-31T00:00:00,7.71,4.323916,328,319,345,339,1.3256023,2024-01-01T00:00:00,30.570969696969698,Pillali,"{""geodesic"":false,""type"":""Point"",""coordinates"":[79.75085887238392,11.773275197906244]}"
1785_0,0.5,0.13157369,0,0.59,11.35,0.15408948,202,3.26,128,0.33630002,0.36,62.5,0.14936842,8.25,0.2791,0.19497895,3.157665932643732,0.63,45.609066,327,341,"6/7/24, 12:00 AM",CUDDALORE,5,2024-12-31T00:00:00,7.76,4.323916,328,319,345,339,1.3256023,2024-01-01T00:00:00,30.570969696969698,Pillali,"{""geodesic"":false,""type"":""Point"",""coordinates"":[79.75085887238392,11.773275197906244]}"
1786_0,0.5,0.13497369,0.38,0.62,8.14,0.15707895,70,4.16,121,0.31098422,0.3,71.8,0.1527579,4.1,0.2810263,0.20096315,2.344515008311507,0.27,108.072586,327,341,"6/14/24, 12:00 AM",CUDDALORE,6,2024-12-31T00:00:00,7.79,4.323916,328,319,345,339,2.9870603,2024-01-01T00:00:00,30.570969696969698,Pillali,"{""geodesic"":false,""type"":""Point"",""coordinates"":[79.75058937779868,11.773275197906244]}"
1787_0,0.5,0.13497369,0.72,0.63,8.76,0.15707895,221,3.96,121,0.31098422,0.3,68.7,0.1527579,4.1,0.2810263,0.20096315,2.344515008311507,0.75,108.072586,327,341,"6/14/24, 12:00 AM",CUDDALORE,6,2024-12-31T00:00:00,7.78,4.323916,328,319,345,339,2.9870603,2024-01-01T00:00:00,30.570969696969698,Pillali,"{""geodesic"":false,""type"":""Point"",""coordinates"":[79.75058937779868,11.773275197906244]}"
1788_0,0.5,0.07728,0.51,0.19,9.93,0.09728,135,3.16,118,0.204175,0.3,45.8,0.09989,4.1,0.200555,0.13613,-0.6593667756971441,0.55,-0.0,332,352,"6/26/24, 12:00 AM",CUDDALORE,13,2024-12-31T00:00:00,7.99,4.7172713,324,313,344,335,0.92740995,2024-01-01T00:00:00,30.53041379310345,Konamangalam,"{""geodesic"":false,""type"":""Point"",""coordinates"":[79.69157006363203,11.758722490303507]}"
1789_0,0.5,0.101347364,0.6,0.16,11.13,0.10536316,109,4.1,100,0.29320526,0.21,22.5,0.09867895,4.1,0.24103683,0.16013685,-1.0167034362472562,0.63,45.6084,343,376,"6/10/24, 12:00 AM",CUDDALORE,17,2024-12-31T00:00:00,7.99,4.5885277,320,301,337,323,1.3255866,2024-01-01T00:00:00,30.50186206896552,Varakalpattu,"{""geodesic"":false,""type"":""Point"",""coordinates"":[79.70747024416094,11.76707682244582]}"
1790_0,0.5,0.101347364,0.56,0.13,10.65,0.10536316,154,3.93,114,0.29320526,0.21,34.4,0.09867895,4.1,0.24103683,0.16013685,-1.0167034362472562,0.51,45.6084,343,376,"6/26/24, 12:00 AM",CUDDALORE,17,2024-12-31T00:00:00,8.05,4.5885277,320,301,337,323,1.3255866,2024-01-01T00:00:00,30.50186206896552,Varakalpattu,"{""geodesic"":false,""type"":""Point"",""coordinates"":[79.70747024416094,11.76707682244582]}"
1791_0,0.5,0.101347364,0.63,0.16,9.58,0.10536316,154,3.75,118,0.29320526,0.24,37.5,0.09867895,4.1,0.24103683,0.16013685,-1.0167034362472562,0.62,45.6084,343,376,"6/26/24, 12:00 AM",CUDDALORE,17,2024-12-31T00:00:00,8.03,4.5885277,320,301,337,323,1.3255866,2024-01-01T00:00:00,30.50186206896552,Varakalpattu,"{""geodesic"":false,""type"":""Point"",""coordinates"":[79.70747024416094,11.76707682244582]}"
1792_0,0.5,0.0860381,0.96,0.52,11.06,0.12100952,202,4.35,187,0.30846667,0.33,34,0.13252857,8.3,0.3284,0.22419524,-1.3844498430958736,0.88,14.329471,286,308,"7/19/24, 12:00 AM",CUDDALORE,7,2024-12-31T00:00:00,8.26,3.7324848,369,354,345,338,3.823407,2024-01-01T00:00:00,30.43488888888888,Madalpattu,"{""geodesic"":false,""type"":""Point"",""coordinates"":[79.79263053309548,11.85088963845417]}"
1793_0,0.5,0.041504763,0.73,0.2,12.38,0.06487619,212,6.18,214,0.23754285,0.3,31,0.055428572,4.1,0.1823,0.110695235,-1.710284446961927,0.72,45.61676,303,327,"7/19/24, 12:00 AM",CUDDALORE,9,2024-12-31T00:00:00,7.75,3.9367187,344,332,353,341,2.6501498,2024-01-01T00:00:00,30.41177777777778,Madalpattu,"{""geodesic"":false,""type"":""Point"",""coordinates"":[79.79775093021496,11.846847219675633]}"
1794_0,0.5,0.041504763,0.72,0.23,12.61,0.06487619,202,6.32,190,0.23754285,0.49,37.5,0.055428572,4.1,0.1823,0.110695235,-1.710284446961927,0.64,45.61676,303,327,"7/19/24, 12:00 AM",CUDDALORE,9,2024-12-31T00:00:00,7.87,3.9367187,344,332,353,341,2.6501498,2024-01-01T00:00:00,30.41177777777778,Madalpattu,"{""geodesic"":false,""type"":""Point"",""coordinates"":[79.79775093021496,11.846847219675633]}"
1795_0,0.5,0.041504763,0.76,0.24,13.32,0.06487619,192,6.46,166,0.23754285,0.45,28,0.055428572,4.1,0.1823,0.110695235,-1.710284446961927,0.69,45.61676,303,327,"7/19/24, 12:00 AM",CUDDALORE,9,2024-12-31T00:00:00,7.8,3.9367187,344,332,353,341,2.6501498,2024-01-01T00:00:00,30.41177777777778,Madalpattu,"{""geodesic"":false,""type"":""Point"",""coordinates"":[79.79775093021496,11.846847219675633]}"
1796_0,0.5,0.041504763,0.72,0.42,9.81,0.06487619,221,4.68,176,0.23754285,0.27,38,0.055428572,4.1,0.1823,0.110695235,-1.710284446961927,0.81,45.61676,303,327,"7/20/24, 12:00 AM",CUDDALORE,9,2024-12-31T00:00:00,8.22,3.9367187,344,332,353,341,2.6501498,2024-01-01T00:00:00,30.41177777777778,Madalpattu,"{""geodesic"":false,""type"":""Point"",""coordinates"":[79.79775093021496,11.846847219675633]}"
1797_0,0.5,0.065957144,0.7,0.15,11.76,0.081685714,117,5.08,90,0.24071428,0.39,37.5,0.07051143,4.1,0.18436,0.117434286,-1.468333833363443,0.79,207.0529,339,359,"7/19/24, 12:00 AM",CUDDALORE,24,2024-12-31T00:00:00,6.44,4.424942,339,324,322,317,2.081959,2024-01-01T00:00:00,30.433103448275862,Vilangalpattu,"{""geodesic"":false,""type"":""Point"",""coordinates"":[79.64710345706811,11.743361298945064]}"
1798_0,0.5,0.07836286,0.72,0.1,10.75,0.10555428,63,4.76,121,0.32215428,0.27,45.75,0.10733143,4.1,0.29102856,0.19284286,-1.46827847461646,0.65,152.94821,321,355,"6/4/24, 12:00 AM",CUDDALORE,34,2024-12-31T00:00:00,6.89,4.424942,383,354,297,291,2.081938,2024-01-01T00:00:00,30.5088275862069,Vilangalpattu,"{""geodesic"":false,""type"":""Point"",""coordinates"":[79.64683396248287,11.729886569683272]}"
1799_0,0.5,0.18867429,0.65,0.14,10.98,0.20692286,94,5.03,111,0.36657715,0.3,55,0.20252,4.1,0.35754856,0.26792857,-0.094650702489534,0.61,116.08433,328,347,"6/4/24, 12:00 AM",CUDDALORE,23,2024-12-31T00:00:00,5.64,4.6249967,367,353,306,300,2.1084511,2024-01-01T00:00:00,30.5088275862069,Vilangalpattu,"{""geodesic"":false,""type"":""Point"",""coordinates"":[79.653840821699,11.731503537194685]}"
1800_0,0.5,0.09323333,0.65,0.47,12.41,0.11610556,63,4.26,97,0.25794443,0.33,22,0.12312778,4.13,0.264675,0.20025277,-1.468294590286844,0.72,332.94785,336,358,"6/4/24, 12:00 AM",CUDDALORE,19,2024-12-31T00:00:00,6.74,4.6249967,356,343,309,299,2.081945,2024-01-01T00:00:00,30.524000000000004,Vilangalpattu,"{""geodesic"":false,""type"":""Point"",""coordinates"":[79.65842222964801,11.73446797763228]}"
1801_0,0.5,0.09323333,0.63,0.48,12.41,0.11610556,70,4.36,93,0.25794443,0.33,9,0.12312778,4.13,0.264675,0.20025277,-1.468294590286844,0.85,332.94785,336,358,"6/4/24, 12:00 AM",CUDDALORE,19,2024-12-31T00:00:00,6.77,4.6249967,356,343,309,299,2.081945,2024-01-01T00:00:00,30.524000000000004,Vilangalpattu,"{""geodesic"":false,""type"":""Point"",""coordinates"":[79.65842222964801,11.73446797763228]}"
1802_0,0.5,0.07836286,0.91,0.46,14.36,0.10555428,31,3.41,86,0.32215428,0.33,12.5,0.10733143,8.3,0.29102856,0.19284286,-1.46827847461646,1.21,152.94821,321,355,"7/19/24, 12:00 AM",CUDDALORE,34,2024-12-31T00:00:00,6.82,4.424942,383,354,297,291,2.081938,2024-01-01T00:00:00,30.5088275862069,Vilangalpattu,"{""geodesic"":false,""type"":""Point"",""coordinates"":[79.64683396248287,11.729886569683272]}"
1803_0,0.5,0.17302369,0.75,0.49,11.06,0.19052368,31,3.21,86,0.3556658,0.3,15,0.19712631,4.1,0.3532816,0.26562893,-1.9529354182795153,0.95,163.73167,341,359,"7/19/24, 12:00 AM",CUDDALORE,16,2024-12-31T00:00:00,7.01,4.424942,334,320,326,321,6.732083,2024-01-01T00:00:00,30.433103448275862,Vilangalpattu,"{""geodesic"":false,""type"":""Point"",""coordinates"":[79.64306103828957,11.74174433143365]}"
1804_0,0.5,0.17302369,1.21,0.44,14.31,0.19052368,63,4.31,86,0.3556658,0.3,48.75,0.19712631,4.1,0.3532816,0.26562893,-1.9529354182795153,0.75,163.73167,341,359,"7/19/24, 12:00 AM",CUDDALORE,16,2024-12-31T00:00:00,6.7,4.424942,334,320,326,321,6.732083,2024-01-01T00:00:00,30.433103448275862,Vilangalpattu,"{""geodesic"":false,""type"":""Point"",""coordinates"":[79.64306103828957,11.74174433143365]}"
1805_0,0.5,0.08285278,0.64,0.18,7.37,0.11165,70,5.31,121,0.27033612,0.33,50,0.11111389,4.1,0.25792778,0.17825556,-0.8497340915452776,0.83,34.2508,327,353,"6/3/24, 12:00 AM",CUDDALORE,18,2024-12-31T00:00:00,7.32,4.6249967,354,336,319,311,3.3623745,2024-01-01T00:00:00,30.524000000000004,Vilangalpattu,"{""geodesic"":false,""type"":""Point"",""coordinates"":[79.65923071340373,11.734198483047045]}"
1806_0,0.5,0.08285278,1.04,0.45,8.01,0.11165,63,3.98,107,0.27033612,0.36,34.3,0.11111389,4.1,0.25792778,0.17825556,-0.8497340915452776,0.73,34.2508,327,353,"6/3/24, 12:00 AM",CUDDALORE,18,2024-12-31T00:00:00,6.56,4.6249967,354,336,319,311,3.3623745,2024-01-01T00:00:00,30.524000000000004,Vilangalpattu,"{""geodesic"":false,""type"":""Point"",""coordinates"":[79.65923071340373,11.734198483047045]}"
1807_0,0.5,0.12158857,1.12,0.3,9.65,0.14695714,63,4.38,121,0.32077715,0.39,5,0.15055715,4.1,0.2898343,0.20542857,4.27165487624971,1.36,63.91581,337,361,"6/3/24, 12:00 AM",CUDDALORE,19,2024-12-31T00:00:00,7.54,4.6249967,365,349,297,290,2.1084614,2024-01-01T00:00:00,30.5088275862069,Vilangalpattu,"{""geodesic"":false,""type"":""Point"",""coordinates"":[79.6530323379433,11.7331205047061]}"
1808_0,0.5,0.08285278,0.89,0.18,10.65,0.11165,55,5.31,118,0.27033612,0.3,24.37,0.11111389,8.3,0.25792778,0.17825556,-0.8497340915452776,1.25,34.2508,327,353,"6/3/24, 12:00 AM",CUDDALORE,18,2024-12-31T00:00:00,7.32,4.6249967,354,336,319,311,3.3623745,2024-01-01T00:00:00,30.524000000000004,Vilangalpattu,"{""geodesic"":false,""type"":""Point"",""coordinates"":[79.65923071340373,11.734198483047045]}"
1809_0,0.5,0.12972973,0.75,0.24,9.3,0.15036216,63,4.35,111,0.3149135,0.42,37.5,0.14871351,4.1,0.29424864,0.21018648,-1.757878919118887,0.98,180.0,321,355,"6/3/24, 12:00 AM",CUDDALORE,37,2024-12-31T00:00:00,6.56,4.424942,383,354,297,291,2.7802885,2024-01-01T00:00:00,30.5088275862069,Vilangalpattu,"{""geodesic"":false,""type"":""Point"",""coordinates"":[79.64710345706811,11.730425558853742]}"
1810_0,0.5,0.11713637,1.01,0.23,16.21,0.13496667,70,4.36,111,0.36613637,0.39,22,0.12402121,8.25,0.2778394,0.18374546,0.012772772522008423,0.75,90.0,333,350,"6/4/24, 12:00 AM",CUDDALORE,24,2024-12-31T00:00:00,6.55,4.6249967,361,349,306,300,0.94718987,2024-01-01T00:00:00,30.54020689655173,Vilangalpattu,"{""geodesic"":false,""type"":""Point"",""coordinates"":[79.65653576755136,11.730964548024215]}"
1811_0,0.5,0.065416664,0.82,0.21,10.21,0.08928889,212,4.06,187,0.24946111,0.33,57.5,0.08127222,8.3,0.16687222,0.10185,5.118301433633289,0.95,59.575596,362,385,"7/8/24, 12:00 AM",CUDDALORE,12,2024-12-31T00:00:00,7.19,4.3065486,330,321,308,294,5.477851,2024-01-01T00:00:00,30.376108108108113,Malaipperumal Agaram,"{""geodesic"":false,""type"":""Point"",""coordinates"":[79.71286013586565,11.823940179930585]}"
1812_0,0.5,0.12231,0.76,0.16,9.41,0.1428875,163,2.46,86,0.3953475,0.42,10,0.128465,8.25,0.290255,0.1933825,-1.4025861198683183,0.76,76.24547,330,356,"6/4/24, 12:00 AM",CUDDALORE,22,2024-12-31T00:00:00,6.19,4.6249967,365,347,305,297,3.8948984,2024-01-01T00:00:00,30.521928571428568,Vanamadevi North,"{""geodesic"":false,""type"":""Point"",""coordinates"":[79.66839352930174,11.726383140075205]}"
1813_0,0.5,0.12231,0.82,0.17,9.35,0.1428875,173,2.41,90,0.3953475,0.45,11.25,0.128465,4.13,0.290255,0.1933825,-1.4025861198683183,0.85,76.24547,330,356,"6/4/24, 12:00 AM",CUDDALORE,22,2024-12-31T00:00:00,6.82,4.6249967,365,347,305,297,3.8948984,2024-01-01T00:00:00,30.521928571428568,Vanamadevi North,"{""geodesic"":false,""type"":""Point"",""coordinates"":[79.66839352930174,11.726383140075205]}"
1814_0,0.5,0.11162308,0.86,0.19,7,0.13667949,144,4.21,79,0.38248718,0.33,10,0.12884615,8.25,0.29929486,0.20852564,0.9936254306342054,0.88,90.0,338,365,"6/4/24, 12:00 AM",CUDDALORE,22,2024-12-31T00:00:00,6,4.6249967,358,337,304,298,2.8394759,2024-01-01T00:00:00,30.521928571428568,Vanamadevi North,"{""geodesic"":false,""type"":""Point"",""coordinates"":[79.66677656179033,11.728269602171856]}"
1815_0,0.5,0.073665716,0.61,0.48,10.73,0.094534285,163,5.19,76,0.22895715,0.33,10,0.08758572,8.3,0.18177143,0.12086,-0.6804057533418266,0.7,90.0,342,363,"6/27/24, 12:00 AM",CUDDALORE,18,2024-12-31T00:00:00,7.48,4.6249967,324,309,334,328,0.9472042,2024-01-01T00:00:00,30.524000000000004,Vanamadevi North,"{""geodesic"":false,""type"":""Point"",""coordinates"":[79.66273414301179,11.735006966802752]}"
1816_0,0.5,0.15972105,0.52,0.06,15.21,0.19048421,144,5.23,135,0.34457368,0.36,45,0.21851578,8.3,0.38692105,0.2912,0.16804554244433853,0.76,270.0,320,351,"7/5/24, 12:00 AM",CUDDALORE,41,2024-12-31T00:00:00,6.81,4.36,394,364,286,285,2.8378952,2024-01-01T00:00:00,30.711575757575762,Abatharanapuram,"{""geodesic"":false,""type"":""Point"",""coordinates"":[79.55412782516174,11.573310215661238]}"
1817_0,0.5,0.135675,0.75,0.1,16.63,0.15754,144,4.26,128,0.34414,0.33,37,0.15574999,8.3,0.308175,0.225665,2.567857938092404,0.85,45.588467,293,323,"7/5/24, 12:00 AM",CUDDALORE,39,2024-12-31T00:00:00,6.7,4.36,403,372,304,306,1.3251159,2024-01-01T00:00:00,30.689833333333336,Abatharanapuram,"{""geodesic"":false,""type"":""Point"",""coordinates"":[79.56005670603693,11.57384920483171]}"
1818_0,0.5,0.191925,1.21,0.27,10.28,0.223075,63,4.35,121,0.367955,0.36,37.5,0.233955,8.3,0.371885,0.270795,-0.658711880549537,0.75,-0.0,293,323,"6/14/24, 12:00 AM",CUDDALORE,40,2024-12-31T00:00:00,7.11,4.36,403,372,304,306,0.92740995,2024-01-01T00:00:00,30.689833333333336,Serakkuppam,"{""geodesic"":false,""type"":""Point"",""coordinates"":[79.56005670603693,11.573579710246474]}"
1819_0,0.5,0.15741579,0.95,0.3,11.28,0.17666316,183,5.36,100,0.33921054,0.39,62.5,0.19336316,4.1,0.38397893,0.28006315,0.8105275221539245,0.88,71.915245,299,330,"6/14/24, 12:00 AM",CUDDALORE,42,2024-12-31T00:00:00,7.54,4.36,399,370,303,300,2.9851203,2024-01-01T00:00:00,30.711575757575762,Serakkuppam,"{""geodesic"":false,""type"":""Point"",""coordinates"":[79.55493630891745,11.573579710246474]}"
1820_0,0.5,0.101323806,0.6,0.22,10.91,0.12044762,183,5.68,118,0.36307144,0.36,37,0.09610476,8.2,0.20251904,0.114461906,-2.0942726930304825,0.65,283.7646,313,329,"7/16/24, 12:00 AM",CUDDALORE,11,2024-12-31T00:00:00,6.8,4.3084235,326,317,361,354,3.8921163,2024-01-01T00:00:00,30.523096774193547,Aduragaram,"{""geodesic"":false,""type"":""Point"",""coordinates"":[79.6139556230841,11.514829890665057]}"
1821_0,0.5,0.117476195,0.65,0.16,10.11,0.13835715,173,4.26,124,0.2876476,0.39,38,0.12809524,4.1,0.2291619,0.16509047,3.4610676443250106,0.91,161.21198,307,323,"7/15/24, 12:00 AM",CUDDALORE,14,2024-12-31T00:00:00,6.42,4.410207,342,329,351,348,2.936503,2024-01-01T00:00:00,30.717277777777788,Aduragaram,"{""geodesic"":false,""type"":""Point"",""coordinates"":[79.56571609232688,11.526687652415434]}"
1822_0,0.5,0.148105,0.82,0.15,8.21,0.16733,202,5.35,124,0.296175,0.3,42,0.17259,4.1,0.279335,0.21715,-1.0846836523855334,0.77,270.0,300,313,"7/15/24, 12:00 AM",CUDDALORE,42,2024-12-31T00:00:00,6.36,4.36,391,369,309,318,2.8378444,2024-01-01T00:00:00,30.689833333333336,Aduragaram,"{""geodesic"":false,""type"":""Point"",""coordinates"":[79.55870923311075,11.568459313126993]}"
1823_0,0.5,0.148105,0.86,0.3,9.01,0.16733,173,4.21,124,0.296175,0.33,25,0.17259,4.1,0.279335,0.21715,-1.0846836523855334,0.86,270.0,300,313,"7/15/24, 12:00 AM",CUDDALORE,42,2024-12-31T00:00:00,7.12,4.36,391,369,309,318,2.8378444,2024-01-01T00:00:00,30.689833333333336,Aduragaram,"{""geodesic"":false,""type"":""Point"",""coordinates"":[79.55870923311075,11.568459313126993]}"
1824_0,0.5,0.12535217,0.65,0.32,9.26,0.14853913,212,4.51,111,0.29448262,0.42,41.6,0.1549,4.1,0.30703044,0.23476957,4.5313958635657885,0.56,332.96356,312,333,"7/18/24, 12:00 AM",CUDDALORE,4,2024-12-31T00:00:00,6.1,4.3084235,309,298,379,370,4.157826,2024-01-01T00:00:00,30.560108108108107,Aduragaram,"{""geodesic"":false,""type"":""Point"",""coordinates"":[79.63174226570966,11.545821767967182]}"
1825_0,0.5,0.15728095,0.7,0.19,9.35,0.17429523,78,4.59,90,0.37617144,0.27,50,0.1639619,8.3,0.31599525,0.22831905,0.8451064215613274,0.6,-0.0,321,331,"7/22/24, 12:00 AM",CUDDALORE,39,2024-12-31T00:00:00,7.17,4.3789372,391,381,288,287,1.8543341,2024-01-01T00:00:00,30.633741935483876,Puliyur(west),"{""geodesic"":false,""type"":""Point"",""coordinates"":[79.64009659785198,11.647151732015862]}"
1826_0,0.5,0.191925,0.87,0.12,10.98,0.223075,78,4.19,124,0.367955,0.21,37.5,0.233955,4.1,0.371885,0.270795,-0.658711880549537,0.75,-0.0,293,323,"6/26/24, 12:00 AM",CUDDALORE,40,2024-12-31T00:00:00,5.28,4.36,403,372,304,306,0.92740995,2024-01-01T00:00:00,30.689833333333336,Kanchamanathapuram,"{""geodesic"":false,""type"":""Point"",""coordinates"":[79.56005670603693,11.573579710246474]}"
1827_0,0.5,0.220015,0.82,0.25,11.06,0.23495,55,5.31,100,0.36682,0.27,41.5,0.23765,4.1,0.35562,0.28728,-0.09936071331624778,0.82,314.41168,299,330,"6/14/24, 12:00 AM",CUDDALORE,42,2024-12-31T00:00:00,6.04,4.36,399,370,303,300,2.648809,2024-01-01T00:00:00,30.711575757575762,Kanchamanathapuram,"{""geodesic"":false,""type"":""Point"",""coordinates"":[79.55493630891745,11.57250173190553]}"
1828_0,0.5,0.1641375,0.92,0.46,12.11,0.17023334,240,5.31,169,0.21205416,0.36,25,0.17735833,8.3,0.22672917,0.1976625,-1.0159522981300828,0.91,134.406,338,365,"7/24/24, 12:00 AM",CUDDALORE,23,2024-12-31T00:00:00,7.05,4.4991775,348,330,314,304,2.6490762,2024-01-01T00:00:00,30.529948717948717,Kundiyamallur South,"{""geodesic"":false,""type"":""Point"",""coordinates"":[79.66839352930174,11.62774812187888]}"
1829_0,0.5,0.16619584,0.95,0.61,9.25,0.17672917,212,5.41,159,0.223575,0.3,37.5,0.18974166,8.3,0.24061249,0.20905417,-1.4802783502347145,0.92,116.09281,338,365,"7/24/24, 12:00 AM",CUDDALORE,24,2024-12-31T00:00:00,7.01,4.4991775,348,330,314,304,4.2099385,2024-01-01T00:00:00,30.534324324324324,Kundiyamallur South,"{""geodesic"":false,""type"":""Point"",""coordinates"":[79.66812403471651,11.627478627293645]}"
1830_0,0.5,0.16619584,0.94,0.51,9.41,0.17672917,202,4.11,163,0.223575,0.33,25,0.18974166,4.1,0.24061249,0.20905417,-1.4802783502347145,0.85,116.09281,338,365,"7/24/24, 12:00 AM",CUDDALORE,24,2024-12-31T00:00:00,6.91,4.4991775,348,330,314,304,4.2099385,2024-01-01T00:00:00,30.534324324324324,Kundiyamallur South,"{""geodesic"":false,""type"":""Point"",""coordinates"":[79.66812403471651,11.627478627293645]}"
1831_0,0.5,0.071890004,0.62,0.35,8.98,0.09391,183,4.34,111,0.243965,0.3,31.2,0.09122,4.1,0.226675,0.170765,-1.7081861647086978,0.73,314.42355,287,300,"7/26/24, 12:00 AM",CUDDALORE,8,2024-12-31T00:00:00,5.73,4.270791,350,339,363,361,2.6482494,2024-01-01T00:00:00,30.645310344827585,Killai R.F.,"{""geodesic"":false,""type"":""Point"",""coordinates"":[79.76783703125378,11.455810576498404]}"
1832_0,0.5,0.0774,0.48,0.13,9.15,0.11053,163,4.65,131,0.309955,0.3,25,0.106735,4.1,0.270585,0.20706,-0.3347982326197185,0.51,126.318115,296,310,"7/26/24, 12:00 AM",CUDDALORE,4,2024-12-31T00:00:00,5.81,4.270791,341,328,363,362,4.6875095,2024-01-01T00:00:00,30.645310344827585,Killai R.F.,"{""geodesic"":false,""type"":""Point"",""coordinates"":[79.76837602042424,11.455271587327934]}"
1833_0,0.5,0.084555,0.86,0.48,10.21,0.118865,31,4.06,107,0.355495,0.39,20,0.114965,4.1,0.272205,0.209355,-1.8277375132948959,0.65,288.0919,301,314,"7/27/24, 12:00 AM",CUDDALORE,3,2024-12-31T00:00:00,6.53,4.270791,336,324,363,362,2.9839852,2024-01-01T00:00:00,30.645310344827585,Killai R.F.,"{""geodesic"":false,""type"":""Point"",""coordinates"":[79.76891500959472,11.455002092742697]}"
1834_0,0.5,0.083575,0.65,0.52,9.28,0.117935,47,4.21,118,0.364565,0.33,20,0.113045,4.1,0.278525,0.213245,-1.3715691016719267,0.91,270.0,301,314,"7/27/24, 12:00 AM",CUDDALORE,2,2024-12-31T00:00:00,6.2,4.270791,336,324,363,362,1.8919961,2024-01-01T00:00:00,30.645310344827585,Killai R.F.,"{""geodesic"":false,""type"":""Point"",""coordinates"":[79.76891500959472,11.455271587327934]}"
1835_0,0.5,0.09771,0.99,0.53,9.46,0.13217,31,5.06,121,0.33194,0.33,28,0.14269,4.1,0.297315,0.24603,-1.479180136867068,0.76,296.10672,301,314,"7/27/24, 12:00 AM",CUDDALORE,6,2024-12-31T00:00:00,6.15,4.270791,336,324,363,362,2.1067705,2024-01-01T00:00:00,30.645310344827585,Killai R.F.,"{""geodesic"":false,""type"":""Point"",""coordinates"":[79.76945399876519,11.455002092742697]}"
1836_0,0.05,0.101935,0.6,0.63,10.36,0.13681,31,5.12,107,0.27666,0.39,20,0.161625,4.1,0.29992,0.259525,-1.9547898779624253,0.68,236.83989,301,314,"7/26/24, 12:00 AM",CUDDALORE,5,2024-12-31T00:00:00,6,4.270791,336,324,363,362,3.3873596,2024-01-01T00:00:00,30.645310344827585,Killai R.F.,"{""geodesic"":false,""type"":""Point"",""coordinates"":[79.76918450417996,11.454732598157461]}"
1837_0,0.05,0.08332381,0.63,0.62,10.36,0.11617619,47,5.21,90,0.36278096,0.39,25,0.111757144,8.2,0.25062856,0.18423334,0.4200947774406447,0.69,90.0,310,323,"7/26/24, 12:00 AM",CUDDALORE,2,2024-12-31T00:00:00,5.98,4.270791,311,305,379,373,0.9463006,2024-01-01T00:00:00,30.623733333333337,Killai R.F.,"{""geodesic"":false,""type"":""Point"",""coordinates"":[79.76271663413429,11.468746316589726]}"
1838_0,0.5,0.12891428,0.59,0.71,9.36,0.1607381,163,4.62,121,0.3282,0.3,28.1,0.17589048,4.1,0.3327381,0.24729048,-1.3513924385081313,0.65,-0.0,300,307,"7/26/24, 12:00 AM",CUDDALORE,5,2024-12-31T00:00:00,5.87,4.3593955,319,317,380,376,1.8543341,2024-01-01T00:00:00,30.549759999999996,Killai R.F.,"{""geodesic"":false,""type"":""Point"",""coordinates"":[79.7492419048725,11.439101912213781]}"
1839_0,0.5,0.09609565,0.75,0.22,10.31,0.12117826,163,4.36,163,0.29246086,0.3,41.6,0.12268261,4.1,0.26584783,0.17673044,-1.3512019999667062,0.75,-0.0,310,310,"7/3/24, 12:00 AM",CUDDALORE,7,2024-12-31T00:00:00,7.34,4.487395,335,331,355,359,1.8543341,2024-01-01T00:00:00,30.659285714285716,Tuniseramedu,"{""geodesic"":false,""type"":""Point"",""coordinates"":[79.65276284335806,11.384125016825667]}"
1840_0,0.5,0.068805,0.83,0.25,10.82,0.09161,163,5.26,166,0.258635,0.3,25,0.086055,4.1,0.229535,0.145395,-1.014624600142062,1.06,45.56848,296,310,"7/3/24, 12:00 AM",CUDDALORE,6,2024-12-31T00:00:00,7.14,4.487395,339,325,365,365,1.3246444,2024-01-01T00:00:00,30.68012903225807,Tuniseramedu,"{""geodesic"":false,""type"":""Point"",""coordinates"":[79.67540038851787,11.3768486630243]}"
1841_0,0.5,0.08877895,0.76,0.48,8.31,0.11353158,202,4.16,90,0.26284736,0.36,45.7,0.12662105,4.1,0.24398947,0.16636316,-0.3682081026824429,0.84,332.9767,323,337,"7/27/24, 12:00 AM",CUDDALORE,3,2024-12-31T00:00:00,6.73,4.4413977,307,306,370,357,2.0814102,2024-01-01T00:00:00,30.555428571428575,Chithalapadi,"{""geodesic"":false,""type"":""Point"",""coordinates"":[79.73307222975835,11.385741984337082]}"
1842_0,0.5,0.09345263,0.81,0.6,7.65,0.12052105,183,3.86,97,0.27677894,0.36,60,0.12983684,8.3,0.26273683,0.17695789,-1.4668369597064985,0.96,152.9764,322,333,"7/27/24, 12:00 AM",CUDDALORE,4,2024-12-31T00:00:00,6.99,4.4413977,316,314,363,353,2.0814161,2024-01-01T00:00:00,30.555428571428575,Chithalapadi,"{""geodesic"":false,""type"":""Point"",""coordinates"":[79.73172475683216,11.38978440311562]}"
1843_0,0.5,0.085845456,0.54,0.46,8.98,0.105322726,173,4.37,131,0.3122318,0.27,20,0.106904544,4.1,0.25213182,0.18127728,-1.4786859702545172,0.45,296.113,303,316,"7/26/24, 12:00 AM",CUDDALORE,8,2024-12-31T00:00:00,8.28,4.4413977,321,316,377,368,2.1063004,2024-01-01T00:00:00,30.54617142857144,Kavarapattu,"{""geodesic"":false,""type"":""Point"",""coordinates"":[79.73711464853689,11.376309673853827]}"
1844_0,0.5,0.1146,0.5,0.68,8.16,0.1351913,144,3.95,131,0.27421305,0.24,22.5,0.13095652,4.1,0.23039131,0.15408696,-0.5038116265098586,0.51,225.56879,323,335,"7/26/24, 12:00 AM",CUDDALORE,1,2024-12-31T00:00:00,8.22,4.4413977,298,296,379,370,3.9683058,2024-01-01T00:00:00,30.54617142857144,Kavarapattu,"{""geodesic"":false,""type"":""Point"",""coordinates"":[79.73765363770735,11.38008259804713]}"
1845_0,0.5,0.11555,0.5,0.49,9.92,0.13573,202,4.82,156,0.301805,0.3,31.2,0.12804,4.1,0.25584,0.172535,-0.6780701690666923,0.55,90.0,310,318,"7/29/24, 12:00 AM",CUDDALORE,9,2024-12-31T00:00:00,7.29,4.3063784,344,338,346,344,0.9460882,2024-01-01T00:00:00,30.656258064516127,Kannangudi,"{""geodesic"":false,""type"":""Point"",""coordinates"":[79.64413901663052,11.404876099888828]}"
1846_0,0.5,0.14165238,0.6,0.59,8.78,0.1589381,163,4.58,173,0.31375715,0.3,41.6,0.16351429,4.1,0.2933619,0.2100381,-1.0614331200587424,0.52,27.02483,303,311,"7/29/24, 12:00 AM",CUDDALORE,7,2024-12-31T00:00:00,7.45,4.4052277,345,340,353,349,4.157398,2024-01-01T00:00:00,30.661096774193553,Kannangudi,"{""geodesic"":false,""type"":""Point"",""coordinates"":[79.6530323379433,11.404606605303591]}"
1847_0,0.5,0.12882273,0.65,0.42,8.76,0.14462273,173,4.26,142,0.3502,0.3,34.3,0.12646818,4.1,0.23860455,0.14766364,6.4996167991599165,0.62,270.0,323,326,"7/29/24, 12:00 AM",CUDDALORE,3,2024-12-31T00:00:00,7.51,4.4052277,321,317,357,357,0.94611686,2024-01-01T00:00:00,30.675142857142855,Kannangudi,"{""geodesic"":false,""type"":""Point"",""coordinates"":[79.67216645349505,11.413499926616375]}"
1848_0,0.5,0.2534682,0.94,0.25,10.76,0.27116817,202,4.43,138,0.3754,0.33,57.5,0.28331363,8.3,0.37084547,0.29741818,-0.6094038574721387,0.6,314.42685,286,303,"7/27/24, 12:00 AM",CUDDALORE,7,2024-12-31T00:00:00,7.37,4.3593955,352,340,362,358,2.6480944,2024-01-01T00:00:00,30.585692307692305,Kodippallam,"{""geodesic"":false,""type"":""Point"",""coordinates"":[79.73091627307646,11.423471226270102]}"
1849_0,0.5,0.22713636,0.7,0.49,10.9,0.24465455,212,4.51,135,0.33865,0.33,34.4,0.2542,4.1,0.34476817,0.28776363,-1.9546001933067947,0.71,123.163025,282,291,"7/30/24, 12:00 AM",CUDDALORE,7,2024-12-31T00:00:00,7.57,4.3593955,337,329,382,381,3.3870971,2024-01-01T00:00:00,30.585692307692305,Kodippallam,"{""geodesic"":false,""type"":""Point"",""coordinates"":[79.73010778932075,11.423471226270102]}"
1850_0,0.5,0.092895456,0.64,0.56,6.16,0.12257727,279,3.06,138,0.37301365,0.27,17.5,0.10635909,4.1,0.29250455,0.18333636,-1.9538605491415937,0.71,236.82542,293,311,"8/1/24, 12:00 AM",CUDDALORE,12,2024-12-31T00:00:00,7.97,4.654199,357,346,350,343,3.3860548,2024-01-01T00:00:00,30.53410526315789,Neyvasal,"{""geodesic"":false,""type"":""Point"",""coordinates"":[79.56625508149736,11.297886749550193]}"
1851_0,0.5,0.1379,0.72,0.16,11.76,0.16109444,38,4.59,64,0.32189444,0.39,6,0.16908889,8.3,0.2881889,0.19507222,-1.0139336345999856,0.67,45.555233,305,308,"7/23/24, 12:00 AM",CUDDALORE,12,2024-12-31T00:00:00,7.48,4.8637958,328,330,367,362,1.3243322,2024-01-01T00:00:00,30.593625000000003,Periakottagam,"{""geodesic"":false,""type"":""Point"",""coordinates"":[79.54658197677513,11.244526821673494]}"
1852_0,0.5,0.14329444,0.76,0.12,10.36,0.16853888,50,4.18,59,0.33356112,0.45,9,0.17562778,4.1,0.2956722,0.19988889,-0.676957351952589,0.81,270.0,305,308,"7/23/24, 12:00 AM",CUDDALORE,12,2024-12-31T00:00:00,7.05,4.8637958,328,330,367,362,0.9455575,2024-01-01T00:00:00,30.593625000000003,Periakottagam,"{""geodesic"":false,""type"":""Point"",""coordinates"":[79.54685147136037,11.244526821673494]}"
1853_0,0.5,0.14196667,0.82,0.13,10.06,0.16795,125,4.31,142,0.3308111,0.3,15,0.17338334,8.3,0.2899778,0.1948389,-1.0139336345999856,1.21,225.55524,305,308,"7/20/24, 12:00 AM",CUDDALORE,13,2024-12-31T00:00:00,7.01,4.8637958,328,330,367,362,1.3243322,2024-01-01T00:00:00,30.593625000000003,Periakottagam,"{""geodesic"":false,""type"":""Point"",""coordinates"":[79.54712096594561,11.244526821673494]}"
1854_0,0.5,0.1379,0.65,0.53,10.11,0.16109444,102,5.82,156,0.32189444,0.36,20,0.16908889,4.1,0.2881889,0.19507222,-1.0139336345999856,0.75,45.555233,305,308,"7/22/24, 12:00 AM",CUDDALORE,12,2024-12-31T00:00:00,7.76,4.8637958,328,330,367,362,1.3243322,2024-01-01T00:00:00,30.593625000000003,Periakottagam,"{""geodesic"":false,""type"":""Point"",""coordinates"":[79.54658197677513,11.244526821673494]}"
1855_0,0.5,0.09735,0.65,0.21,6.32,0.11434,212,3.1,166,0.27122,0.33,34.3,0.12646501,4.1,0.264185,0.19664499,-1.4798971627734505,0.71,116.097626,324,338,"7/24/24, 12:00 AM",CUDDALORE,73,2024-12-31T00:00:00,8.37,4.0401964,372,359,304,302,2.1074526,2024-01-01T00:00:00,30.557151515151517,Kammapuram,"{""geodesic"":false,""type"":""Point"",""coordinates"":[79.4050973195263,11.568189818541757]}"
1856_0,0.5,0.084935,0.61,0,6.24,0.103175,202,3.01,169,0.32887,0,28.1,0.096260004,4.1,0.268565,0.183885,-0.6586938711546355,0.72,180.0,324,338,"7/24/24, 12:00 AM",CUDDALORE,73,2024-12-31T00:00:00,8.36,4.0401964,372,359,304,302,0.92740995,2024-01-01T00:00:00,30.557151515151517,Kammapuram,"{""geodesic"":false,""type"":""Point"",""coordinates"":[79.40482782494108,11.568189818541757]}"
1857_0,0.5,0.084935,0.62,0.22,6.24,0.103175,202,3.01,159,0.32887,0.39,25,0.096260004,4.1,0.268565,0.183885,-0.6586938711546355,0.71,180.0,324,338,"7/24/24, 12:00 AM",CUDDALORE,73,2024-12-31T00:00:00,8.49,4.0401964,372,359,304,302,0.92740995,2024-01-01T00:00:00,30.557151515151517,Kammapuram,"{""geodesic"":false,""type"":""Point"",""coordinates"":[79.40482782494108,11.568189818541757]}"
1858_0,0.5,0.09735,0.59,0.22,6.1,0.11434,183,2.95,152,0.27122,0.27,25,0.12646501,4.1,0.264185,0.19664499,-1.4798971627734505,0.64,116.097626,324,338,"7/24/24, 12:00 AM",CUDDALORE,73,2024-12-31T00:00:00,8.45,4.0401964,372,359,304,302,2.1074526,2024-01-01T00:00:00,30.557151515151517,Kammapuram,"{""geodesic"":false,""type"":""Point"",""coordinates"":[79.4050973195263,11.568189818541757]}"
1859_0,0.05,0.10773,0.5,0.24,6.76,0.128055,221,3.18,159,0.2561,0.39,22,0.15573,4.1,0.29930001,0.246015,-1.015634205101771,0.52,134.41211,324,338,"7/25/24, 12:00 AM",CUDDALORE,74,2024-12-31T00:00:00,8.48,4.0401964,372,359,304,302,1.3251024,2024-01-01T00:00:00,30.557151515151517,Kammapuram,"{""geodesic"":false,""type"":""Point"",""coordinates"":[79.4050973195263,11.568459313126993]}"
1860_0,0.05,0.10773,0.42,0.22,6.78,0.128055,183,3.11,145,0.2561,0.36,28.1,0.15573,4.1,0.29930001,0.246015,-1.015634205101771,0.44,134.41211,324,338,"7/25/24, 12:00 AM",CUDDALORE,74,2024-12-31T00:00:00,8.51,4.0401964,372,359,304,302,1.3251024,2024-01-01T00:00:00,30.557151515151517,Kammapuram,"{""geodesic"":false,""type"":""Point"",""coordinates"":[79.4050973195263,11.568459313126993]}"
1861_0,0.05,0.10773,0.4,0.23,6.51,0.128055,221,2.9,156,0.2561,0.33,31.2,0.15573,4.1,0.29930001,0.246015,-1.015634205101771,0.42,134.41211,324,338,"7/25/24, 12:00 AM",CUDDALORE,74,2024-12-31T00:00:00,8.48,4.0401964,372,359,304,302,1.3251024,2024-01-01T00:00:00,30.557151515151517,Kammapuram,"{""geodesic"":false,""type"":""Point"",""coordinates"":[79.4050973195263,11.568459313126993]}"
1862_0,0.5,0.10773,0.51,0.21,6.98,0.128055,173,3.58,159,0.2561,0.33,25,0.15573,4.1,0.29930001,0.246015,-1.015634205101771,0.51,134.41211,324,338,"7/24/24, 12:00 AM",CUDDALORE,74,2024-12-31T00:00:00,8.5,4.0401964,372,359,304,302,1.3251024,2024-01-01T00:00:00,30.557151515151517,Kammapuram,"{""geodesic"":false,""type"":""Point"",""coordinates"":[79.4050973195263,11.568459313126993]}"
1863_0,0.5,0.09735,0.5,0.2,6.41,0.11434,163,3.63,166,0.27122,0.3,28.13,0.12646501,4.1,0.264185,0.19664499,-1.4798971627734505,0.5,116.097626,324,338,"7/24/24, 12:00 AM",CUDDALORE,73,2024-12-31T00:00:00,8.49,4.0401964,372,359,304,302,2.1074526,2024-01-01T00:00:00,30.557151515151517,Kammapuram,"{""geodesic"":false,""type"":""Point"",""coordinates"":[79.4050973195263,11.568189818541757]}"
1864_0,0.5,0.093175,0.47,0.19,6.34,0.107325,212,3.75,166,0.29518,0.27,25,0.099395,4.1,0.24367,0.16414501,-1.4675853304755704,0.61,207.03828,324,338,"7/24/24, 12:00 AM",CUDDALORE,74,2024-12-31T00:00:00,8.57,4.0401964,372,359,304,302,2.081688,2024-01-01T00:00:00,30.557151515151517,Kammapuram,"{""geodesic"":false,""type"":""Point"",""coordinates"":[79.40482782494108,11.568459313126993]}"
1865_0,0.5,0.084935,0.57,0.19,6.21,0.103175,202,4.28,173,0.32887,0.24,31.3,0.096260004,4.1,0.268565,0.183885,-0.6586938711546355,0.55,180.0,324,338,"7/24/24, 12:00 AM",CUDDALORE,73,2024-12-31T00:00:00,8.38,4.0401964,372,359,304,302,0.92740995,2024-01-01T00:00:00,30.557151515151517,Kammapuram,"{""geodesic"":false,""type"":""Point"",""coordinates"":[79.40482782494108,11.568189818541757]}"
1866_0,0.5,0.10773,0.55,0.21,6.71,0.128055,212,3.75,173,0.2561,0.3,28.13,0.15573,4.1,0.29930001,0.246015,-1.015634205101771,0.51,134.41211,324,338,"7/25/24, 12:00 AM",CUDDALORE,74,2024-12-31T00:00:00,8.51,4.0401964,372,359,304,302,1.3251024,2024-01-01T00:00:00,30.557151515151517,Kammapuram,"{""geodesic"":false,""type"":""Point"",""coordinates"":[79.4050973195263,11.568459313126993]}"
1867_0,0.5,0.100805,0.47,0.27,7.32,0.119345,183,4.09,159,0.2541,0.24,37.5,0.14332,4.1,0.29687,0.23352,-1.4798987480379917,0.55,63.902416,324,338,"7/24/24, 12:00 AM",CUDDALORE,74,2024-12-31T00:00:00,8.5,4.0401964,372,359,304,302,2.107456,2024-01-01T00:00:00,30.557151515151517,Kammapuram,"{""geodesic"":false,""type"":""Point"",""coordinates"":[79.4050973195263,11.568728807712228]}"
1868_0,0.5,0.17168948,0.49,0.14,8.06,0.19206843,117,3.85,114,0.3552737,0.21,25,0.2099263,4.1,0.3532579,0.25314736,-0.6584337322558953,0.51,180.0,363,389,"7/24/24, 12:00 AM",CUDDALORE,33,2024-12-31T00:00:00,8.04,4.001365,360,332,278,279,1.8543341,2024-01-01T00:00:00,30.54232258064516,Gopalapuram,"{""geodesic"":false,""type"":""Point"",""coordinates"":[79.39404804153165,11.493000829260954]}"
1869_0,0.5,0.17708947,0.55,0.16,8.73,0.20195264,109,4.11,121,0.37481052,0.3,34.4,0.22477369,4.1,0.3681737,0.25994736,0.37105906237673053,0.51,225.58018,363,389,"7/24/24, 12:00 AM",CUDDALORE,32,2024-12-31T00:00:00,7.89,4.001365,360,332,278,279,1.3249207,2024-01-01T00:00:00,30.54232258064516,Gopalapuram,"{""geodesic"":false,""type"":""Point"",""coordinates"":[79.39404804153165,11.492731334675717]}"
1870_0,0.5,0.093175,0.48,0.19,9.31,0.107325,109,3.65,118,0.29518,0.27,31.3,0.099395,4.1,0.24367,0.16414501,-1.4675853304755704,0.49,207.03828,324,338,"7/24/24, 12:00 AM",CUDDALORE,74,2024-12-31T00:00:00,7.89,4.0401964,372,359,304,302,2.081688,2024-01-01T00:00:00,30.557151515151517,Gopalapuram,"{""geodesic"":false,""type"":""Point"",""coordinates"":[79.40482782494108,11.568459313126993]}"
1871_0,0.5,0.093175,0.71,0.39,9.41,0.107325,125,4.22,111,0.29518,0.3,15,0.099395,8.3,0.24367,0.16414501,-1.4675853304755704,0.63,207.03828,324,338,"7/25/24, 12:00 AM",CUDDALORE,74,2024-12-31T00:00:00,8.39,4.0401964,372,359,304,302,2.081688,2024-01-01T00:00:00,30.557151515151517,Sattapadi,"{""geodesic"":false,""type"":""Point"",""coordinates"":[79.40482782494108,11.568459313126993]}"
1872_0,0.5,0.128025,0.58,0.18,8.85,0.14376,135,4.3,111,0.289935,0.3,31.3,0.14388,4.1,0.27846,0.20295501,1.286997633984136,0.8,-0.0,321,327,"7/20/24, 12:00 AM",CUDDALORE,54,2024-12-31T00:00:00,8.12,3.7275825,360,358,318,315,0.92740995,2024-01-01T00:00:00,30.968875000000004,Kattiyanallur,"{""geodesic"":false,""type"":""Point"",""coordinates"":[79.32182349268844,11.628287111049353]}"
1873_0,0.5,0.12247,0.63,0.18,8.7,0.14245,135,4.11,121,0.271395,0.3,37.5,0.139735,4.1,0.26322,0.19797,-1.1191682555959293,0.6,198.7944,323,337,"7/20/24, 12:00 AM",CUDDALORE,52,2024-12-31T00:00:00,8.16,3.7275825,359,351,318,312,2.936614,2024-01-01T00:00:00,30.968875000000004,Kattiyanallur,"{""geodesic"":false,""type"":""Point"",""coordinates"":[79.32128450351796,11.628826100219825]}"
1874_0,0.5,0.13863158,0.59,0.26,6.98,0.1497,117,3.96,135,0.2832263,0.3,52.5,0.13982631,4.1,0.2419579,0.1722,-1.8287299064486686,0.65,288.08298,329,330,"7/20/24, 12:00 AM",CUDDALORE,58,2024-12-31T00:00:00,8.19,3.7275825,342,344,329,325,2.9854043,2024-01-01T00:00:00,30.728242424242424,Kattiyanallur,"{""geodesic"":false,""type"":""Point"",""coordinates"":[79.31319966596088,11.602954620037183]}"
1875_0,0.5,0.1740909,0.55,0.25,6.25,0.18439092,125,3.14,142,0.32148182,0.27,28.1,0.17277727,4.1,0.29723635,0.22523637,-1.8286310700483641,0.63,108.08385,317,321,"7/20/24, 12:00 AM",CUDDALORE,50,2024-12-31T00:00:00,8.25,3.763944,372,369,311,310,2.9852648,2024-01-01T00:00:00,30.603999999999996,Kattiyanallur,"{""geodesic"":false,""type"":""Point"",""coordinates"":[79.31535562264277,11.588671407019682]}"
1876_0,0.5,0.1383,0.59,0.27,9.87,0.14829047,109,4.35,138,0.3141762,0.3,22.5,0.14870952,4.1,0.30482382,0.24042381,-0.32272650130273123,0.6,134.40749,326,333,"7/22/24, 12:00 AM",CUDDALORE,56,2024-12-31T00:00:00,8.34,3.7275825,381,373,293,294,1.3252113,2024-01-01T00:00:00,30.710529411764696,Pavalangudi ko,"{""geodesic"":false,""type"":""Point"",""coordinates"":[79.30646230132999,11.613195414276145]}"
1877_0,0.5,0.1126,0.63,0.14,9.88,0.13742632,117,4.21,159,0.31286317,0.27,15,0.13777368,4.1,0.28847894,0.19582105,7.26465620577599,0.55,134.4058,323,331,"7/22/24, 12:00 AM",CUDDALORE,53,2024-12-31T00:00:00,8.24,3.7275825,365,364,311,306,1.3252511,2024-01-01T00:00:00,30.858882352941183,Pavalangudi ko,"{""geodesic"":false,""type"":""Point"",""coordinates"":[79.33152529775693,11.629634583975532]}"
1878_0,0.5,0.145675,0.65,0.14,10.28,0.16397,125,4.3,159,0.335585,0.33,15,0.152895,4.1,0.286575,0.206985,2.125347510707701,0.61,-0.0,326,332,"7/22/24, 12:00 AM",CUDDALORE,53,2024-12-31T00:00:00,8.3,3.7275825,366,362,307,306,0.0,2024-01-01T00:00:00,30.858882352941183,Pavalangudi ko,"{""geodesic"":false,""type"":""Point"",""coordinates"":[79.33260327609787,11.629365089390296]}"
1879_0,0.5,0.121235,0.59,0.14,9.83,0.148165,117,4.32,145,0.392295,0.33,17.5,0.13194,4.1,0.29061002,0.200815,-1.4678450685800535,0.6,207.04335,326,332,"7/22/24, 12:00 AM",CUDDALORE,52,2024-12-31T00:00:00,8.22,3.7275825,366,362,307,306,2.0817816,2024-01-01T00:00:00,30.858882352941183,Pavalangudi ko,"{""geodesic"":false,""type"":""Point"",""coordinates"":[79.33233378151263,11.62909559480506]}"
1880_0,0.5,0.081106976,0.72,0.23,12.36,0.10489768,183,4.21,93,0.25119302,0.3,9,0.111055814,8.25,0.2475186,0.17910233,-2.504921960822734,0.71,161.21423,326,328,"7/4/24, 12:00 AM",CUDDALORE,87,2024-12-31T00:00:00,8.96,3.498318,389,394,285,278,5.8575816,2024-01-01T00:00:00,30.821411764705886,Kallur,"{""geodesic"":false,""type"":""Point"",""coordinates"":[79.06957656090768,11.490305883408594]}"
1881_0,0.5,0.11402093,0.54,0.45,7.36,0.13436744,163,3.06,86,0.26593256,0.3,15,0.14117907,8.3,0.25081396,0.19243722,-1.371713707787799,0.73,90.0,334,333,"7/9/24, 12:00 AM",CUDDALORE,84,2024-12-31T00:00:00,8.49,3.498318,382,384,284,283,1.8921355,2024-01-01T00:00:00,30.705526315789477,Kallur,"{""geodesic"":false,""type"":""Point"",""coordinates"":[79.07415796885668,11.476022670391094]}"
1882_0,0.5,0.09721818,0.46,0.51,8.01,0.12212273,183,4.14,107,0.28235227,0.33,20,0.15262727,4.1,0.31273183,0.22984773,0.8175754841603352,0.65,303.15668,326,328,"7/9/24, 12:00 AM",CUDDALORE,82,2024-12-31T00:00:00,8.63,3.498318,389,394,285,278,3.3876698,2024-01-01T00:00:00,30.821411764705886,Kallur,"{""geodesic"":false,""type"":""Point"",""coordinates"":[79.0690375717372,11.491653356334774]}"
1883_0,0.5,0.10932308,0.65,0.19,9.74,0.124546155,183,4.3,163,0.26823846,0.33,31.3,0.12190769,4.1,0.21499616,0.16016154,-0.6791276929104515,0.4,90.0,310,313,"6/26/24, 12:00 AM",CUDDALORE,117,2024-12-31T00:00:00,7.93,3.3423345,381,374,309,313,0.9465931,2024-01-01T00:00:00,30.7625625,Naraiyur S.,"{""geodesic"":false,""type"":""Point"",""coordinates"":[78.93105634409645,11.555523573035671]}"
1884_0,0.5,0.10559231,0.91,0.18,8.98,0.11983077,192,4.1,166,0.26508078,0.39,41.6,0.11421154,4.1,0.21305385,0.15728846,-1.0155679704742706,0.47,134.41338,310,313,"6/26/24, 12:00 AM",CUDDALORE,118,2024-12-31T00:00:00,8.01,3.3423345,381,374,309,313,1.3250723,2024-01-01T00:00:00,30.7625625,Naraiyur S.,"{""geodesic"":false,""type"":""Point"",""coordinates"":[78.93105634409645,11.555793067620908]}"
1885_0,0.5,0.15804583,0.63,0.19,10.57,0.1705,70,3.63,138,0.31001666,0.36,45.7,0.17623334,4.1,0.32345417,0.24943334,-1.7087276383008112,0.68,134.41315,325,325,"7/16/24, 12:00 AM",CUDDALORE,114,2024-12-31T00:00:00,8.06,3.3423345,356,353,319,322,2.6487393,2024-01-01T00:00:00,30.797124999999998,Naraiyur S.,"{""geodesic"":false,""type"":""Point"",""coordinates"":[78.94237511667635,11.557949024302795]}"
1886_0,0.5,0.110104166,0.56,0.17,7.84,0.12094583,86,3.42,145,0.2378625,0.3,37.5,0.124425,4.1,0.21135001,0.1577,-1.4675324648051746,0.68,207.03723,330,329,"6/25/24, 12:00 AM",CUDDALORE,117,2024-12-31T00:00:00,7.99,3.3423345,366,363,304,307,2.0816684,2024-01-01T00:00:00,30.797124999999998,Naraiyur S.,"{""geodesic"":false,""type"":""Point"",""coordinates"":[78.93806320331257,11.555523573035671]}"
1887_0,0.5,0.077816,0.96,0.22,9.41,0.097308,78,4.26,142,0.237252,0.42,46,0.106024,4.1,0.230644,0.165908,-1.9475193741415082,0.91,145.76622,329,322,"6/21/24, 12:00 AM",CUDDALORE,113,2024-12-31T00:00:00,8.13,3.3423345,358,358,313,320,3.3616965,2024-01-01T00:00:00,30.87309677419355,Naraiyur S.,"{""geodesic"":false,""type"":""Point"",""coordinates"":[78.94938197589248,11.556601551376616]}"
1888_0,0.5,0.068648,0.88,0.16,11.21,0.090848,78,4.36,142,0.245012,0.33,42,0.094296,4.1,0.214196,0.152676,0.7071620961247901,0.65,270.0,332,325,"6/21/24, 12:00 AM",CUDDALORE,110,2024-12-31T00:00:00,8.09,3.3751638,356,356,312,319,0.946595,2024-01-01T00:00:00,30.887225806451614,Naraiyur S.,"{""geodesic"":false,""type"":""Point"",""coordinates"":[78.95072944881866,11.556062562206144]}"
1889_0,0.5,0.073336,0.64,0.19,8.25,0.096604,70,3.41,145,0.277468,0.33,45.7,0.096328,4.1,0.23276,0.160432,0.9507861508703705,0.75,-0.0,322,312,"6/25/24, 12:00 AM",CUDDALORE,108,2024-12-31T00:00:00,8.05,3.3751638,368,370,310,318,0.92740995,2024-01-01T00:00:00,30.887225806451614,Naraiyur S.,"{""geodesic"":false,""type"":""Point"",""coordinates"":[78.95180742715961,11.5549845838652]}"
1890_0,0.5,0.11301154,0.68,0.63,7.36,0.13551539,70,3.41,121,0.30730385,0.3,48.7,0.13227308,4.1,0.24592307,0.18087693,-0.3811503438471228,0.73,116.09931,318,309,"6/25/24, 12:00 AM",CUDDALORE,109,2024-12-31T00:00:00,7.5,3.43366,377,377,305,314,2.1073265,2024-01-01T00:00:00,30.846121212121208,Naraiyur S.,"{""geodesic"":false,""type"":""Point"",""coordinates"":[78.94722601921059,11.54716924089336]}"
1891_0,0.5,0.10669231,0.65,0.25,7.45,0.12219615,78,3.86,121,0.27237692,0.33,41.6,0.12615,4.1,0.26331154,0.197,-2.401823532325586,0.71,45.58588,318,309,"6/25/24, 12:00 AM",CUDDALORE,112,2024-12-31T00:00:00,7.968,3.43366,377,377,305,314,5.286115,2024-01-01T00:00:00,30.846121212121208,Naraiyur S.,"{""geodesic"":false,""type"":""Point"",""coordinates"":[78.94776500838107,11.54851671381954]}"
1892_0,0.5,0.152636,0.52,0.58,7.34,0.168984,78,3.46,131,0.270644,0.36,37.5,0.185248,4.1,0.28856,0.228164,4.833659193726785,0.75,-0.0,312,309,"6/25/24, 12:00 AM",CUDDALORE,118,2024-12-31T00:00:00,8.34,3.3423345,378,375,310,316,0.0,2024-01-01T00:00:00,30.797124999999998,Naraiyur S.,"{""geodesic"":false,""type"":""Point"",""coordinates"":[78.93968017082399,11.553367616353786]}"
1893_0,0.5,0.087937504,0.71,0.26,8.25,0.102583334,78,3.98,142,0.22507083,0.33,41.6,0.11293334,8.3,0.21427916,0.1568375,1.3562411601888975,0.63,-0.0,335,337,"6/25/24, 12:00 AM",CUDDALORE,117,2024-12-31T00:00:00,8.4,3.3423345,353,349,312,314,1.8543341,2024-01-01T00:00:00,30.82254545454546,Naraiyur S.,"{""geodesic"":false,""type"":""Point"",""coordinates"":[78.93914118165351,11.560104980984681]}"
1894_0,0.5,0.10321154,0.6,0.29,7.81,0.12171539,63,3.36,145,0.25401923,0.36,50,0.13467692,4.1,0.27362308,0.21086922,-0.6586272836777588,0.64,180.0,318,309,"6/25/24, 12:00 AM",CUDDALORE,111,2024-12-31T00:00:00,8.15,3.43366,377,377,305,314,0.92740995,2024-01-01T00:00:00,30.846121212121208,Naraiyur S.,"{""geodesic"":false,""type"":""Point"",""coordinates"":[78.94830399755153,11.549055702990012]}"
1895_0,0.5,0.139768,0.64,0.24,7.52,0.16243601,86,3.86,121,0.317516,0.33,41.6,0.174196,8.3,0.306668,0.230232,-0.6790660557719128,0.71,90.0,324,314,"6/25/24, 12:00 AM",CUDDALORE,113,2024-12-31T00:00:00,8.33,3.469905,372,372,304,314,0.946564,2024-01-01T00:00:00,30.89075,Naraiyur S.,"{""geodesic"":false,""type"":""Point"",""coordinates"":[78.95342439467102,11.546899746308124]}"
1896_0,0.5,0.062090475,0.59,0.21,10.12,0.08685,183,5.36,156,0.3039881,0.33,41.6,0.0753,4.1,0.23062856,0.14931667,0.37070706344414617,0.63,45.587074,327,331,"7/2/24, 12:00 AM",CUDDALORE,101,2024-12-31T00:00:00,6.89,3.3331704,365,369,308,300,1.325083,2024-01-01T00:00:00,30.756352941176466,Mangulam,"{""geodesic"":false,""type"":""Point"",""coordinates"":[79.0148691601048,11.560374475569917]}"
1897_0,0.5,0.1333841,0.68,0.15,9.24,0.14937955,102,4.36,107,0.3015841,0.3,52.5,0.16603863,4.1,0.29474318,0.22700682,1.4838157545192117,0.71,341.21008,325,329,"7/1/24, 12:00 AM",CUDDALORE,102,2024-12-31T00:00:00,7.15,3.3331704,361,363,314,308,2.9365356,2024-01-01T00:00:00,30.83662857142857,Mangulam,"{""geodesic"":false,""type"":""Point"",""coordinates"":[79.0110962359115,11.55687104596185]}"
1898_0,0.5,0.1333841,0.54,0.19,9.38,0.14937955,135,4.06,124,0.3015841,0.39,52.5,0.16603863,4.1,0.29474318,0.22700682,1.4838157545192117,0.68,341.21008,325,329,"7/1/24, 12:00 AM",CUDDALORE,102,2024-12-31T00:00:00,7.21,3.3331704,361,363,314,308,2.9365356,2024-01-01T00:00:00,30.83662857142857,Mangulam,"{""geodesic"":false,""type"":""Point"",""coordinates"":[79.0110962359115,11.55687104596185]}"
1899_0,0.5,0.11722558,0.63,0.15,9.86,0.14124186,163,4.19,124,0.31699303,0.36,65.63,0.14499302,4.1,0.29645348,0.22923023,2.637194649627559,0.56,-0.0,325,329,"7/1/24, 12:00 AM",CUDDALORE,103,2024-12-31T00:00:00,7.41,3.3331704,361,363,314,308,0.92740995,2024-01-01T00:00:00,30.83662857142857,Mangulam,"{""geodesic"":false,""type"":""Point"",""coordinates"":[79.01055724674102,11.556601551376616]}"
1900_0,0.5,0.11722558,0.71,0.25,10.26,0.14124186,117,5.16,97,0.31699303,0.3,60,0.14499302,8.3,0.29645348,0.22923023,2.637194649627559,0.73,-0.0,325,329,"7/1/24, 12:00 AM",CUDDALORE,103,2024-12-31T00:00:00,7.25,3.3331704,361,363,314,308,0.92740995,2024-01-01T00:00:00,30.83662857142857,Mangulam,"{""geodesic"":false,""type"":""Point"",""coordinates"":[79.01055724674102,11.556601551376616]}"
1901_0,0.5,0.111964285,0.54,0.104,9.36,0.13581666,94,4.38,104,0.3111,0.3,52.5,0.13826667,4.1,0.2887381,0.2068119,-0.658686311752184,0.68,-0.0,348,351,"7/1/24, 12:00 AM",CUDDALORE,97,2024-12-31T00:00:00,7.04,3.3331704,357,355,295,294,0.92740995,2024-01-01T00:00:00,30.74617647058823,Mangulam,"{""geodesic"":false,""type"":""Point"",""coordinates"":[79.01055724674102,11.56603386185987]}"
1902_0,0.5,0.1336317,0.59,0.15,6.36,0.15593414,102,3.04,93,0.33532196,0.33,52.5,0.16383658,8.3,0.3217561,0.22896098,2.2424874359830556,0.61,134.41232,350,349,"7/1/24, 12:00 AM",CUDDALORE,97,2024-12-31T00:00:00,8.17,3.3331704,356,357,293,294,1.3250971,2024-01-01T00:00:00,30.74617647058823,Mangulam,"{""geodesic"":false,""type"":""Point"",""coordinates"":[79.00920977381485,11.56603386185987]}"
1903_0,0.5,0.11131951,0.52,0.15,9.71,0.13628536,163,4.36,93,0.3361561,0.33,60,0.12682195,4.1,0.26898292,0.18600488,1.8523313523941405,0.65,116.09774,350,349,"7/1/24, 12:00 AM",CUDDALORE,96,2024-12-31T00:00:00,7.46,3.3331704,356,357,293,294,2.1074443,2024-01-01T00:00:00,30.74617647058823,Mangulam,"{""geodesic"":false,""type"":""Point"",""coordinates"":[79.00947926840007,11.566572851030342]}"
1904_0,0.5,0.09645476,0.65,0.16,9.35,0.118433334,183,4.38,86,0.32371905,0.27,52,0.115045235,8.2,0.27586192,0.19888571,-2.07651602308984,0.72,14.315232,335,336,"7/9/24, 12:00 AM",CUDDALORE,100,2024-12-31T00:00:00,7.15,3.3331704,366,362,299,302,3.8231652,2024-01-01T00:00:00,30.74617647058823,Mangulam,"{""geodesic"":false,""type"":""Point"",""coordinates"":[79.01001825757055,11.564147399763218]}"
1905_0,0.5,0.11330714,0.43,0.18,9.16,0.13611667,102,4.63,104,0.26661906,0.39,52,0.14443095,8.2,0.26162618,0.19658333,-1.0155715171932784,0.49,225.58667,338,341,"7/9/24, 12:00 AM",CUDDALORE,109,2024-12-31T00:00:00,7.05,3.3331704,346,346,316,313,1.3250736,2024-01-01T00:00:00,30.83662857142857,Mangulam,"{""geodesic"":false,""type"":""Point"",""coordinates"":[79.01675562220144,11.55633205679138]}"
1906_0,0.5,0.08845,0.82,0.2,9.12,0.11012955,117,4.25,121,0.33133635,0.39,50,0.09944091,4.1,0.24753636,0.16041136,-1.9475268296989294,0.86,214.23392,324,326,"7/9/24, 12:00 AM",CUDDALORE,104,2024-12-31T00:00:00,6.01,3.3331704,365,365,311,308,3.3617017,2024-01-01T00:00:00,30.84376470588235,Mangulam,"{""geodesic"":false,""type"":""Point"",""coordinates"":[79.00974876298531,11.557949024302795]}"
1907_0,0.5,0.08694186,0.82,0.26,9.72,0.10731395,144,4.78,135,0.31011862,0.33,55,0.10022326,4.1,0.25181395,0.16742559,-2.275493264720386,0.91,142.56667,318,321,"7/19/24, 12:00 AM",CUDDALORE,110,2024-12-31T00:00:00,6.68,3.3355167,374,374,308,305,4.6618237,2024-01-01T00:00:00,30.860060606060607,Mangulam,"{""geodesic"":false,""type"":""Point"",""coordinates"":[79.00085544167253,11.542318338359115]}"
1908_0,0.5,0.12828837,0.65,0.2,8.61,0.14469534,173,4.01,90,0.26904187,0.36,28,0.15448605,4.1,0.26100233,0.20511861,1.2871710791046604,0.7,180.0,352,360,"7/8/24, 12:00 AM",CUDDALORE,79,2024-12-31T00:00:00,7.64,3.4490197,371,369,277,271,0.92740995,2024-01-01T00:00:00,30.81068421052632,Endal .Ja,"{""geodesic"":false,""type"":""Point"",""coordinates"":[79.06769009881101,11.582203536974022]}"
1909_0,0.5,0.08524211,0.6,0.28,8.28,0.10199474,212,3.96,100,0.30680263,0.39,34,0.0959579,8.2,0.22931053,0.14525527,-1.3518650249473387,0.65,180.0,337,336,"7/8/24, 12:00 AM",CUDDALORE,86,2024-12-31T00:00:00,8.5,3.4490197,366,370,297,294,1.8543341,2024-01-01T00:00:00,30.881027027027027,Endal .Ja,"{""geodesic"":false,""type"":""Point"",""coordinates"":[79.06876807715196,11.574657688587418]}"
1910_0,0.5,0.13035,0.88,0.69,9.21,0.15602499,231,5.26,107,0.3268325,0.42,50,0.1910875,4.1,0.35571,0.2628225,-1.262373571018941,0.93,303.14865,339,342,"5/22/24, 12:00 AM",CUDDALORE,79,2024-12-31T00:00:00,7.88,3.4490197,367,370,294,288,3.388394,2024-01-01T00:00:00,30.80473684210526,Endal .Ja,"{""geodesic"":false,""type"":""Point"",""coordinates"":[79.07496645261239,11.577622129025013]}"
1911_0,0.5,0.12761904,1.01,0.41,7.26,0.14361429,231,5.31,83,0.3101738,0.39,41.6,0.1369119,4.1,0.25704762,0.19129762,0.4398827689729502,0.76,180.0,334,332,"5/22/24, 12:00 AM",CUDDALORE,83,2024-12-31T00:00:00,8.21,3.4490197,370,373,296,295,0.92740995,2024-01-01T00:00:00,30.80473684210526,Endal .Ja,"{""geodesic"":false,""type"":""Point"",""coordinates"":[79.06849858256673,11.578969601951192]}"
1912_0,0.5,0.119692504,0.64,0.21,7.98,0.142495,117,3.91,86,0.30325,0.3,15,0.1680875,4.1,0.3253025,0.2365625,-1.0156808592092952,0.71,314.41122,336,339,"6/3/24, 12:00 AM",CUDDALORE,81,2024-12-31T00:00:00,8.52,3.4490197,375,379,289,283,1.3251233,2024-01-01T00:00:00,30.80473684210526,Endal .Ja,"{""geodesic"":false,""type"":""Point"",""coordinates"":[79.07523594719763,11.576813645269304]}"
1913_0,0.5,0.13107632,0.68,0.19,8.15,0.14584737,144,4.26,90,0.30494738,0.39,22.5,0.14571053,4.1,0.2627737,0.18672368,0.8226574656885698,0.71,116.09731,340,340,"6/3/24, 12:00 AM",CUDDALORE,81,2024-12-31T00:00:00,8.2,3.4490197,367,367,293,292,2.1074762,2024-01-01T00:00:00,30.881027027027027,Endal .Ja,"{""geodesic"":false,""type"":""Point"",""coordinates"":[79.07038504466338,11.571962742735058]}"
1914_0,0.5,0.111826316,0.73,0.2,7.41,0.13312632,173,3.24,83,0.29635,0.36,52.5,0.15412106,4.1,0.29996842,0.20936579,0.3686792071295936,0.82,251.91534,340,340,"6/3/24, 12:00 AM",CUDDALORE,81,2024-12-31T00:00:00,8.19,3.4490197,367,367,293,292,2.9851365,2024-01-01T00:00:00,30.80473684210526,Endal .Ja,"{""geodesic"":false,""type"":""Point"",""coordinates"":[79.07038504466338,11.575196677757889]}"
1915_0,0.5,0.111826316,0.53,0.2,9.22,0.13312632,231,4.06,90,0.29635,0.36,28.1,0.15412106,8.3,0.29996842,0.20936579,0.3686792071295936,0.64,251.91534,340,340,"6/3/24, 12:00 AM",CUDDALORE,81,2024-12-31T00:00:00,8.55,3.4490197,367,367,293,292,2.9851365,2024-01-01T00:00:00,30.80473684210526,Endal .Ja,"{""geodesic"":false,""type"":""Point"",""coordinates"":[79.07038504466338,11.575196677757889]}"
1916_0,0.5,0.14282325,0.91,0.56,8.63,0.16446047,240,0.93,59,0.2937907,0.33,18,0.1772907,8.3,0.3004651,0.23333488,-1.4676505969854432,0.93,207.03955,352,360,"7/5/24, 12:00 AM",CUDDALORE,81,2024-12-31T00:00:00,7.32,3.4490197,371,369,277,271,2.0817115,2024-01-01T00:00:00,30.77464705882353,Endal .Ja,"{""geodesic"":false,""type"":""Point"",""coordinates"":[79.06822908798149,11.583551009900201]}"
1917_0,0.5,0.154504,0.6,0.2,7.92,0.16525601,183,3.7,180,0.304504,0.39,22,0.166108,8.2,0.283816,0.216648,-1.0155105774180009,0.65,314.4145,344,338,"7/10/24, 12:00 AM",CUDDALORE,115,2024-12-31T00:00:00,8.01,3.469905,348,350,308,311,1.3250462,2024-01-01T00:00:00,30.84438709677419,Arasankudi,"{""geodesic"":false,""type"":""Point"",""coordinates"":[78.95638883510861,11.545013284211473]}"
1918_0,0.5,0.105328,0.7,0.22,7.92,0.124628,202,3.6,159,0.314492,0.36,22,0.122608,4.1,0.247404,0.171772,-1.7776783572206483,0.73,270.0,333,332,"7/10/24, 12:00 AM",CUDDALORE,112,2024-12-31T00:00:00,8.2,3.469905,357,357,311,311,2.8376281,2024-01-01T00:00:00,30.84438709677419,Arasankudi,"{""geodesic"":false,""type"":""Point"",""coordinates"":[78.95908378096097,11.546899746308124]}"
1919_0,0.5,0.1114,0.48,0.25,7.63,0.128952,192,6.56,159,0.282696,0.3,28,0.1254,4.1,0.255776,0.186268,-0.658586155064132,0.5,180.0,348,348,"7/10/24, 12:00 AM",CUDDALORE,115,2024-12-31T00:00:00,8.1,3.469905,354,353,298,299,0.92740995,2024-01-01T00:00:00,30.88377142857143,Arasankudi,"{""geodesic"":false,""type"":""Point"",""coordinates"":[78.96474316725092,11.537467435824869]}"
1920_0,0.5,0.075544,0.58,0.2,8.12,0.09704,202,3.81,152,0.30552799,0.36,20,0.08794,8.2,0.252108,0.16992,-2.0764279535121144,0.63,345.68594,343,344,"7/12/24, 12:00 AM",CUDDALORE,111,2024-12-31T00:00:00,8.14,3.469905,357,352,299,304,3.8231452,2024-01-01T00:00:00,30.88377142857143,Arasankudi,"{""geodesic"":false,""type"":""Point"",""coordinates"":[78.96662962934758,11.540162381677227]}"
1921_0,0.05,0.09041818,0.83,0.15,11.17,0.124036364,135,5.6,111,0.36817273,0.33,41.62,0.12200909,4.1,0.30068183,0.22252274,1.0642045007237955,0.89,314.41968,328,333,"7/25/24, 12:00 AM",CUDDALORE,2,2024-12-31T00:00:00,6.05,4.356147,326,317,346,350,1.324924,2024-01-01T00:00:00,30.7173125,Ariyakoshti,"{""geodesic"":false,""type"":""Point"",""coordinates"":[79.73657565936641,11.494078807601896]}"
1922_0,0.5,0.098113045,0.7,0.4,8.26,0.12153913,221,3.98,145,0.31112608,0.24,50,0.11272174,4.1,0.24691305,0.15909131,3.7353715665965415,0.76,-0.0,302,326,"7/30/24, 12:00 AM",CUDDALORE,11,2024-12-31T00:00:00,7.15,4.2665224,351,341,348,333,0.0,2024-01-01T00:00:00,30.68173333333333,Budararayanpettai,"{""geodesic"":false,""type"":""Point"",""coordinates"":[79.62877782527207,11.462278446544065]}"
1923_0,0.5,0.098113045,0.76,0.65,9.15,0.12153913,202,4.27,145,0.31112608,0.3,57.5,0.11272174,4.1,0.24691305,0.15909131,3.7353715665965415,0.81,-0.0,302,326,"7/30/24, 12:00 AM",CUDDALORE,11,2024-12-31T00:00:00,7.26,4.2665224,351,341,348,333,0.0,2024-01-01T00:00:00,30.68173333333333,Budararayanpettai,"{""geodesic"":false,""type"":""Point"",""coordinates"":[79.62877782527207,11.462278446544065]}"
1924_0,0.5,0.098113045,0.85,0.38,9.15,0.12153913,212,4.56,145,0.31112608,0.27,37.5,0.11272174,4.1,0.24691305,0.15909131,3.7353715665965415,0.91,-0.0,302,326,"7/30/24, 12:00 AM",CUDDALORE,11,2024-12-31T00:00:00,7.32,4.2665224,351,341,348,333,0.0,2024-01-01T00:00:00,30.68173333333333,Budararayanpettai,"{""geodesic"":false,""type"":""Point"",""coordinates"":[79.62877782527207,11.462278446544065]}"
1925_0,0.5,0.099278264,0.96,0.69,8.96,0.12421739,212,4.18,145,0.29610434,0.3,52.5,0.13361305,4.1,0.2566261,0.16821739,-1.371618529838985,1.01,270.0,313,337,"7/30/24, 12:00 AM",CUDDALORE,10,2024-12-31T00:00:00,7.65,4.2665224,339,327,349,336,1.8920444,2024-01-01T00:00:00,30.68173333333333,Budararayanpettai,"{""geodesic"":false,""type"":""Point"",""coordinates"":[79.62796934151636,11.462547941129301]}"
1926_0,0.5,0.12631905,0.85,0.65,8.71,0.14566667,173,4.36,142,0.29422858,0.24,57.5,0.1434,4.1,0.2556095,0.17755239,-1.3717007776901904,1.06,90.0,305,315,"7/30/24, 12:00 AM",CUDDALORE,8,2024-12-31T00:00:00,7.32,4.2665224,333,331,361,354,1.8921207,2024-01-01T00:00:00,30.694709677419365,Melmanakkudi,"{""geodesic"":false,""type"":""Point"",""coordinates"":[79.64898991916476,11.473866713709207]}"
1927_0,0.5,0.10874762,0.6,0.57,6.65,0.13167143,135,3.13,131,0.29337618,0.33,52.5,0.1376238,4.1,0.26629522,0.18577619,0.08350964142231548,0.64,314.42227,268,285,"7/31/24, 12:00 AM",CUDDALORE,12,2024-12-31T00:00:00,8.27,4.4323535,365,355,367,360,1.3248627,2024-01-01T00:00:00,30.548258064516133,Miralur,"{""geodesic"":false,""type"":""Point"",""coordinates"":[79.55547529808793,11.46847682200449]}"
1928_0,0.5,0.10856667,0.65,0.59,6.72,0.12848334,117,3.65,121,0.293225,0.24,60,0.1270875,4.1,0.2760625,0.17794167,-1.7081959185132805,0.71,314.4234,311,328,"7/31/24, 12:00 AM",CUDDALORE,14,2024-12-31T00:00:00,8.22,4.355062,367,354,322,319,2.6482573,2024-01-01T00:00:00,30.565624999999997,Miralur,"{""geodesic"":false,""type"":""Point"",""coordinates"":[79.53768865546235,11.45742754400982]}"
1929_0,0.5,0.13712609,0.71,0.61,6.78,0.15048261,117,3.15,142,0.2709,0.21,52.5,0.1419174,4.1,0.21407826,0.14583044,2.1259193187002916,0.73,-0.0,261,275,"7/31/24, 12:00 AM",CUDDALORE,12,2024-12-31T00:00:00,8.29,4.4323535,377,367,362,358,0.0,2024-01-01T00:00:00,30.578500000000002,Miralur,"{""geodesic"":false,""type"":""Point"",""coordinates"":[79.5530498468208,11.465512381566896]}"
1930_0,0.5,0.10874762,0.65,0.61,6.18,0.13167143,135,2.68,149,0.29337618,0.27,60,0.1376238,4.1,0.26629522,0.18577619,0.08350964142231548,0.71,314.42227,268,285,"7/31/24, 12:00 AM",CUDDALORE,12,2024-12-31T00:00:00,8.29,4.4323535,365,355,367,360,1.3248627,2024-01-01T00:00:00,30.548258064516133,Miralur,"{""geodesic"":false,""type"":""Point"",""coordinates"":[79.55547529808793,11.46847682200449]}"
1931_0,0.5,0.10874762,0.59,0.55,6.15,0.13167143,125,3.06,135,0.29337618,0.27,57.5,0.1376238,4.1,0.26629522,0.18577619,0.08350964142231548,0.64,314.42227,268,285,"7/31/24, 12:00 AM",CUDDALORE,12,2024-12-31T00:00:00,8.4,4.4323535,365,355,367,360,1.3248627,2024-01-01T00:00:00,30.548258064516133,Miralur,"{""geodesic"":false,""type"":""Point"",""coordinates"":[79.55547529808793,11.46847682200449]}"
1932_0,0.5,0.115256004,0.65,0.62,6.15,0.138368,163,3.06,145,0.305152,0.33,55,0.134988,4.1,0.25178,0.166868,1.2328763277999504,0.71,341.2162,277,302,"7/31/24, 12:00 AM",CUDDALORE,9,2024-12-31T00:00:00,8.32,4.4323535,375,360,348,338,2.9364295,2024-01-01T00:00:00,30.568645161290323,Miralur,"{""geodesic"":false,""type"":""Point"",""coordinates"":[79.55251085765033,11.458505522350764]}"
1933_0,0.5,0.13065454,0.71,0.3,11.06,0.14577273,63,4.31,121,0.3773727,0.33,57.5,0.12065909,4.1,0.23837273,0.14389545,-0.6784083461378775,0.62,90.0,276,296,"7/31/24, 12:00 AM",CUDDALORE,13,2024-12-31T00:00:00,8.44,4.4323535,354,344,370,360,0.94625044,2024-01-01T00:00:00,30.61878571428571,Miralur,"{""geodesic"":false,""type"":""Point"",""coordinates"":[79.56409912481547,11.453654619816518]}"
1934_0,0.5,0.11799524,0.63,0.34,9.36,0.13345714,70,5.31,124,0.29671428,0.33,60,0.1278619,4.1,0.25745237,0.1872238,-1.0150004159723254,0.77,314.42426,306,329,"8/1/24, 12:00 AM",CUDDALORE,15,2024-12-31T00:00:00,8.59,4.3063784,344,333,350,337,3.9687955,2024-01-01T00:00:00,30.598599999999998,Miralur,"{""geodesic"":false,""type"":""Point"",""coordinates"":[79.60101988299277,11.448803717282273]}"
1935_0,0.59,0.11236,0.55,0.23,11.62,0.13628,240,5.72,180,0.34288,0.33,37,0.134495,8.2,0.290635,0.21036,-1.0841803854843433,0.5,270.0,286,303,"7/27/24, 12:00 AM",CUDDALORE,6,2024-12-31T00:00:00,6.89,4.262888,331,317,383,380,2.8371243,2024-01-01T00:00:00,30.753733333333333,Sendirakillai,"{""geodesic"":false,""type"":""Point"",""coordinates"":[79.69264804197297,11.49704324803949]}"
1936_0,0.68,0.11236,0.65,0.28,11.26,0.13628,183,5.81,197,0.34288,0.27,46,0.134495,4.1,0.290635,0.21036,-1.0841803854843433,1,270.0,286,303,"7/26/24, 12:00 AM",CUDDALORE,6,2024-12-31T00:00:00,7.65,4.262888,331,317,383,380,2.8371243,2024-01-01T00:00:00,30.753733333333333,Sendirakillai,"{""geodesic"":false,""type"":""Point"",""coordinates"":[79.69264804197297,11.49704324803949]}"
1937_0,0.5,0.11236,0.75,0.57,10.29,0.13628,163,0.65,180,0.34288,0.39,52.5,0.134495,4.1,0.290635,0.21036,-1.0841803854843433,0.65,270.0,286,303,"7/24/24, 12:00 AM",CUDDALORE,6,2024-12-31T00:00:00,7.46,4.262888,331,317,383,380,2.8371243,2024-01-01T00:00:00,30.753733333333333,Sendirakillai,"{""geodesic"":false,""type"":""Point"",""coordinates"":[79.69264804197297,11.49704324803949]}"
1938_0,0.5,0.134325,0.72,0.55,10.31,0.1609,212,0.55,190,0.34097,0.33,41.63,0.17252,4.1,0.336185,0.26472,-2.4704743583684867,0.55,270.0,295,314,"7/24/24, 12:00 AM",CUDDALORE,9,2024-12-31T00:00:00,7.19,4.262888,347,330,357,356,5.6604033,2024-01-01T00:00:00,30.753733333333333,Sendirakillai,"{""geodesic"":false,""type"":""Point"",""coordinates"":[79.69291753655821,11.49704324803949]}"
1939_0,0.5,0.134325,0.6,0.44,11.35,0.1609,221,0.7,190,0.34097,0.33,52.5,0.17252,4.1,0.336185,0.26472,-2.4704743583684867,0.7,270.0,295,314,"7/24/24, 12:00 AM",CUDDALORE,9,2024-12-31T00:00:00,7.16,4.262888,347,330,357,356,5.6604033,2024-01-01T00:00:00,30.753733333333333,Sendirakillai,"{""geodesic"":false,""type"":""Point"",""coordinates"":[79.69291753655821,11.49704324803949]}"
1940_0,0.5,0.082845,0.48,0.49,10.09,0.10414,154,0.55,160,0.34646,0.27,37.5,0.086445004,4.1,0.24869,0.15938,-1.8280187267495507,0.55,251.91064,295,314,"7/24/24, 12:00 AM",CUDDALORE,9,2024-12-31T00:00:00,7.67,4.262888,347,330,357,356,2.9843879,2024-01-01T00:00:00,30.753733333333333,Sendirakillai,"{""geodesic"":false,""type"":""Point"",""coordinates"":[79.69291753655821,11.497312742624727]}"
1941_0,0.5,0.134325,0.72,0.19,6.15,0.1609,135,2.96,180,0.34097,0.39,45.7,0.17252,8.3,0.336185,0.26472,-2.4704743583684867,0.76,270.0,295,314,"7/23/24, 12:00 AM",CUDDALORE,9,2024-12-31T00:00:00,7.6,4.262888,347,330,357,356,5.6604033,2024-01-01T00:00:00,30.753733333333333,Sendirakillai,"{""geodesic"":false,""type"":""Point"",""coordinates"":[79.69291753655821,11.49704324803949]}"
1942_0,0.5,0.134325,0.81,0.16,8.3,0.1609,212,3.98,169,0.34097,0.3,31.2,0.17252,4.1,0.336185,0.26472,-2.4704743583684867,0.75,270.0,295,314,"7/23/24, 12:00 AM",CUDDALORE,9,2024-12-31T00:00:00,7.2,4.262888,347,330,357,356,5.6604033,2024-01-01T00:00:00,30.753733333333333,Sendirakillai,"{""geodesic"":false,""type"":""Point"",""coordinates"":[79.69291753655821,11.49704324803949]}"
1943_0,0.5,0.082845,0.85,0.18,7.96,0.10414,231,3.15,166,0.34646,0.33,28.1,0.086445004,8.3,0.24869,0.15938,-1.8280187267495507,0.86,251.91064,295,314,"7/23/24, 12:00 AM",CUDDALORE,9,2024-12-31T00:00:00,7,4.262888,347,330,357,356,2.9843879,2024-01-01T00:00:00,30.753733333333333,Sendirakillai,"{""geodesic"":false,""type"":""Point"",""coordinates"":[79.69291753655821,11.497312742624727]}"
1944_0,0.5,0.134325,0.68,0.3,11.29,0.1609,163,5.69,201,0.34097,0.27,31,0.17252,8.2,0.336185,0.26472,-2.4704743583684867,0.72,270.0,295,314,"7/23/24, 12:00 AM",CUDDALORE,9,2024-12-31T00:00:00,7.62,4.262888,347,330,357,356,5.6604033,2024-01-01T00:00:00,30.753733333333333,Sendirakillai,"{""geodesic"":false,""type"":""Point"",""coordinates"":[79.69291753655821,11.49704324803949]}"
1945_0,0.5,0.134325,0.82,0.55,10.11,0.1609,221,5.01,187,0.34097,0.27,37.5,0.17252,8.3,0.336185,0.26472,-2.4704743583684867,1.06,270.0,295,314,"7/23/24, 12:00 AM",CUDDALORE,9,2024-12-31T00:00:00,7.3,4.262888,347,330,357,356,5.6604033,2024-01-01T00:00:00,30.753733333333333,Sendirakillai,"{""geodesic"":false,""type"":""Point"",""coordinates"":[79.69291753655821,11.49704324803949]}"
1946_0,0.5,0.089347616,0.63,0.29,10.11,0.11798095,212,4.54,187,0.29758573,0.3,52.5,0.12911429,4.1,0.29539523,0.19723333,-0.7859652667208272,0.7,243.89243,293,319,"7/30/24, 12:00 AM",CUDDALORE,10,2024-12-31T00:00:00,7.48,4.3748055,346,333,360,348,2.106707,2024-01-01T00:00:00,30.573199999999996,Azhichikudi,"{""geodesic"":false,""type"":""Point"",""coordinates"":[79.59536049670282,11.444491803918499]}"
1947_0,0.5,0.089347616,0.55,0.41,9.71,0.11798095,231,4.31,183,0.29758573,0.3,55,0.12911429,4.1,0.29539523,0.19723333,-0.7859652667208272,0.8,243.89243,293,319,"7/30/24, 12:00 AM",CUDDALORE,10,2024-12-31T00:00:00,7.45,4.3748055,346,333,360,348,2.106707,2024-01-01T00:00:00,30.573199999999996,Azhichikudi,"{""geodesic"":false,""type"":""Point"",""coordinates"":[79.59536049670282,11.444491803918499]}"
1948_0,0.5,0.089347616,0.73,0.36,9.64,0.11798095,260,4.65,173,0.29758573,0.24,60,0.12911429,4.1,0.29539523,0.19723333,-0.7859652667208272,0.72,243.89243,293,319,"7/30/24, 12:00 AM",CUDDALORE,10,2024-12-31T00:00:00,7.6,4.3748055,346,333,360,348,2.106707,2024-01-01T00:00:00,30.573199999999996,Azhichikudi,"{""geodesic"":false,""type"":""Point"",""coordinates"":[79.59536049670282,11.444491803918499]}"
1949_0,0.5,0.08444286,0.67,0.3,9.78,0.1097,202,4.25,173,0.3122905,0.27,57.5,0.10297143,4.1,0.25456667,0.16093333,-1.4791305034290283,0.94,243.89267,297,324,"7/30/24, 12:00 AM",CUDDALORE,12,2024-12-31T00:00:00,7.52,4.3748055,350,336,353,340,2.1067255,2024-01-01T00:00:00,30.573199999999996,Azhichikudi,"{""geodesic"":false,""type"":""Point"",""coordinates"":[79.59697746421425,11.447456244356093]}"
1950_0,0.5,0.103038095,0.86,0.38,10.18,0.12225238,260,5.43,163,0.27508572,0.24,58,0.12393334,8.3,0.26040477,0.18733333,-1.4243904998811856,0.86,320.77722,306,329,"7/30/24, 12:00 AM",CUDDALORE,13,2024-12-31T00:00:00,7.54,4.3063784,344,333,350,337,5.964543,2024-01-01T00:00:00,30.598599999999998,Vandarayampattu,"{""geodesic"":false,""type"":""Point"",""coordinates"":[79.60101988299277,11.449073211867509]}"
1951_0,0.5,0.106615,0.81,0.13,6.15,0.13447501,183,3.01,138,0.2902,0.3,37.5,0.147575,4.1,0.266075,0.19437501,-0.3219213963027547,0.95,45.577034,319,326,"8/1/24, 12:00 AM",CUDDALORE,4,2024-12-31T00:00:00,7.89,4.262888,325,317,356,357,1.3248461,2024-01-01T00:00:00,30.576000000000008,B.Adhivaraganallur,"{""geodesic"":false,""type"":""Point"",""coordinates"":[79.6853716881716,11.461739457373593]}"
1952_0,0.5,0.09652,0.69,0.14,6.36,0.121735,212,3.24,131,0.272655,0.33,41.6,0.128825,4.1,0.239095,0.17138,-1.0839304937714511,0.75,90.0,319,326,"8/1/24, 12:00 AM",CUDDALORE,5,2024-12-31T00:00:00,7.67,4.262888,325,317,356,357,2.83677,2024-01-01T00:00:00,30.576000000000008,B.Adhivaraganallur,"{""geodesic"":false,""type"":""Point"",""coordinates"":[79.68510219358637,11.461739457373593]}"
1953_0,0.5,0.08822105,0.65,0.63,10.55,0.11098421,202,4.65,163,0.2758895,0.36,52.5,0.1165,4.1,0.23770526,0.15371579,-1.4671467512708098,0.61,27.029718,289,314,"7/27/24, 12:00 AM",CUDDALORE,8,2024-12-31T00:00:00,7.17,4.2665224,340,328,371,358,2.0815291,2024-01-01T00:00:00,30.683172413793105,Therkuthittai,"{""geodesic"":false,""type"":""Point"",""coordinates"":[79.6387491249258,11.464434403225953]}"
1954_0,0.5,0.15074545,0.51,0.15,8.65,0.17170455,144,4.11,86,0.37953636,0.33,10.63,0.16842727,4.1,0.3359091,0.2353,-1.813020657312858,0.59,341.1942,349,379,"7/10/24, 12:00 AM",CUDDALORE,38,2024-12-31T00:00:00,7.5,4.3971405,379,355,272,266,2.9368124,2024-01-01T00:00:00,30.57186206896551,Manamthavizhnthaputhur,"{""geodesic"":false,""type"":""Point"",""coordinates"":[79.49403053265415,11.808848483157377]}"
1955_0,0.5,0.14964546,1.28,0.24,11.28,0.17521818,125,5.28,73,0.3566273,0.3,28,0.1896,4.1,0.37813637,0.28103182,-1.7100974821217825,0.76,225.61317,344,374,"7/9/24, 12:00 AM",CUDDALORE,40,2024-12-31T00:00:00,7.65,4.3971405,374,352,282,274,2.649981,2024-01-01T00:00:00,30.57186206896551,Manamthavizhnthaputhur,"{""geodesic"":false,""type"":""Point"",""coordinates"":[79.49537800558032,11.812890901935914]}"
1956_0,0.5,0.03325909,1.06,0.21,11.06,0.050063636,117,5.63,76,0.32016364,0.42,28,0.03461818,4.1,0.15166818,0.083,-2.1155496833666767,0.85,45.612892,354,387,"7/9/24, 12:00 AM",CUDDALORE,45,2024-12-31T00:00:00,7.59,4.545803,376,349,270,264,3.9714155,2024-01-01T00:00:00,30.52746666666667,Manamthavizhnthaputhur,"{""geodesic"":false,""type"":""Point"",""coordinates"":[79.50076789728504,11.80992646149832]}"
1957_0,0.5,0.099938095,0.79,0.15,9.36,0.13561904,144,5.26,124,0.3014619,0.39,62,0.1659,8.3,0.33537617,0.26741427,-1.9486626812091448,0.77,145.74274,320,353,"7/10/24, 12:00 AM",CUDDALORE,40,2024-12-31T00:00:00,7.52,4.545803,377,348,303,299,3.3626323,2024-01-01T00:00:00,30.5674,Manamthavizhnthaputhur,"{""geodesic"":false,""type"":""Point"",""coordinates"":[79.50238486479645,11.800763645600302]}"
1958_0,0.5,0.082742855,0.79,0.2,7.23,0.11214762,125,7.27,90,0.28697142,0.33,52,0.12992857,4.1,0.3288524,0.25428572,-2.27675113223505,0.65,217.45912,320,353,"7/10/24, 12:00 AM",CUDDALORE,40,2024-12-31T00:00:00,7.54,4.545803,377,348,303,299,4.663424,2024-01-01T00:00:00,30.5674,Manamthavizhnthaputhur,"{""geodesic"":false,""type"":""Point"",""coordinates"":[79.50211537021121,11.800763645600302]}"
1959_0,0.5,0.08859524,0.49,0.17,8.15,0.12042381,173,4.12,86,0.33481428,0.27,31.2,0.12449048,4.1,0.32844287,0.24806191,1.7557091757460102,0.63,314.38834,318,349,"7/9/24, 12:00 AM",CUDDALORE,33,2024-12-31T00:00:00,7.9,4.649809,383,356,299,295,1.3256638,2024-01-01T00:00:00,30.535499999999995,Manamthavizhnthaputhur,"{""geodesic"":false,""type"":""Point"",""coordinates"":[79.50076789728504,11.798338194333178]}"
1960_0,0.5,0.103038095,0.5,0.26,8.86,0.122933336,144,4.34,69,0.24163333,0.33,28.13,0.13927619,4.1,0.29970953,0.24632381,-1.7795390337488959,0.53,90.0,343,373,"7/12/24, 12:00 AM",CUDDALORE,35,2024-12-31T00:00:00,7.91,4.3971405,372,348,285,279,2.840289,2024-01-01T00:00:00,30.5936,Manamthavizhnthaputhur,"{""geodesic"":false,""type"":""Point"",""coordinates"":[79.49349154348367,11.807231515645961]}"
1961_0,0.5,0.065409094,0.65,0.16,8.75,0.09170909,163,4.11,80,0.27855,0.33,22.5,0.08132273,4.1,0.21268636,0.12935,-2.067240461100039,0.65,90.0,349,378,"7/12/24, 12:00 AM",CUDDALORE,39,2024-12-31T00:00:00,7.35,4.3971405,379,356,272,266,3.7846777,2024-01-01T00:00:00,30.57186206896551,Manamthavizhnthaputhur,"{""geodesic"":false,""type"":""Point"",""coordinates"":[79.49618648933603,11.809656966913085]}"
1962_0,0.5,0.11107368,0.76,0.35,16.19,0.1366421,70,7.27,166,0.29240525,0.36,50,0.15476316,8.3,0.3048158,0.24451579,-0.32353980208233635,0.88,225.60811,312,344,"7/8/24, 12:00 AM",CUDDALORE,29,2024-12-31T00:00:00,7.34,4.649809,379,351,309,305,1.3255796,2024-01-01T00:00:00,30.641548387096783,Lakshminarayanapuram (CT),"{""geodesic"":false,""type"":""Point"",""coordinates"":[79.5215189803482,11.764112382008225]}"
1963_0,0.5,0.11107368,0.73,0.29,15.28,0.1366421,78,8.35,180,0.29240525,0.3,52,0.15476316,4.1,0.3048158,0.24451579,-0.32353980208233635,0.85,225.60811,312,344,"7/8/24, 12:00 AM",CUDDALORE,29,2024-12-31T00:00:00,7.71,4.649809,379,351,309,305,1.3255796,2024-01-01T00:00:00,30.641548387096783,Lakshminarayanapuram (CT),"{""geodesic"":false,""type"":""Point"",""coordinates"":[79.5215189803482,11.764112382008225]}"
1964_0,0.5,0.056858823,0.75,0.44,14.71,0.07961176,94,8.67,183,0.32291177,0.33,42,0.06570588,4.1,0.21965882,0.14021176,-2.5060098707784046,0.8,198.80325,345,372,"7/8/24, 12:00 AM",CUDDALORE,24,2024-12-31T00:00:00,7.78,4.665223,321,307,334,322,5.858186,2024-01-01T00:00:00,30.624137931034486,Lakshminarayanapuram (CT),"{""geodesic"":false,""type"":""Point"",""coordinates"":[79.56463811398594,11.76896328454247]}"
1965_0,0.5,0.15161765,0.72,0.08,11.65,0.16794117,144,5.96,86,0.24719413,0.33,42,0.1845,8.2,0.28806472,0.24791177,-0.7312299974424388,0.78,288.073,340,361,"7/16/24, 12:00 AM",CUDDALORE,25,2024-12-31T00:00:00,6.53,4.665223,337,324,323,315,2.986995,2024-01-01T00:00:00,30.57154838709677,Melkangeyankuppam,"{""geodesic"":false,""type"":""Point"",""coordinates"":[79.56302114647453,11.766537833275347]}"
1966_0,0.5,0.15161765,0.7,0.09,11.31,0.16794117,163,4.35,121,0.24719413,0.33,34.4,0.1845,8.3,0.28806472,0.24791177,-0.7312299974424388,0.81,288.073,340,361,"7/18/24, 12:00 AM",CUDDALORE,25,2024-12-31T00:00:00,6.68,4.665223,337,324,323,315,2.986995,2024-01-01T00:00:00,30.57154838709677,Melkangeyankuppam,"{""geodesic"":false,""type"":""Point"",""coordinates"":[79.56302114647453,11.766537833275347]}"
1967_0,0.5,0.15161765,0.53,0.08,11.24,0.16794117,125,4.98,138,0.24719413,0.33,37.5,0.1845,4.1,0.28806472,0.24791177,-0.7312299974424388,0.69,288.073,340,361,"7/18/24, 12:00 AM",CUDDALORE,25,2024-12-31T00:00:00,6.58,4.665223,337,324,323,315,2.986995,2024-01-01T00:00:00,30.57154838709677,Melkangeyankuppam,"{""geodesic"":false,""type"":""Point"",""coordinates"":[79.56302114647453,11.766537833275347]}"
1968_0,0.5,0.15161765,0.61,0.12,12.36,0.16794117,154,5.24,100,0.24719413,0.27,45.8,0.1845,4.1,0.28806472,0.24791177,-0.7312299974424388,0.72,288.073,340,361,"7/18/24, 12:00 AM",CUDDALORE,25,2024-12-31T00:00:00,6.38,4.665223,337,324,323,315,2.986995,2024-01-01T00:00:00,30.57154838709677,Melkangeyankuppam,"{""geodesic"":false,""type"":""Point"",""coordinates"":[79.56302114647453,11.766537833275347]}"
1969_0,0.5,0.15161765,0.71,0.08,11.81,0.16794117,125,4.4,138,0.24719413,0.3,45.5,0.1845,8.3,0.28806472,0.24791177,-0.7312299974424388,0.68,288.073,340,361,"7/18/24, 12:00 AM",CUDDALORE,25,2024-12-31T00:00:00,6.87,4.665223,337,324,323,315,2.986995,2024-01-01T00:00:00,30.57154838709677,Melkangeyankuppam,"{""geodesic"":false,""type"":""Point"",""coordinates"":[79.56302114647453,11.766537833275347]}"
1970_0,0.5,0.15161765,0.63,0.12,12.31,0.16794117,117,4.98,118,0.24719413,0.3,34.4,0.1845,8.3,0.28806472,0.24791177,-0.7312299974424388,0.7,288.073,340,361,"7/18/24, 12:00 AM",CUDDALORE,25,2024-12-31T00:00:00,6.62,4.665223,337,324,323,315,2.986995,2024-01-01T00:00:00,30.57154838709677,Melkangeyankuppam,"{""geodesic"":false,""type"":""Point"",""coordinates"":[79.56302114647453,11.766537833275347]}"
1971_0,0.5,0.15161765,0.62,0.14,13.72,0.16794117,173,5.03,114,0.24719413,0.39,37.5,0.1845,8.3,0.28806472,0.24791177,-0.7312299974424388,0.7,288.073,340,361,"7/18/24, 12:00 AM",CUDDALORE,25,2024-12-31T00:00:00,6.76,4.665223,337,324,323,315,2.986995,2024-01-01T00:00:00,30.57154838709677,Melkangeyankuppam,"{""geodesic"":false,""type"":""Point"",""coordinates"":[79.56302114647453,11.766537833275347]}"
1972_0,0.5,0.15161765,0.7,0.15,11.21,0.16794117,117,4.64,100,0.24719413,0.33,45.8,0.1845,4.1,0.28806472,0.24791177,-0.7312299974424388,0.81,288.073,340,361,"7/18/24, 12:00 AM",CUDDALORE,25,2024-12-31T00:00:00,6.84,4.665223,337,324,323,315,2.986995,2024-01-01T00:00:00,30.57154838709677,Melkangeyankuppam,"{""geodesic"":false,""type"":""Point"",""coordinates"":[79.56302114647453,11.766537833275347]}"
1973_0,0.5,0.15161765,0.68,0.15,14.21,0.16794117,117,5.12,145,0.24719413,0.3,41.6,0.1845,8.3,0.28806472,0.24791177,-0.7312299974424388,0.62,288.073,340,361,"7/18/24, 12:00 AM",CUDDALORE,25,2024-12-31T00:00:00,6.62,4.665223,337,324,323,315,2.986995,2024-01-01T00:00:00,30.57154838709677,Melkangeyankuppam,"{""geodesic"":false,""type"":""Point"",""coordinates"":[79.56302114647453,11.766537833275347]}"
1974_0,0.5,0.15161765,0.9,0.13,12.57,0.16794117,125,6.14,107,0.24719413,0.24,37.5,0.1845,4.1,0.28806472,0.24791177,-0.7312299974424388,0.75,288.073,340,361,"7/18/24, 12:00 AM",CUDDALORE,25,2024-12-31T00:00:00,6.89,4.665223,337,324,323,315,2.986995,2024-01-01T00:00:00,30.57154838709677,Melkangeyankuppam,"{""geodesic"":false,""type"":""Point"",""coordinates"":[79.56302114647453,11.766537833275347]}"
1975_0,0.5,0.15161765,0.9,0.08,14.36,0.16794117,108,7.36,107,0.24719413,0.33,45.7,0.1845,4.1,0.28806472,0.24791177,-0.7312299974424388,1.01,288.073,340,361,"7/12/24, 12:00 AM",CUDDALORE,25,2024-12-31T00:00:00,6.18,4.665223,337,324,323,315,2.986995,2024-01-01T00:00:00,30.57154838709677,Melkangeyankuppam,"{""geodesic"":false,""type"":""Point"",""coordinates"":[79.56302114647453,11.766537833275347]}"
1976_0,0.5,0.15161765,0.86,0.08,12.45,0.16794117,144,5.98,145,0.24719413,0.3,37.5,0.1845,4.1,0.28806472,0.24791177,-0.7312299974424388,0.91,288.073,340,361,"7/12/24, 12:00 AM",CUDDALORE,25,2024-12-31T00:00:00,6.34,4.665223,337,324,323,315,2.986995,2024-01-01T00:00:00,30.57154838709677,Melkangeyankuppam,"{""geodesic"":false,""type"":""Point"",""coordinates"":[79.56302114647453,11.766537833275347]}"
1977_0,0.5,0.15161765,0.81,0.1,12.15,0.16794117,135,5.15,97,0.24719413,0.27,37.5,0.1845,4.1,0.28806472,0.24791177,-0.7312299974424388,0.86,288.073,340,361,"7/12/24, 12:00 AM",CUDDALORE,25,2024-12-31T00:00:00,6.56,4.665223,337,324,323,315,2.986995,2024-01-01T00:00:00,30.57154838709677,Melkangeyankuppam,"{""geodesic"":false,""type"":""Point"",""coordinates"":[79.56302114647453,11.766537833275347]}"
1978_0,0.5,0.12941892,0.61,0.08,13.26,0.14272162,144,4.98,111,0.36070812,0.33,37.5,0.12854055,4.1,0.255,0.17241082,-1.3731193483113489,0.72,90.0,327,346,"7/12/24, 12:00 AM",CUDDALORE,95,2024-12-31T00:00:00,6.4,4.2817693,366,347,307,308,1.8934766,2024-01-01T00:00:00,30.494411764705887,Melkangeyankuppam,"{""geodesic"":false,""type"":""Point"",""coordinates"":[79.47705237378429,11.674370685124684]}"
1979_0,0.5,0.12941892,0.76,0.09,11.24,0.14272162,117,5.24,145,0.36070812,0.27,34,0.12854055,8.3,0.255,0.17241082,-1.3731193483113489,0.86,90.0,327,346,"7/12/24, 12:00 AM",CUDDALORE,95,2024-12-31T00:00:00,6.47,4.2817693,366,347,307,308,1.8934766,2024-01-01T00:00:00,30.494411764705887,Melkangeyankuppam,"{""geodesic"":false,""type"":""Point"",""coordinates"":[79.47705237378429,11.674370685124684]}"
1980_0,0.5,0.12332703,0.64,0.11,11.36,0.14135675,117,5.2,104,0.3729865,0.36,34,0.12064324,4.1,0.24744865,0.15963243,-1.0162030584314101,0.71,134.4012,327,346,"7/12/24, 12:00 AM",CUDDALORE,96,2024-12-31T00:00:00,6.51,4.2817693,366,347,307,308,1.32536,2024-01-01T00:00:00,30.494411764705887,Melkangeyankuppam,"{""geodesic"":false,""type"":""Point"",""coordinates"":[79.47678287919905,11.674370685124684]}"
1981_0,0.5,0.1816,0.65,0.12,11.81,0.20528461,163,4.81,121,0.37695897,0.33,34.4,0.22200257,4.1,0.33274615,0.25860256,-1.0162116731032058,0.83,134.40105,321,339,"7/18/24, 12:00 AM",CUDDALORE,94,2024-12-31T00:00:00,6.8,4.2817693,372,353,307,308,1.3253634,2024-01-01T00:00:00,30.523411764705884,Melkangeyankuppam,"{""geodesic"":false,""type"":""Point"",""coordinates"":[79.47705237378429,11.675718158050863]}"
1982_0,0.5,0.104444444,0.71,0.1,11.21,0.1358,135,4.3,114,0.35121667,0.33,45.8,0.14143333,4.1,0.32173333,0.23296666,1.2864247769460269,0.65,45.597946,318,342,"7/26/24, 12:00 AM",CUDDALORE,96,2024-12-31T00:00:00,6.68,4.2817693,376,354,306,304,1.3253397,2024-01-01T00:00:00,30.43329411764706,Melkangeyankuppam,"{""geodesic"":false,""type"":""Point"",""coordinates"":[79.47651338461381,11.666016352982373]}"
1983_0,0.5,0.10727222,0.76,0.21,10.26,0.12637778,125,4.21,173,0.30762222,0.36,57.5,0.12925,4.1,0.2720111,0.19290556,-1.373035335728174,0.86,90.0,336,342,"6/14/24, 12:00 AM",CUDDALORE,77,2024-12-31T00:00:00,6.71,4.5658917,381,368,283,291,1.893397,2024-01-01T00:00:00,30.53788235294118,Alagappasamudram,"{""geodesic"":false,""type"":""Point"",""coordinates"":[79.57622638115109,11.662782417959543]}"
1984_0,0.5,0.105634145,0.82,0.15,11.06,0.12547804,94,5.26,169,0.37052682,0.39,71.5,0.10865854,4.1,0.25705853,0.15815365,-1.468112124086595,1.21,207.04857,321,328,"6/14/24, 12:00 AM",CUDDALORE,67,2024-12-31T00:00:00,4.4,4.5658917,376,371,303,301,2.0818784,2024-01-01T00:00:00,30.55535483870968,Alagappasamudram,"{""geodesic"":false,""type"":""Point"",""coordinates"":[79.56895002734971,11.69161833857978]}"
1985_0,0.5,0.078805,0.74,0.3,12.15,0.10535,154,6.01,121,0.264395,0.3,50,0.128005,4.1,0.28153,0.193965,-2.268835601252091,0.81,-0.0,355,382,"7/5/24, 12:00 AM",CUDDALORE,29,2024-12-31T00:00:00,5.73,4.649809,324,303,320,315,4.6273675,2024-01-01T00:00:00,30.685612903225806,Alagappasamudram,"{""geodesic"":false,""type"":""Point"",""coordinates"":[79.53876663380329,11.766807327860583]}"
1986_0,0.5,0.078805,0.75,0.47,12.76,0.10535,154,6.21,124,0.264395,0.36,45.7,0.128005,8.3,0.28153,0.193965,-2.268835601252091,0.84,-0.0,355,382,"7/5/24, 12:00 AM",CUDDALORE,29,2024-12-31T00:00:00,5.36,4.649809,324,303,320,315,4.6273675,2024-01-01T00:00:00,30.685612903225806,Alagappasamudram,"{""geodesic"":false,""type"":""Point"",""coordinates"":[79.53876663380329,11.766807327860583]}"
1987_0,0.5,0.046475,0.82,0.19,9.96,0.06732,163,4.94,149,0.26807,0.36,60,0.060815,8.2,0.20912,0.14233,-2.465442648541671,0.9,9.66164,355,382,"7/10/24, 12:00 AM",CUDDALORE,32,2024-12-31T00:00:00,5.63,4.649809,324,303,320,315,5.6268544,2024-01-01T00:00:00,30.63886666666666,Alagappasamudram,"{""geodesic"":false,""type"":""Point"",""coordinates"":[79.53903612838853,11.766537833275347]}"
1988_0,0.5,0.078805,0.62,0.2,9.85,0.10535,183,5.1,156,0.264395,0.3,68,0.128005,4.1,0.28153,0.193965,-2.268835601252091,0.75,-0.0,355,382,"7/10/24, 12:00 AM",CUDDALORE,29,2024-12-31T00:00:00,5.68,4.649809,324,303,320,315,4.6273675,2024-01-01T00:00:00,30.685612903225806,Alagappasamudram,"{""geodesic"":false,""type"":""Point"",""coordinates"":[79.53876663380329,11.766807327860583]}"
1989_0,0.5,0.0891,0.71,0.25,10.2,0.12004,154,5.21,152,0.284445,0.36,60,0.15227,4.1,0.34353,0.23445,-2.1615843557832695,0.82,332.9451,355,382,"7/3/24, 12:00 AM",CUDDALORE,29,2024-12-31T00:00:00,5.87,4.649809,324,303,320,315,4.158508,2024-01-01T00:00:00,30.685612903225806,Alagappasamudram,"{""geodesic"":false,""type"":""Point"",""coordinates"":[79.53849713921807,11.76707682244582]}"
1990_0,0.5,0.078805,0.82,0.27,9.41,0.10535,144,4.31,163,0.264395,0.3,55,0.128005,4.1,0.28153,0.193965,-2.268835601252091,0.63,-0.0,355,382,"7/3/24, 12:00 AM",CUDDALORE,29,2024-12-31T00:00:00,5.85,4.649809,324,303,320,315,4.6273675,2024-01-01T00:00:00,30.685612903225806,Alagappasamudram,"{""geodesic"":false,""type"":""Point"",""coordinates"":[79.53876663380329,11.766807327860583]}"
1991_0,0.5,0.14216316,0.82,0.22,10.31,0.16039474,144,5.11,159,0.3203263,0.39,66,0.16448422,4.1,0.31745788,0.2413,-0.6806649079053801,0.75,270.0,331,359,"7/3/24, 12:00 AM",CUDDALORE,27,2024-12-31T00:00:00,5.57,4.649809,357,336,312,306,1.8941371,2024-01-01T00:00:00,30.685612903225806,Alagappasamudram,"{""geodesic"":false,""type"":""Point"",""coordinates"":[79.54227006341137,11.77084974663912]}"
1992_0,0.5,0.05227619,1.06,0.32,9.26,0.06819524,221,4.21,156,0.21196191,0.3,60,0.05965238,4.1,0.15225714,0.095714286,-2.5060022650583402,0.86,341.1969,355,382,"7/3/24, 12:00 AM",CUDDALORE,32,2024-12-31T00:00:00,5.36,4.649809,324,303,320,315,5.858181,2024-01-01T00:00:00,30.63886666666666,Alagappasamudram,"{""geodesic"":false,""type"":""Point"",""coordinates"":[79.53876663380329,11.766537833275347]}"
1993_0,0.5,0.14216316,1.11,0.34,10.31,0.16039474,154,4.36,159,0.3203263,0.33,65.5,0.16448422,8.3,0.31745788,0.2413,-0.6806649079053801,0.71,270.0,331,359,"7/3/24, 12:00 AM",CUDDALORE,27,2024-12-31T00:00:00,5.61,4.649809,357,336,312,306,1.8941371,2024-01-01T00:00:00,30.685612903225806,Alagappasamudram,"{""geodesic"":false,""type"":""Point"",""coordinates"":[79.54227006341137,11.77084974663912]}"
1994_0,0.5,0.078805,0.75,0.17,11.06,0.10535,144,5.01,149,0.264395,0.33,52.5,0.128005,4.1,0.28153,0.193965,-2.268835601252091,0.85,-0.0,355,382,"6/25/24, 12:00 AM",CUDDALORE,29,2024-12-31T00:00:00,5.39,4.649809,324,303,320,315,4.6273675,2024-01-01T00:00:00,30.685612903225806,Alagappasamudram,"{""geodesic"":false,""type"":""Point"",""coordinates"":[79.53876663380329,11.766807327860583]}"
1995_0,0.5,0.078805,1.06,0.37,10.41,0.10535,231,4.25,176,0.264395,0.33,57.5,0.128005,8.3,0.28153,0.193965,-2.268835601252091,0.95,-0.0,355,382,"7/3/24, 12:00 AM",CUDDALORE,29,2024-12-31T00:00:00,5.71,4.649809,324,303,320,315,4.6273675,2024-01-01T00:00:00,30.685612903225806,Alagappasamudram,"{""geodesic"":false,""type"":""Point"",""coordinates"":[79.53876663380329,11.766807327860583]}"
1996_0,0.5,0.08827619,0.51,0.31,9.87,0.11186191,163,4.65,128,0.28618094,0.39,17.5,0.1099,4.1,0.25655714,0.17228572,-1.35256097375947,0.61,180.0,310,325,"7/10/24, 12:00 AM",CUDDALORE,45,2024-12-31T00:00:00,7.32,4.1939864,406,394,284,281,1.8543341,2024-01-01T00:00:00,30.671696969696967,Veerapperumanallur,"{""geodesic"":false,""type"":""Point"",""coordinates"":[79.44094009936268,11.771388735809593]}"
1997_0,0.5,0.08950526,0.64,0.35,11.36,0.116678946,163,5.96,121,0.2869579,0.24,10.6,0.121473685,4.1,0.28181052,0.20028421,2.161262785890524,0.71,45.609932,320,350,"7/24/24, 12:00 AM",CUDDALORE,36,2024-12-31T00:00:00,7.53,4.498694,391,369,289,281,1.3256228,2024-01-01T00:00:00,30.51005882352941,Veerapperumanallur,"{""geodesic"":false,""type"":""Point"",""coordinates"":[79.46276916076678,11.781629530048555]}"
1998_0,0.5,0.09035714,0.72,0.27,10.91,0.11699048,183,5.34,114,0.31240952,0.27,20,0.12588571,8.3,0.30302382,0.19347143,0.5927113322046862,0.86,45.608776,324,353,"7/10/24, 12:00 AM",CUDDALORE,37,2024-12-31T00:00:00,7.34,4.498694,390,365,286,282,1.3255954,2024-01-01T00:00:00,30.550571428571434,Veerapperumanallur,"{""geodesic"":false,""type"":""Point"",""coordinates"":[79.45576230155065,11.770580252053886]}"
1999_0,0.5,0.1377762,0.65,0.28,11.36,0.16268095,212,5.38,121,0.36224762,0.3,22.5,0.17163333,4.1,0.3369524,0.22584286,-1.7792810356166762,0.72,270.0,324,353,"7/24/24, 12:00 AM",CUDDALORE,39,2024-12-31T00:00:00,7.43,4.498694,390,365,286,282,2.839919,2024-01-01T00:00:00,30.550571428571434,Veerapperumanallur,"{""geodesic"":false,""type"":""Point"",""coordinates"":[79.45630129072113,11.771388735809593]}"
2000_0,0.5,0.13704762,0.76,0.32,11.35,0.1713857,193,5.3,128,0.3728,0.3,20,0.20038095,8.3,0.37937143,0.26700953,-1.0167305370907063,0.86,134.39108,321,342,"7/24/24, 12:00 AM",CUDDALORE,42,2024-12-31T00:00:00,7.38,4.498694,394,376,284,282,3.9711351,2024-01-01T00:00:00,30.550571428571434,Veerapperumanallur,"{""geodesic"":false,""type"":""Point"",""coordinates"":[79.45576230155065,11.771927724980065]}"
2001_0,0.5,0.13577619,0.59,0.27,10.98,0.16884285,212,5.36,121,0.35081905,0.3,15,0.19970952,8.3,0.38805714,0.28133333,-1.35256097375947,0.64,180.0,321,342,"7/24/24, 12:00 AM",CUDDALORE,40,2024-12-31T00:00:00,7.36,4.498694,394,376,284,282,1.8543341,2024-01-01T00:00:00,30.550571428571434,Veerapperumanallur,"{""geodesic"":false,""type"":""Point"",""coordinates"":[79.45495381779494,11.771658230394829]}"
2002_0,0.5,0.14016667,0.52,0.25,10.91,0.17367142,163,5.12,131,0.36261904,0.33,17,0.19976667,4.1,0.3763,0.26734287,-2.506020363115306,0.58,198.80344,321,342,"7/24/24, 12:00 AM",CUDDALORE,42,2024-12-31T00:00:00,7.39,4.498694,394,376,284,282,5.8581924,2024-01-01T00:00:00,30.550571428571434,Veerapperumanallur,"{""geodesic"":false,""type"":""Point"",""coordinates"":[79.45495381779494,11.771927724980065]}"
2003_0,0.5,0.15963809,0.6,0.33,11.12,0.18342857,144,5.21,128,0.33170477,0.3,20,0.20565239,8.2,0.34899524,0.2746238,-0.6112419697155616,0.63,45.608517,308,324,"7/16/24, 12:00 AM",CUDDALORE,42,2024-12-31T00:00:00,7.53,4.1939864,411,397,282,279,2.649761,2024-01-01T00:00:00,30.671696969696967,Veerapperumanallur,"{""geodesic"":false,""type"":""Point"",""coordinates"":[79.44174858311838,11.768154800786762]}"
2004_0,0.5,0.10377895,0.5,0.21,8.58,0.1299,221,4.08,138,0.3361579,0.3,10.13,0.13626842,4.1,0.3006263,0.2105,-1.8129656677623995,0.65,161.19511,311,327,"7/16/24, 12:00 AM",CUDDALORE,40,2024-12-31T00:00:00,8.15,4.498694,407,389,282,285,2.9367967,2024-01-01T00:00:00,30.54624242424242,Natham,"{""geodesic"":false,""type"":""Point"",""coordinates"":[79.48136428714805,11.794834764725111]}"
2005_0,0.5,0.10377895,0.58,0.24,8.78,0.1299,202,4.13,121,0.3361579,0.33,25,0.13626842,4.1,0.3006263,0.2105,-1.8129656677623995,0.6,161.19511,311,327,"7/16/24, 12:00 AM",CUDDALORE,40,2024-12-31T00:00:00,7.85,4.498694,407,389,282,285,2.9367967,2024-01-01T00:00:00,30.54624242424242,Natham,"{""geodesic"":false,""type"":""Point"",""coordinates"":[79.48136428714805,11.794834764725111]}"
2006_0,0.5,0.1015,0.4,0.16,7.65,0.13483684,154,3.81,131,0.30732632,0.24,25,0.15776843,8.3,0.31616315,0.23550525,-1.0168496698281286,0.48,225.61124,311,327,"7/16/24, 12:00 AM",CUDDALORE,39,2024-12-31T00:00:00,8.13,4.498694,407,389,282,285,1.3256536,2024-01-01T00:00:00,30.54624242424242,Natham,"{""geodesic"":false,""type"":""Point"",""coordinates"":[79.4816337817333,11.794295775554641]}"
2007_0,0.5,0.12796316,0.58,0.25,6.94,0.15776315,192,3.98,138,0.34321052,0.3,25,0.17703158,8.3,0.33476317,0.24600527,-1.468553561931357,0.6,207.05722,311,327,"7/5/24, 12:00 AM",CUDDALORE,38,2024-12-31T00:00:00,7.65,4.498694,407,389,282,285,2.0820389,2024-01-01T00:00:00,30.54624242424242,Natham,"{""geodesic"":false,""type"":""Point"",""coordinates"":[79.48136428714805,11.794565270139877]}"
2008_0,0.5,0.13173333,0.6,0.22,7.01,0.15151112,163,3.96,128,0.26166666,0.33,22.5,0.16556667,4.1,0.26973334,0.21855,-1.3739550863950818,0.65,90.0,310,328,"7/5/24, 12:00 AM",CUDDALORE,39,2024-12-31T00:00:00,7.65,4.498694,411,391,279,281,1.894273,2024-01-01T00:00:00,30.50969696969697,Natham,"{""geodesic"":false,""type"":""Point"",""coordinates"":[79.47705237378429,11.790522851361338]}"
2009_0,0.5,0.095310524,1.01,0.18,11.01,0.11940526,202,5.36,128,0.29413158,0.36,22.5,0.13151053,4.1,0.27015263,0.18905263,-1.352630395026436,1.01,-0.0,314,337,"7/12/24, 12:00 AM",CUDDALORE,39,2024-12-31T00:00:00,8.09,4.498694,407,382,280,281,1.8543341,2024-01-01T00:00:00,30.55163636363636,Natham,"{""geodesic"":false,""type"":""Point"",""coordinates"":[79.47678287919905,11.79106184053181]}"
2010_0,0.5,0.07153889,0.56,0.36,11.26,0.102294445,163,4.71,128,0.28767222,0.3,20,0.10763889,4.1,0.2845889,0.20175555,4.144773443240217,0.75,90.0,316,332,"7/12/24, 12:00 AM",CUDDALORE,40,2024-12-31T00:00:00,7.91,4.498694,403,382,281,286,2.8401341,2024-01-01T00:00:00,30.597312500000005,Natham,"{""geodesic"":false,""type"":""Point"",""coordinates"":[79.47516591168764,11.792139818872753]}"
2011_0,0.5,0.07024737,0.58,0.24,6.15,0.09882105,183,6.24,152,0.25315264,0.33,25,0.102863155,4.1,0.23277895,0.16137895,4.961054974475062,0.63,270.0,310,336,"7/5/24, 12:00 AM",CUDDALORE,37,2024-12-31T00:00:00,8.08,4.498694,412,385,279,279,1.8942808,2024-01-01T00:00:00,30.55163636363636,Natham,"{""geodesic"":false,""type"":""Point"",""coordinates"":[79.47327944959099,11.791600829702283]}"
2012_0,0.5,0.07024737,0.6,0.2,7.36,0.09882105,183,3.81,135,0.25315264,0.33,15,0.102863155,4.1,0.23277895,0.16137895,4.961054974475062,0.65,270.0,310,336,"7/5/24, 12:00 AM",CUDDALORE,37,2024-12-31T00:00:00,7.79,4.498694,412,385,279,279,1.8942808,2024-01-01T00:00:00,30.55163636363636,Natham,"{""geodesic"":false,""type"":""Point"",""coordinates"":[79.47327944959099,11.791600829702283]}"
2013_0,0.5,0.073694736,0.6,0.26,7.41,0.09629474,212,3.65,145,0.27556843,0.3,25,0.106294736,8.3,0.2505737,0.18273684,-1.4813357280662283,0.65,116.079414,310,336,"7/5/24, 12:00 AM",CUDDALORE,36,2024-12-31T00:00:00,8.06,4.498694,412,385,279,279,2.10882,2024-01-01T00:00:00,30.55163636363636,Natham,"{""geodesic"":false,""type"":""Point"",""coordinates"":[79.47274046042051,11.79106184053181]}"
2014_0,0.5,0.073694736,0.59,0.21,6.73,0.09629474,231,3.64,128,0.27556843,0.3,25,0.106294736,4.1,0.2505737,0.18273684,-1.4813357280662283,0.65,116.079414,310,336,"7/5/24, 12:00 AM",CUDDALORE,36,2024-12-31T00:00:00,7.82,4.498694,412,385,279,279,2.10882,2024-01-01T00:00:00,30.55163636363636,Natham,"{""geodesic"":false,""type"":""Point"",""coordinates"":[79.47274046042051,11.79106184053181]}"
2015_0,0.5,0.079890475,0.92,0.28,10.36,0.112161905,240,4.91,114,0.33824286,0.36,45,0.11629048,8.2,0.30482382,0.21440476,2.1247583533108405,1.01,-0.0,297,316,"7/12/24, 12:00 AM",CUDDALORE,41,2024-12-31T00:00:00,7.78,4.498694,413,390,291,294,0.0,2024-01-01T00:00:00,30.613806451612913,Natham,"{""geodesic"":false,""type"":""Point"",""coordinates"":[79.46762006330103,11.794834764725111]}"
2016_0,0.5,0.10773809,0.48,0.18,8.98,0.14294286,192,3.95,114,0.32485238,0.33,25,0.1538857,4.1,0.33174285,0.24954286,-0.6594954526895098,0.55,180.0,297,316,"7/8/24, 12:00 AM",CUDDALORE,39,2024-12-31T00:00:00,8.18,4.498694,413,390,291,294,1.8543341,2024-01-01T00:00:00,30.613806451612913,Natham,"{""geodesic"":false,""type"":""Point"",""coordinates"":[79.46869804164197,11.793756786384169]}"
2017_0,0.5,0.13161905,0.56,0.25,8.91,0.15498096,173,4.11,104,0.34667143,0.3,17.5,0.15772857,4.1,0.36122382,0.24753809,-2.276717865635289,0.61,142.54158,304,330,"7/8/24, 12:00 AM",CUDDALORE,42,2024-12-31T00:00:00,8.06,4.498694,412,384,285,285,4.6633806,2024-01-01T00:00:00,30.613806451612913,Natham,"{""geodesic"":false,""type"":""Point"",""coordinates"":[79.46573360120438,11.794026280969405]}"
2018_0,0.5,0.12155909,0.53,0.24,9.05,0.14635,192,4.11,100,0.3104909,0.24,28.13,0.15490909,4.1,0.29174545,0.21261364,-0.6594977172029126,0.55,180.0,304,330,"7/8/24, 12:00 AM",CUDDALORE,38,2024-12-31T00:00:00,8.06,4.498694,412,384,285,285,0.92740995,2024-01-01T00:00:00,30.613806451612913,Natham,"{""geodesic"":false,""type"":""Point"",""coordinates"":[79.46546410661914,11.795373753895584]}"
2019_0,0.5,0.074827775,0.51,0.26,8.92,0.10197222,154,4.09,93,0.25407222,0.3,10.63,0.11522222,4.1,0.27374443,0.18435556,0.033672604649532686,0.5,180.0,318,340,"7/11/24, 12:00 AM",CUDDALORE,36,2024-12-31T00:00:00,7.77,4.498694,391,369,291,291,0.92740995,2024-01-01T00:00:00,30.55163636363636,Natham,"{""geodesic"":false,""type"":""Point"",""coordinates"":[79.4757049008581,11.788366894679452]}"
2020_0,0.5,0.11107368,0.88,0.33,10.25,0.1366421,202,5.41,124,0.29240525,0.36,66,0.15476316,4.1,0.3048158,0.24451579,-0.32353980208233635,0.96,225.60811,312,344,"7/15/24, 12:00 AM",CUDDALORE,29,2024-12-31T00:00:00,5.45,4.649809,379,351,309,305,1.3255796,2024-01-01T00:00:00,30.641548387096783,Anguchettipalayam,"{""geodesic"":false,""type"":""Point"",""coordinates"":[79.5215189803482,11.764112382008225]}"
2021_0,0.5,0.11107368,0.91,0.33,11.35,0.1366421,183,4.82,142,0.29240525,0.36,66,0.15476316,4.1,0.3048158,0.24451579,-0.32353980208233635,0.75,225.60811,312,344,"7/15/24, 12:00 AM",CUDDALORE,29,2024-12-31T00:00:00,5.45,4.649809,379,351,309,305,1.3255796,2024-01-01T00:00:00,30.641548387096783,Anguchettipalayam,"{""geodesic"":false,""type"":""Point"",""coordinates"":[79.5215189803482,11.764112382008225]}"
2022_0,0.5,0.11107368,0.76,0.27,9.72,0.1366421,144,4.21,145,0.29240525,0.3,50,0.15476316,4.1,0.3048158,0.24451579,-0.32353980208233635,0.81,225.60811,312,344,"7/15/24, 12:00 AM",CUDDALORE,29,2024-12-31T00:00:00,5.38,4.649809,379,351,309,305,1.3255796,2024-01-01T00:00:00,30.641548387096783,Anguchettipalayam,"{""geodesic"":false,""type"":""Point"",""coordinates"":[79.5215189803482,11.764112382008225]}"
2023_0,0.5,0.101465,0.68,0.36,10.21,0.13722,183,5.01,142,0.34353,0.36,50,0.15293,4.1,0.3535,0.268395,-0.57038835183851,0.73,56.86941,341,371,"7/2/24, 12:00 AM",CUDDALORE,24,2024-12-31T00:00:00,5.31,4.649809,336,313,323,317,3.3900278,2024-01-01T00:00:00,30.69386666666667,Anguchettipalayam,"{""geodesic"":false,""type"":""Point"",""coordinates"":[79.53499370960999,11.768693789957235]}"
2024_0,0.5,0.08077222,0.75,0.21,9.28,0.10208333,221,4.28,118,0.25739443,0.27,60,0.105288886,8.2,0.22782777,0.17172222,-2.115295233408354,0.8,225.60802,329,357,"7/12/24, 12:00 AM",CUDDALORE,29,2024-12-31T00:00:00,5.28,4.649809,338,316,333,327,3.971072,2024-01-01T00:00:00,30.617333333333328,Anguchettipalayam,"{""geodesic"":false,""type"":""Point"",""coordinates"":[79.5492769226275,11.763303898252516]}"
2025_0,0.5,0.17688572,0.65,0.28,9.63,0.18670475,163,4.21,138,0.29895714,0.24,57,0.18505715,4.1,0.31259048,0.25494763,-1.016769615589088,0.7,134.39032,340,365,"7/12/24, 12:00 AM",CUDDALORE,32,2024-12-31T00:00:00,5.42,4.649809,354,333,306,302,2.6498156,2024-01-01T00:00:00,30.736620689655176,Anguchettipalayam,"{""geodesic"":false,""type"":""Point"",""coordinates"":[79.54092259048518,11.779204078781433]}"
2026_0,0.5,0.17688572,0.65,0.29,9.81,0.18670475,173,4.31,121,0.29895714,0.27,55,0.18505715,4.1,0.31259048,0.25494763,-1.016769615589088,0.75,134.39032,340,365,"7/2/24, 12:00 AM",CUDDALORE,32,2024-12-31T00:00:00,5.71,4.649809,354,333,306,302,2.6498156,2024-01-01T00:00:00,30.736620689655176,Anguchettipalayam,"{""geodesic"":false,""type"":""Point"",""coordinates"":[79.54092259048518,11.779204078781433]}"
2027_0,0.5,0.14044091,0.54,0.35,9.76,0.15391818,202,4.39,138,0.2497,0.33,55,0.16931364,4.1,0.31785908,0.26332727,-1.0167643874905454,0.65,225.60962,335,363,"7/2/24, 12:00 AM",CUDDALORE,35,2024-12-31T00:00:00,5.65,4.649809,360,337,305,300,1.3256153,2024-01-01T00:00:00,30.736620689655176,Anguchettipalayam,"{""geodesic"":false,""type"":""Point"",""coordinates"":[79.53957511755901,11.77866508961096]}"
2028_0,0.5,0.14044091,0.65,0.27,10.11,0.15391818,202,5.21,128,0.2497,0.3,60,0.16931364,8.3,0.31785908,0.26332727,-1.0167643874905454,0.91,225.60962,335,363,"7/2/24, 12:00 AM",CUDDALORE,35,2024-12-31T00:00:00,5.4,4.649809,360,337,305,300,1.3256153,2024-01-01T00:00:00,30.736620689655176,Anguchettipalayam,"{""geodesic"":false,""type"":""Point"",""coordinates"":[79.53957511755901,11.77866508961096]}"
2029_0,0.5,0.14410476,0.6,0.33,9.81,0.16329047,221,4.21,138,0.31258094,0.36,55,0.17168571,8.2,0.32660475,0.26550952,-0.7753240089007303,0.63,332.94446,303,334,"7/12/24, 12:00 AM",CUDDALORE,32,2024-12-31T00:00:00,5.28,4.649809,381,355,317,311,4.158532,2024-01-01T00:00:00,30.608645161290315,Anguchettipalayam,"{""geodesic"":false,""type"":""Point"",""coordinates"":[79.51181717527972,11.774622670832423]}"
2030_0,0.5,0.14410476,0.68,0.3,9.76,0.16329047,183,4.63,131,0.31258094,0.27,72,0.17168571,4.1,0.32660475,0.26550952,-0.7753240089007303,0.7,332.94446,303,334,"7/12/24, 12:00 AM",CUDDALORE,32,2024-12-31T00:00:00,5.16,4.649809,381,355,317,311,4.158532,2024-01-01T00:00:00,30.608645161290315,Anguchettipalayam,"{""geodesic"":false,""type"":""Point"",""coordinates"":[79.51181717527972,11.774622670832423]}"
2031_0,0.5,0.0572,0.83,0.14,10.23,0.07217273,173,4.83,138,0.30652273,0.36,34.38,0.055204544,4.1,0.17570908,0.09043636,0.9506058720157603,0.8,180.0,312,334,"6/25/24, 12:00 AM",CUDDALORE,64,2024-12-31T00:00:00,4.97,4.2107716,381,363,307,304,0.92740995,2024-01-01T00:00:00,30.43897142857143,Anguchettipalayam,"{""geodesic"":false,""type"":""Point"",""coordinates"":[79.48998811387561,11.606727544230484]}"
2034_0,0.5,0.18047619,0.48,0.13,10.37,0.20543334,135,3.87,121,0.3765381,0.3,10.63,0.21869047,4.1,0.364,0.27041906,2.8090692517568585,0.39,63.921227,298,316,"6/25/24, 12:00 AM",CUDDALORE,42,2024-12-31T00:00:00,8.13,4.498694,407,387,294,297,2.1088681,2024-01-01T00:00:00,30.554374999999997,Sirugramam,"{""geodesic"":false,""type"":""Point"",""coordinates"":[79.46034370949967,11.79887718350365]}"
2035_0,0.5,0.19956666,0.51,0.19,10.26,0.22703333,154,4.53,173,0.41461906,0.27,22.5,0.25158095,4.1,0.38323334,0.28300476,3.630944584047096,0.55,-0.0,298,316,"6/25/24, 12:00 AM",CUDDALORE,43,2024-12-31T00:00:00,7.61,4.498694,407,387,294,297,0.92740995,2024-01-01T00:00:00,30.554374999999997,Sirugramam,"{""geodesic"":false,""type"":""Point"",""coordinates"":[79.46007421491443,11.79887718350365]}"
2036_0,0.5,0.19956666,0.58,0.13,10.3,0.22703333,117,4.21,187,0.41461906,0.24,15,0.25158095,4.1,0.38323334,0.28300476,3.630944584047096,0.49,-0.0,298,316,"6/25/24, 12:00 AM",CUDDALORE,43,2024-12-31T00:00:00,7.96,4.498694,407,387,294,297,0.92740995,2024-01-01T00:00:00,30.554374999999997,Sirugramam,"{""geodesic"":false,""type"":""Point"",""coordinates"":[79.46007421491443,11.79887718350365]}"
2037_0,0.5,0.19735238,0.63,0.24,10.18,0.22199048,163,4.89,142,0.4017857,0.33,17.5,0.24598095,4.1,0.37422857,0.2739857,2.510976225509532,0.48,270.0,298,316,"6/25/24, 12:00 AM",CUDDALORE,41,2024-12-31T00:00:00,7.55,4.498694,407,387,294,297,2.840206,2024-01-01T00:00:00,30.554374999999997,Sirugramam,"{""geodesic"":false,""type"":""Point"",""coordinates"":[79.45980472032919,11.799146678088887]}"
2038_0,0.5,0.19479047,0.54,0.25,9.18,0.21482381,125,4.26,145,0.3993381,0.3,17,0.2182381,8.2,0.3448762,0.24284762,2.9240040773684473,0.6,-0.0,298,316,"7/5/24, 12:00 AM",CUDDALORE,40,2024-12-31T00:00:00,7.33,4.498694,407,387,294,297,1.8543341,2024-01-01T00:00:00,30.554374999999997,Sirugramam,"{""geodesic"":false,""type"":""Point"",""coordinates"":[79.45926573115872,11.79887718350365]}"
2039_0,0.5,0.093514286,0.52,0.28,9.67,0.118857145,125,4.58,159,0.2843857,0.33,17,0.11571429,8.2,0.26249525,0.16997142,0.7748681575159584,0.56,314.388,311,335,"7/5/24, 12:00 AM",CUDDALORE,40,2024-12-31T00:00:00,7.71,4.209525,400,377,289,288,1.3256714,2024-01-01T00:00:00,30.562000000000005,Sirugramam,"{""geodesic"":false,""type"":""Point"",""coordinates"":[79.44147908853316,11.801302634770773]}"
2040_0,0.5,0.093585715,0.42,0.28,8.65,0.11817143,117,4.82,80,0.25672856,0.3,11,0.123333335,4.1,0.26058096,0.17200476,0.8239109038191635,0.45,145.7426,315,340,"7/5/24, 12:00 AM",CUDDALORE,43,2024-12-31T00:00:00,7.53,4.209525,400,375,285,285,3.3626375,2024-01-01T00:00:00,30.562000000000005,Sirugramam,"{""geodesic"":false,""type"":""Point"",""coordinates"":[79.44147908853316,11.802111118526481]}"
2041_0,0.5,0.06771905,0.54,0.16,8.96,0.09382381,144,4.76,121,0.28308097,0.33,10.6,0.08577619,8.3,0.23598571,0.16310953,1.2911718807219699,0.68,243.92152,315,340,"6/24/24, 12:00 AM",CUDDALORE,44,2024-12-31T00:00:00,7.97,4.209525,400,375,285,285,2.1088905,2024-01-01T00:00:00,30.562000000000005,Sirugramam,"{""geodesic"":false,""type"":""Point"",""coordinates"":[79.44201807770362,11.802380613111715]}"
2042_0,0.5,0.06771905,0.63,0.28,9.01,0.09382381,94,4.26,142,0.28308097,0.36,10.6,0.08577619,8.3,0.23598571,0.16310953,1.2911718807219699,0.71,243.92152,315,340,"6/24/24, 12:00 AM",CUDDALORE,44,2024-12-31T00:00:00,7.69,4.209525,400,375,285,285,2.1088905,2024-01-01T00:00:00,30.562000000000005,Sirugramam,"{""geodesic"":false,""type"":""Point"",""coordinates"":[79.44201807770362,11.802380613111715]}"
2043_0,0.5,0.06771905,0.36,0.34,9.42,0.09382381,117,4.15,143,0.28308097,0.36,15,0.08577619,8.3,0.23598571,0.16310953,1.2911718807219699,0.38,243.92152,315,340,"6/24/24, 12:00 AM",CUDDALORE,44,2024-12-31T00:00:00,7.4,4.209525,400,375,285,285,2.1088905,2024-01-01T00:00:00,30.562000000000005,Sirugramam,"{""geodesic"":false,""type"":""Point"",""coordinates"":[79.44201807770362,11.802380613111715]}"
2044_0,0.5,0.09531,0.65,0.15,9.75,0.117095,55,4.26,142,0.34323,0.33,25,0.105845,4.1,0.241825,0.1479,-1.016071863897978,0.92,45.596283,298,325,"6/21/24, 12:00 AM",CUDDALORE,102,2024-12-31T00:00:00,5.24,4.2817693,368,345,334,330,1.3253005,2024-01-01T00:00:00,30.490647058823523,Kattugudalur,"{""geodesic"":false,""type"":""Point"",""coordinates"":[79.45522331238018,11.650116172453457]}"
2045_0,0.5,0.08209,0.58,0.15,9.27,0.10467,70,5.21,135,0.35691,0.36,45,0.090795,8.2,0.237945,0.148765,-1.016072313802729,0.57,45.596313,298,325,"7/8/24, 12:00 AM",CUDDALORE,101,2024-12-31T00:00:00,5.34,4.2817693,368,345,334,330,1.325301,2024-01-01T00:00:00,30.490647058823523,Kattugudalur,"{""geodesic"":false,""type"":""Point"",""coordinates"":[79.45549280696542,11.650385667038693]}"
2046_0,0.5,0.08229048,1.21,0.23,10.31,0.10907619,178,5.26,156,0.33830476,0.39,38,0.0999,4.1,0.2622238,0.16867618,3.5115831607427106,1.06,-0.0,303,330,"6/21/24, 12:00 AM",CUDDALORE,85,2024-12-31T00:00:00,7.9,4.3667583,368,344,329,326,0.0,2024-01-01T00:00:00,30.497999999999998,Sorathur,"{""geodesic"":false,""type"":""Point"",""coordinates"":[79.5080442510864,11.645804259089683]}"
2047_0,0.5,0.07787272,0.91,0.2,9.41,0.10588636,163,5.31,142,0.3341409,0.33,46,0.101731814,4.1,0.25805455,0.16199091,-0.09410105745247821,0.82,63.908684,303,330,"6/21/24, 12:00 AM",CUDDALORE,85,2024-12-31T00:00:00,7.71,4.3667583,368,344,329,326,2.1079261,2024-01-01T00:00:00,30.497999999999998,Sorathur,"{""geodesic"":false,""type"":""Point"",""coordinates"":[79.50831374567164,11.645804259089683]}"
2048_0,0.5,0.07787272,0.63,0.17,10.21,0.10588636,163,5.06,152,0.3341409,0.33,42,0.101731814,4.1,0.25805455,0.16199091,-0.09410105745247821,0.81,63.908684,303,330,"6/21/24, 12:00 AM",CUDDALORE,85,2024-12-31T00:00:00,7.9,4.3667583,368,344,329,326,2.1079261,2024-01-01T00:00:00,30.497999999999998,Sorathur,"{""geodesic"":false,""type"":""Point"",""coordinates"":[79.50831374567164,11.645804259089683]}"
2049_0,0.5,0.0766,0.56,0.13,9.36,0.104863636,202,4.26,156,0.32730454,0.36,34.3,0.10483182,4.1,0.2460091,0.15630455,-0.5696397862468314,0.61,56.857765,303,330,"6/25/24, 12:00 AM",CUDDALORE,83,2024-12-31T00:00:00,8.22,4.3667583,368,344,329,326,3.388975,2024-01-01T00:00:00,30.497999999999998,Sorathur,"{""geodesic"":false,""type"":""Point"",""coordinates"":[79.50858324025688,11.645804259089683]}"
2050_0,0.5,0.07787272,0.65,0.19,7.36,0.10588636,117,3.56,145,0.3341409,0.33,37.5,0.101731814,4.1,0.25805455,0.16199091,-0.09410105745247821,0.68,63.908684,303,330,"6/25/24, 12:00 AM",CUDDALORE,85,2024-12-31T00:00:00,7.94,4.3667583,368,344,329,326,2.1079261,2024-01-01T00:00:00,30.497999999999998,Sorathur,"{""geodesic"":false,""type"":""Point"",""coordinates"":[79.50831374567164,11.645804259089683]}"
2051_0,0.5,0.084972724,0.73,0.28,7.98,0.11335909,173,7.45,152,0.31302273,0.33,57.5,0.1285,4.1,0.27012727,0.18403181,-0.4260848254464054,0.78,18.795452,303,330,"6/25/24, 12:00 AM",CUDDALORE,84,2024-12-31T00:00:00,7.71,4.3667583,368,344,329,326,2.9366324,2024-01-01T00:00:00,30.497999999999998,Sorathur,"{""geodesic"":false,""type"":""Point"",""coordinates"":[79.50858324025688,11.645534764504447]}"
2052_0,0.5,0.084972724,0.5,0.33,8.76,0.11335909,144,4.12,145,0.31302273,0.3,52,0.1285,4.1,0.27012727,0.18403181,-0.4260848254464054,0.53,18.795452,303,330,"7/8/24, 12:00 AM",CUDDALORE,84,2024-12-31T00:00:00,7.63,4.3667583,368,344,329,326,2.9366324,2024-01-01T00:00:00,30.497999999999998,Sorathur,"{""geodesic"":false,""type"":""Point"",""coordinates"":[79.50858324025688,11.645534764504447]}"
2053_0,0.5,0.06323784,0.4,0.2,7.93,0.08552973,125,4.16,149,0.28986216,0.39,50,0.08440541,4.1,0.23223783,0.15505676,-0.7751531097117336,0.49,332.94775,327,353,"7/8/24, 12:00 AM",CUDDALORE,47,2024-12-31T00:00:00,7.76,4.206149,395,368,278,279,2.0819468,2024-01-01T00:00:00,30.5075,Sorathur,"{""geodesic"":false,""type"":""Point"",""coordinates"":[79.49753396226221,11.735545955973224]}"
2054_0,0.5,0.0669,0.55,0.32,10.51,0.09451081,202,4.65,138,0.3397189,0.3,55,0.10235406,4.1,0.25515947,0.16197838,-0.7751533389476989,0.63,332.94772,327,353,"6/27/24, 12:00 AM",CUDDALORE,45,2024-12-31T00:00:00,7.65,4.206149,395,368,278,279,2.0819473,2024-01-01T00:00:00,30.5075,Semmedu,"{""geodesic"":false,""type"":""Point"",""coordinates"":[79.49753396226221,11.73581545055846]}"
2055_0,0.5,0.0669,0.64,0.33,10.39,0.09451081,183,3.09,142,0.3397189,0.33,41.6,0.10235406,4.1,0.25515947,0.16197838,-0.7751533389476989,0.71,332.94772,327,353,"6/27/24, 12:00 AM",CUDDALORE,45,2024-12-31T00:00:00,7.61,4.206149,395,368,278,279,2.0819473,2024-01-01T00:00:00,30.5075,Semmedu,"{""geodesic"":false,""type"":""Point"",""coordinates"":[79.49753396226221,11.73581545055846]}"
2056_0,0.5,0.08725897,0.55,0.39,10.34,0.11406667,163,4.63,163,0.3445923,0.33,55,0.12424616,4.1,0.27968976,0.18541795,0.033862832479636895,0.61,-0.0,336,365,"6/27/24, 12:00 AM",CUDDALORE,45,2024-12-31T00:00:00,7.56,4.206149,388,360,276,275,0.92740995,2024-01-01T00:00:00,30.5075,Semmedu,"{""geodesic"":false,""type"":""Point"",""coordinates"":[79.49726446767697,11.73581545055846]}"
2057_0,0.5,0.025947368,0.62,0.64,10.15,0.043815788,117,5.02,149,0.35852632,0.36,41.6,0.024,4.1,0.1459,0.07283158,-1.0167052045488907,0.65,225.60846,317,349,"7/16/24, 12:00 AM",CUDDALORE,28,2024-12-31T00:00:00,7.58,4.649809,375,348,308,303,1.3255879,2024-01-01T00:00:00,30.701290322580647,Siruvathur,"{""geodesic"":false,""type"":""Point"",""coordinates"":[79.5236749370301,11.76761581161629]}"
2058_0,0.5,0.025947368,0.85,0.38,11.25,0.043815788,102,5.96,145,0.35852632,0.36,31.2,0.024,4.1,0.1459,0.07283158,-1.0167052045488907,0.96,225.60846,317,349,"7/16/24, 12:00 AM",CUDDALORE,28,2024-12-31T00:00:00,8.03,4.649809,375,348,308,303,1.3255879,2024-01-01T00:00:00,30.701290322580647,Siruvathur,"{""geodesic"":false,""type"":""Point"",""coordinates"":[79.5236749370301,11.76761581161629]}"
2059_0,0.5,0.025947368,0.7,0.33,11.12,0.043815788,70,4.65,173,0.35852632,0.27,25,0.024,4.1,0.1459,0.07283158,-1.0167052045488907,0.72,225.60846,317,349,"7/12/24, 12:00 AM",CUDDALORE,28,2024-12-31T00:00:00,7.68,4.649809,375,348,308,303,1.3255879,2024-01-01T00:00:00,30.701290322580647,Siruvathur,"{""geodesic"":false,""type"":""Point"",""coordinates"":[79.5236749370301,11.76761581161629]}"
2060_0,0.5,0.025947368,0.6,0.56,8.73,0.043815788,135,4.83,152,0.35852632,0.27,23,0.024,4.1,0.1459,0.07283158,-1.0167052045488907,0.55,225.60846,317,349,"7/16/24, 12:00 AM",CUDDALORE,28,2024-12-31T00:00:00,8.03,4.649809,375,348,308,303,1.3255879,2024-01-01T00:00:00,30.701290322580647,Siruvathur,"{""geodesic"":false,""type"":""Point"",""coordinates"":[79.5236749370301,11.76761581161629]}"
2061_0,0.5,0.025947368,0.76,0.63,10.21,0.043815788,78,5.21,159,0.35852632,0.33,37.5,0.024,4.1,0.1459,0.07283158,-1.0167052045488907,0.85,225.60846,317,349,"7/16/24, 12:00 AM",CUDDALORE,28,2024-12-31T00:00:00,7.69,4.649809,375,348,308,303,1.3255879,2024-01-01T00:00:00,30.701290322580647,Siruvathur,"{""geodesic"":false,""type"":""Point"",""coordinates"":[79.5236749370301,11.76761581161629]}"
2062_0,0.5,0.025947368,0.78,0.22,9.26,0.043815788,63,4.26,166,0.35852632,0.36,31,0.024,8.3,0.1459,0.07283158,-1.0167052045488907,0.88,225.60846,317,349,"7/16/24, 12:00 AM",CUDDALORE,28,2024-12-31T00:00:00,7.76,4.649809,375,348,308,303,1.3255879,2024-01-01T00:00:00,30.701290322580647,Siruvathur,"{""geodesic"":false,""type"":""Point"",""coordinates"":[79.5236749370301,11.76761581161629]}"
2063_0,0.5,0.025947368,0.58,0.27,9.18,0.043815788,125,4.98,169,0.35852632,0.33,28.13,0.024,4.1,0.1459,0.07283158,-1.0167052045488907,0.56,225.60846,317,349,"7/16/24, 12:00 AM",CUDDALORE,28,2024-12-31T00:00:00,7.93,4.649809,375,348,308,303,1.3255879,2024-01-01T00:00:00,30.701290322580647,Siruvathur,"{""geodesic"":false,""type"":""Point"",""coordinates"":[79.5236749370301,11.76761581161629]}"
2064_0,0.5,0.025947368,0.48,0.62,10.3,0.043815788,163,0.38,166,0.35852632,0.33,31.3,0.024,4.1,0.1459,0.07283158,-1.0167052045488907,0.63,225.60846,317,349,"7/16/24, 12:00 AM",CUDDALORE,28,2024-12-31T00:00:00,7.69,4.649809,375,348,308,303,1.3255879,2024-01-01T00:00:00,30.701290322580647,Siruvathur,"{""geodesic"":false,""type"":""Point"",""coordinates"":[79.5236749370301,11.76761581161629]}"
2065_0,0.5,0.025947368,0.45,0.45,10.56,0.043815788,78,4.72,138,0.35852632,0.33,28.12,0.024,4.1,0.1459,0.07283158,-1.0167052045488907,0.56,225.60846,317,349,"6/24/24, 12:00 AM",CUDDALORE,28,2024-12-31T00:00:00,7.83,4.649809,375,348,308,303,1.3255879,2024-01-01T00:00:00,30.701290322580647,Siruvathur,"{""geodesic"":false,""type"":""Point"",""coordinates"":[79.5236749370301,11.76761581161629]}"
2066_0,0.5,0.025947368,0.48,0.48,11.07,0.043815788,102,5.32,145,0.35852632,0.27,31.2,0.024,4.1,0.1459,0.07283158,-1.0167052045488907,0.61,225.60846,317,349,"6/24/24, 12:00 AM",CUDDALORE,28,2024-12-31T00:00:00,7.8,4.649809,375,348,308,303,1.3255879,2024-01-01T00:00:00,30.701290322580647,Siruvathur,"{""geodesic"":false,""type"":""Point"",""coordinates"":[79.5236749370301,11.76761581161629]}"
2067_0,0.5,0.025947368,0.61,0.59,9.77,0.043815788,86,4.36,138,0.35852632,0.33,37.5,0.024,4.1,0.1459,0.07283158,-1.0167052045488907,0.71,225.60846,317,349,"6/24/24, 12:00 AM",CUDDALORE,28,2024-12-31T00:00:00,7.29,4.649809,375,348,308,303,1.3255879,2024-01-01T00:00:00,30.701290322580647,Siruvathur,"{""geodesic"":false,""type"":""Point"",""coordinates"":[79.5236749370301,11.76761581161629]}"
2068_0,0.5,0.025947368,0.65,0.48,10.78,0.043815788,78,4.73,138,0.35852632,0.27,25,0.024,4.1,0.1459,0.07283158,-1.0167052045488907,0.52,225.60846,317,349,"7/10/24, 12:00 AM",CUDDALORE,28,2024-12-31T00:00:00,7.63,4.649809,375,348,308,303,1.3255879,2024-01-01T00:00:00,30.701290322580647,Siruvathur,"{""geodesic"":false,""type"":""Point"",""coordinates"":[79.5236749370301,11.76761581161629]}"
2069_0,0.5,0.025947368,0.74,0.44,10.3,0.043815788,125,4.29,156,0.35852632,0.27,31.3,0.024,4.1,0.1459,0.07283158,-1.0167052045488907,0.61,225.60846,317,349,"7/10/24, 12:00 AM",CUDDALORE,28,2024-12-31T00:00:00,7.27,4.649809,375,348,308,303,1.3255879,2024-01-01T00:00:00,30.701290322580647,Siruvathur,"{""geodesic"":false,""type"":""Point"",""coordinates"":[79.5236749370301,11.76761581161629]}"
2070_0,0.5,0.025947368,0.62,0.35,10.36,0.043815788,78,4.98,145,0.35852632,0.3,22.5,0.024,8.3,0.1459,0.07283158,-1.0167052045488907,0.75,225.60846,317,349,"6/24/24, 12:00 AM",CUDDALORE,28,2024-12-31T00:00:00,7.25,4.649809,375,348,308,303,1.3255879,2024-01-01T00:00:00,30.701290322580647,Siruvathur,"{""geodesic"":false,""type"":""Point"",""coordinates"":[79.5236749370301,11.76761581161629]}"
2071_0,0.5,0.098076195,0.71,0.19,10.31,0.12902857,86,3.51,83,0.28193334,0.27,22.5,0.1395762,4.1,0.30950478,0.22399047,2.152424311911844,0.96,90.0,329,344,"6/14/24, 12:00 AM",CUDDALORE,34,2024-12-31T00:00:00,7.44,4.498694,386,365,286,291,0.947383,2024-01-01T00:00:00,30.49200000000001,Rayarpalayam,"{""geodesic"":false,""type"":""Point"",""coordinates"":[79.49160508138702,11.787019421753273]}"
2072_0,0.5,0.10134286,0.65,0.29,9.83,0.13175714,154,4.36,124,0.3189476,0.27,55,0.12344286,8.2,0.29593334,0.2098619,0.821198283015991,0.71,243.9212,314,342,"7/19/24, 12:00 AM",CUDDALORE,39,2024-12-31T00:00:00,7.41,4.498694,387,360,299,298,2.1088665,2024-01-01T00:00:00,30.540125000000003,Melarungunam,"{""geodesic"":false,""type"":""Point"",""coordinates"":[79.49403053265415,11.798607688918414]}"
2073_0,0.5,0.11427273,0.45,0.17,8.65,0.14895909,117,4.05,85,0.33300453,0.27,25,0.1750591,4.1,0.34123635,0.24145,-1.4812953732829675,0.59,116.07992,326,341,"7/12/24, 12:00 AM",CUDDALORE,36,2024-12-31T00:00:00,7.83,4.498694,384,364,290,295,2.108782,2024-01-01T00:00:00,30.49200000000001,Melarungunam,"{""geodesic"":false,""type"":""Point"",""coordinates"":[79.49106609221656,11.785132959656622]}"
2074_0,0.5,0.16694736,0.78,0.22,7.65,0.1884,109,8.17,197,0.32007894,0.33,45,0.20096841,4.1,0.31784737,0.24583158,2.8179847460743126,0.75,-0.0,315,353,"7/8/24, 12:00 AM",CUDDALORE,30,2024-12-31T00:00:00,7.81,4.498694,377,349,308,298,0.0,2024-01-01T00:00:00,30.547290322580633,Semakottai,"{""geodesic"":false,""type"":""Point"",""coordinates"":[79.49834244601792,11.772466714150536]}"
2075_0,0.5,0.06838421,0.52,0.09,9.36,0.08596842,109,4.32,104,0.3313737,0.33,20,0.0774579,4.1,0.2187421,0.13112631,-1.9479955237564008,0.6,214.24358,294,312,"6/24/24, 12:00 AM",CUDDALORE,99,2024-12-31T00:00:00,5.72,4.2817693,373,354,333,334,3.3620868,2024-01-01T00:00:00,30.488857142857146,Virasingankuppam,"{""geodesic"":false,""type"":""Point"",""coordinates"":[79.46357764452249,11.659278988351476]}"
2076_0,0.5,0.06838421,0.55,0.1,9.16,0.08596842,102,4.14,104,0.3313737,0.3,20,0.0774579,4.1,0.2187421,0.13112631,-1.9479955237564008,0.65,214.24358,294,312,"6/24/24, 12:00 AM",CUDDALORE,99,2024-12-31T00:00:00,5.76,4.2817693,373,354,333,334,3.3620868,2024-01-01T00:00:00,30.488857142857146,Virasingankuppam,"{""geodesic"":false,""type"":""Point"",""coordinates"":[79.46357764452249,11.659278988351476]}"
2077_0,0.5,0.07686842,0.91,0.08,10.01,0.09399474,94,4.26,111,0.32647896,0.42,23,0.09041579,8.3,0.21863684,0.12869474,-1.7092665779335054,0.63,225.59723,289,308,"6/21/24, 12:00 AM",CUDDALORE,100,2024-12-31T00:00:00,5.63,4.2817693,372,353,339,339,2.6492288,2024-01-01T00:00:00,30.488857142857146,Virasingankuppam,"{""geodesic"":false,""type"":""Point"",""coordinates"":[79.46384713910773,11.659278988351476]}"
2078_0,0.5,0.17777894,0.34,0.33,7.02,0.19536842,212,3.53,173,0.36516315,0.33,17.5,0.19341579,8.3,0.32458946,0.2303579,-1.3737409338410127,0.39,270.0,340,365,"7/11/24, 12:00 AM",CUDDALORE,28,2024-12-31T00:00:00,8.49,4.498694,363,340,297,294,1.8940703,2024-01-01T00:00:00,30.51024242424243,Tiruvamur,"{""geodesic"":false,""type"":""Point"",""coordinates"":[79.48298125465948,11.76114794157063]}"
2079_0,0.5,0.13435262,0.4,0.36,6.98,0.14658947,163,3.46,163,0.3279421,0.33,15,0.13509473,4.1,0.2606158,0.17088947,-2.09597976891299,0.48,103.75284,333,363,"7/11/24, 12:00 AM",CUDDALORE,30,2024-12-31T00:00:00,8.47,4.498694,351,329,317,308,3.8953674,2024-01-01T00:00:00,30.51024242424243,Tiruvamur,"{""geodesic"":false,""type"":""Point"",""coordinates"":[79.48352024382994,11.761686930741101]}"
2080_0,0.5,0.18242632,0.41,0.37,6.75,0.19607368,221,3.56,187,0.349,0.33,17.5,0.18819474,8.3,0.27934736,0.19549474,0.7057025000819689,0.58,90.0,340,365,"7/11/24, 12:00 AM",CUDDALORE,28,2024-12-31T00:00:00,8.52,4.498694,363,340,297,294,0.94729394,2024-01-01T00:00:00,30.51024242424243,Tiruvamur,"{""geodesic"":false,""type"":""Point"",""coordinates"":[79.48271176007424,11.76114794157063]}"
2081_0,0.5,0.1749421,0.39,0.32,6.98,0.18638422,193,3.56,180,0.33823156,0.33,17.5,0.17571579,8.3,0.27916315,0.19555263,-2.524549287847783,0.45,320.74588,340,365,"7/11/24, 12:00 AM",CUDDALORE,29,2024-12-31T00:00:00,8.53,4.498694,363,340,297,294,5.96719,2024-01-01T00:00:00,30.51024242424243,Tiruvamur,"{""geodesic"":false,""type"":""Point"",""coordinates"":[79.48298125465948,11.760878446985394]}"
2082_0,0.5,0.18242632,0.39,0.25,6.73,0.19607368,173,3.46,163,0.349,0.27,17.5,0.18819474,8.3,0.27934736,0.19549474,0.7057025000819689,0.49,90.0,340,365,"7/11/24, 12:00 AM",CUDDALORE,28,2024-12-31T00:00:00,8.68,4.498694,363,340,297,294,0.94729394,2024-01-01T00:00:00,30.51024242424243,Tiruvamur,"{""geodesic"":false,""type"":""Point"",""coordinates"":[79.48271176007424,11.76114794157063]}"
2083_0,0.5,0.16014,0.49,0.34,8.94,0.161365,163,4.1,156,0.33781502,0.27,25,0.148345,4.1,0.238355,0.157685,0.5721695106132746,0.48,90.0,333,363,"7/11/24, 12:00 AM",CUDDALORE,32,2024-12-31T00:00:00,8.56,4.498694,351,329,317,308,1.8940722,2024-01-01T00:00:00,30.51024242424243,Tiruvamur,"{""geodesic"":false,""type"":""Point"",""coordinates"":[79.48217277090377,11.761417436155867]}"
2084_0,0.5,0.1455,0.45,0.37,8.35,0.156875,173,3.65,173,0.28744,0.36,17.5,0.160075,4.1,0.265415,0.18306,-2.09597976891299,0.45,76.24716,333,363,"7/11/24, 12:00 AM",CUDDALORE,32,2024-12-31T00:00:00,8.57,4.498694,351,329,317,308,3.8953674,2024-01-01T00:00:00,30.51024242424243,Tiruvamur,"{""geodesic"":false,""type"":""Point"",""coordinates"":[79.48190327631853,11.761686930741101]}"
2085_0,0.5,0.1455,0.4,0.29,8.19,0.156875,163,3.5,169,0.28744,0.33,20,0.160075,4.1,0.265415,0.18306,-2.09597976891299,0.5,76.24716,333,363,"7/11/24, 12:00 AM",CUDDALORE,32,2024-12-31T00:00:00,8.49,4.498694,351,329,317,308,3.8953674,2024-01-01T00:00:00,30.51024242424243,Tiruvamur,"{""geodesic"":false,""type"":""Point"",""coordinates"":[79.48190327631853,11.761686930741101]}"
2086_0,0.5,0.1455,0.42,0.31,9.11,0.156875,212,4.03,176,0.28744,0.36,15,0.160075,4.1,0.265415,0.18306,-2.09597976891299,0.48,76.24716,333,363,"7/11/24, 12:00 AM",CUDDALORE,32,2024-12-31T00:00:00,8.49,4.498694,351,329,317,308,3.8953674,2024-01-01T00:00:00,30.51024242424243,Tiruvamur,"{""geodesic"":false,""type"":""Point"",""coordinates"":[79.48190327631853,11.761686930741101]}"
2087_0,0.5,0.13714,0.55,0.42,9.06,0.14316,173,4.06,156,0.29935,0.3,25,0.137575,4.1,0.26111498,0.18211,-0.680592418354128,0.51,90.0,330,357,"7/11/24, 12:00 AM",CUDDALORE,34,2024-12-31T00:00:00,8.49,4.498694,369,346,301,297,1.8940703,2024-01-01T00:00:00,30.51024242424243,Tiruvamur,"{""geodesic"":false,""type"":""Point"",""coordinates"":[79.4816337817333,11.76114794157063]}"
2088_0,0.5,0.184245,0.6,0.35,11.2,0.19233,202,5.14,187,0.30664998,0.39,17.5,0.203585,4.1,0.347135,0.273655,-0.659376231391238,0.86,180.0,330,357,"7/11/24, 12:00 AM",CUDDALORE,34,2024-12-31T00:00:00,8.5,4.498694,369,346,301,297,0.92740995,2024-01-01T00:00:00,30.51024242424243,Tiruvamur,"{""geodesic"":false,""type"":""Point"",""coordinates"":[79.48109479256283,11.760878446985394]}"
2089_0,0.5,0.1515,0.72,0.46,10.26,0.160215,173,5.36,156,0.272695,0.3,20,0.16986,4.1,0.28029,0.212215,-0.3235215754437821,0.71,314.39227,330,357,"7/11/24, 12:00 AM",CUDDALORE,33,2024-12-31T00:00:00,8.36,4.498694,369,346,301,297,1.3255708,2024-01-01T00:00:00,30.51024242424243,Tiruvamur,"{""geodesic"":false,""type"":""Point"",""coordinates"":[79.48136428714805,11.760608952400158]}"
2090_0,0.5,0.186795,0.62,0.37,10.84,0.195075,202,5.32,166,0.300425,0.42,17.5,0.21476,4.1,0.359875,0.286765,-1.0166660029563732,0.58,314.39236,330,357,"7/11/24, 12:00 AM",CUDDALORE,35,2024-12-31T00:00:00,8.31,4.498694,369,346,301,297,1.3255688,2024-01-01T00:00:00,30.51024242424243,Tiruvamur,"{""geodesic"":false,""type"":""Point"",""coordinates"":[79.48109479256283,11.759800468644451]}"
2091_0,0.5,0.167725,0.72,0.5,9.54,0.17604001,163,4.88,166,0.288615,0.39,20,0.19282,8.3,0.343335,0.268855,-1.4811348227504915,0.72,296.08197,330,357,"7/11/24, 12:00 AM",CUDDALORE,34,2024-12-31T00:00:00,8.45,4.498694,369,346,301,297,2.1086276,2024-01-01T00:00:00,30.51024242424243,Tiruvamur,"{""geodesic"":false,""type"":""Point"",""coordinates"":[79.48109479256283,11.760069963229688]}"
2092_0,0.5,0.087073684,1.06,0.49,8.31,0.10495789,183,4.41,176,0.29910526,0.3,22.5,0.11358421,4.1,0.24481052,0.16061053,-0.5621982957043435,1.01,214.25368,314,347,"7/12/24, 12:00 AM",CUDDALORE,35,2024-12-31T00:00:00,8.74,4.498694,376,352,309,301,3.3624892,2024-01-01T00:00:00,30.541257142857148,Tiruvamur,"{""geodesic"":false,""type"":""Point"",""coordinates"":[79.46708107413056,11.763842887422989]}"
2093_0,0.5,0.090121426,0.69,0.11,10.26,0.10984286,212,5.14,138,0.28833094,0.27,37.5,0.11899524,8.3,0.25534284,0.18014523,-1.4810086076387117,0.76,116.08355,333,343,"7/18/24, 12:00 AM",CUDDALORE,40,2024-12-31T00:00:00,7.21,4.5596237,400,388,267,270,2.1085093,2024-01-01T00:00:00,30.45359999999999,Melkavarapattu,"{""geodesic"":false,""type"":""Point"",""coordinates"":[79.57703486490679,11.74093584767794]}"
2094_0,0.5,0.07135909,0.69,0.14,9.65,0.10329545,192,4.46,156,0.25028637,0.33,31.3,0.12715454,8.3,0.29808182,0.23657273,-1.4814143090478655,0.81,243.92157,338,366,"7/19/24, 12:00 AM",CUDDALORE,28,2024-12-31T00:00:00,7.15,4.5402136,332,319,330,315,2.1088939,2024-01-01T00:00:00,30.626357142857138,Melkavarapattu,"{""geodesic"":false,""type"":""Point"",""coordinates"":[79.58673666997528,11.803189096867424]}"
2095_0,0.5,0.07135909,0.81,0.46,10.41,0.10329545,202,4.06,166,0.25028637,0.36,37.5,0.12715454,8.3,0.29808182,0.23657273,-1.4814143090478655,0.86,243.92157,338,366,"7/19/24, 12:00 AM",CUDDALORE,28,2024-12-31T00:00:00,7.76,4.5402136,332,319,330,315,2.1088939,2024-01-01T00:00:00,30.626357142857138,Melkavarapattu,"{""geodesic"":false,""type"":""Point"",""coordinates"":[79.58673666997528,11.803189096867424]}"
2096_0,0.5,0.12404,0.91,0.44,9.31,0.151025,202,4.76,173,0.345495,0.36,50,0.15675,8.3,0.326685,0.243505,-1.3526790150332224,0.82,180.0,364,392,"7/19/24, 12:00 AM",CUDDALORE,27,2024-12-31T00:00:00,7.67,4.5402136,335,319,301,289,1.8543341,2024-01-01T00:00:00,30.596357142857148,Melkavarapattu,"{""geodesic"":false,""type"":""Point"",""coordinates"":[79.59239605626523,11.805075558964075]}"
2097_0,0.5,0.12404,1.21,0.47,9.41,0.151025,163,4.21,173,0.345495,0.36,37.5,0.15675,8.3,0.326685,0.243505,-1.3526790150332224,0.85,180.0,364,392,"7/19/24, 12:00 AM",CUDDALORE,27,2024-12-31T00:00:00,7.8,4.5402136,335,319,301,289,1.8543341,2024-01-01T00:00:00,30.596357142857148,Melkavarapattu,"{""geodesic"":false,""type"":""Point"",""coordinates"":[79.59239605626523,11.805075558964075]}"
2098_0,0.5,0.12404,0.77,0.13,12.47,0.151025,192,5.28,166,0.345495,0.3,46,0.15675,8.3,0.326685,0.243505,-1.3526790150332224,0.74,180.0,364,392,"7/18/24, 12:00 AM",CUDDALORE,27,2024-12-31T00:00:00,7.33,4.5402136,335,319,301,289,1.8543341,2024-01-01T00:00:00,30.596357142857148,Melkavarapattu,"{""geodesic"":false,""type"":""Point"",""coordinates"":[79.59239605626523,11.805075558964075]}"
2099_0,0.5,0.12404,0.69,0.14,9.48,0.151025,240,5.1,149,0.345495,0.89,31,0.15675,4.1,0.326685,0.243505,-1.3526790150332224,0.72,180.0,364,392,"7/19/24, 12:00 AM",CUDDALORE,27,2024-12-31T00:00:00,7.75,4.5402136,335,319,301,289,1.8543341,2024-01-01T00:00:00,30.596357142857148,Melkavarapattu,"{""geodesic"":false,""type"":""Point"",""coordinates"":[79.59239605626523,11.805075558964075]}"
2100_0,0.5,0.12404,0.88,0.45,9.28,0.151025,154,4.25,169,0.345495,0.36,34,0.15675,8.3,0.326685,0.243505,-1.3526790150332224,0.86,180.0,364,392,"7/19/24, 12:00 AM",CUDDALORE,27,2024-12-31T00:00:00,7.75,4.5402136,335,319,301,289,1.8543341,2024-01-01T00:00:00,30.596357142857148,Melkavarapattu,"{""geodesic"":false,""type"":""Point"",""coordinates"":[79.59239605626523,11.805075558964075]}"
2101_0,0.5,0.07135909,0.86,0.48,9.21,0.10329545,154,4.21,180,0.25028637,0.3,34,0.12715454,4.1,0.29808182,0.23657273,-1.4814143090478655,0.86,243.92157,338,366,"7/19/24, 12:00 AM",CUDDALORE,28,2024-12-31T00:00:00,7.92,4.5402136,332,319,330,315,2.1088939,2024-01-01T00:00:00,30.626357142857138,Melkavarapattu,"{""geodesic"":false,""type"":""Point"",""coordinates"":[79.58673666997528,11.803189096867424]}"
2102_0,0.5,0.12182941,0.29,0.63,8.96,0.1407647,183,3.36,114,0.29512352,0.33,68.7,0.13599999,8.3,0.23294118,0.16398235,-0.3235215754437821,0.33,45.607735,358,383,"6/14/24, 12:00 AM",CUDDALORE,8,2024-12-31T00:00:00,8.52,4.5885277,307,291,336,325,1.3255708,2024-01-01T00:00:00,30.47889655172414,Pillali,"{""geodesic"":false,""type"":""Point"",""coordinates"":[79.70800923333141,11.760608952400158]}"
2103_0,0.5,0.11192353,0.32,0.62,7.36,0.12961765,183,3.56,118,0.28774118,0.33,57.5,0.12078823,4.1,0.22184706,0.15477647,-0.3235215754437821,0.45,314.39227,358,383,"6/14/24, 12:00 AM",CUDDALORE,8,2024-12-31T00:00:00,7.17,4.5885277,307,291,336,325,1.3255708,2024-01-01T00:00:00,30.47889655172414,Pillali,"{""geodesic"":false,""type"":""Point"",""coordinates"":[79.70827872791665,11.760608952400158]}"
2104_0,0.5,0.12182941,0.3,0.63,9.15,0.1407647,192,3.98,138,0.29512352,0.27,68.7,0.13599999,4.1,0.23294118,0.16398235,-0.3235215754437821,0.39,45.607735,358,383,"6/14/24, 12:00 AM",CUDDALORE,8,2024-12-31T00:00:00,7.72,4.5885277,307,291,336,325,1.3255708,2024-01-01T00:00:00,30.47889655172414,Pillali,"{""geodesic"":false,""type"":""Point"",""coordinates"":[79.70800923333141,11.760608952400158]}"
2105_0,0.5,0.13157369,0.6,0.19,11.01,0.15408948,288,4.31,152,0.33630002,0.33,55,0.14936842,4.1,0.2791,0.19497895,3.157665932643732,0.55,45.609066,327,341,"6/10/24, 12:00 AM",CUDDALORE,5,2024-12-31T00:00:00,7.51,4.323916,328,319,345,339,1.3256023,2024-01-01T00:00:00,30.570969696969698,Pillali,"{""geodesic"":false,""type"":""Point"",""coordinates"":[79.75085887238392,11.773275197906244]}"
2106_0,0.5,0.13497369,1.06,0.53,9.01,0.15707895,183,3.26,121,0.31098422,0.39,68.75,0.1527579,4.13,0.2810263,0.20096315,2.344515008311507,0.63,108.072586,327,341,"6/7/24, 12:00 AM",CUDDALORE,6,2024-12-31T00:00:00,7.73,4.323916,328,319,345,339,2.9870603,2024-01-01T00:00:00,30.570969696969698,Pillali,"{""geodesic"":false,""type"":""Point"",""coordinates"":[79.75058937779868,11.773275197906244]}"
2107_0,0.5,0.13157369,0.61,0.51,8.65,0.15408948,173,4.15,114,0.33630002,0.3,62.5,0.14936842,8.3,0.2791,0.19497895,3.157665932643732,0.71,45.609066,327,341,"6/14/24, 12:00 AM",CUDDALORE,5,2024-12-31T00:00:00,7.91,4.323916,328,319,345,339,1.3256023,2024-01-01T00:00:00,30.570969696969698,Pillali,"{""geodesic"":false,""type"":""Point"",""coordinates"":[79.75085887238392,11.773275197906244]}"
2108_0,0.5,0.13157369,0.66,0.27,7.25,0.15408948,173,4.32,156,0.33630002,0.36,55,0.14936842,4.1,0.2791,0.19497895,3.157665932643732,0.63,45.609066,327,341,"7/5/24, 12:00 AM",CUDDALORE,5,2024-12-31T00:00:00,7.86,4.323916,328,319,345,339,1.3256023,2024-01-01T00:00:00,30.570969696969698,Pillali,"{""geodesic"":false,""type"":""Point"",""coordinates"":[79.75085887238392,11.773275197906244]}"
2109_0,0.5,0.13157369,0.43,0.18,7.63,0.15408948,231,5.26,124,0.33630002,0.33,72,0.14936842,4.1,0.2791,0.19497895,3.157665932643732,0.68,45.609066,327,341,"7/5/24, 12:00 AM",CUDDALORE,5,2024-12-31T00:00:00,7.76,4.323916,328,319,345,339,1.3256023,2024-01-01T00:00:00,30.570969696969698,Pillali,"{""geodesic"":false,""type"":""Point"",""coordinates"":[79.75085887238392,11.773275197906244]}"
2110_0,0.5,0.13157369,0.47,0.19,7.28,0.15408948,240,6.27,131,0.33630002,0.42,63,0.14936842,4.1,0.2791,0.19497895,3.157665932643732,0.55,45.609066,327,341,"7/5/24, 12:00 AM",CUDDALORE,5,2024-12-31T00:00:00,7.56,4.323916,328,319,345,339,1.3256023,2024-01-01T00:00:00,30.570969696969698,Pillali,"{""geodesic"":false,""type"":""Point"",""coordinates"":[79.75085887238392,11.773275197906244]}"
2111_0,0.5,0.17097895,0.33,0.28,6.53,0.1941421,231,6.25,114,0.34325263,0.33,72,0.19059473,4.1,0.27823684,0.19332631,2.0971009047635465,0.6,345.67444,327,341,"7/5/24, 12:00 AM",CUDDALORE,7,2024-12-31T00:00:00,7.17,4.323916,328,319,345,339,3.8233407,2024-01-01T00:00:00,30.570969696969698,Pillali,"{""geodesic"":false,""type"":""Point"",""coordinates"":[79.75085887238392,11.773005703321008]}"
2112_0,0.5,0.13157369,0.65,0.29,7.63,0.15408948,231,6.56,156,0.33630002,0.24,72,0.14936842,4.1,0.2791,0.19497895,3.157665932643732,0.55,45.609066,327,341,"7/5/24, 12:00 AM",CUDDALORE,5,2024-12-31T00:00:00,7.65,4.323916,328,319,345,339,1.3256023,2024-01-01T00:00:00,30.570969696969698,Pillali,"{""geodesic"":false,""type"":""Point"",""coordinates"":[79.75085887238392,11.773275197906244]}"
2113_0,0.5,0.09539,0.61,0.13,9.15,0.1201,125,4.19,118,0.28011,0.3,37.5,0.12504,4.1,0.24663,0.170075,-1.9484634771901748,0.5,34.253166,332,352,"6/26/24, 12:00 AM",CUDDALORE,12,2024-12-31T00:00:00,8.01,4.7172713,324,313,344,335,3.362469,2024-01-01T00:00:00,30.53041379310345,Konamangalam,"{""geodesic"":false,""type"":""Point"",""coordinates"":[79.69183955821727,11.758722490303507]}"
2114_0,0.5,0.09539,0.53,0.13,9.26,0.1201,144,4.06,104,0.28011,0.27,28.13,0.12504,4.1,0.24663,0.170075,-1.9484634771901748,0.67,34.253166,332,352,"6/26/24, 12:00 AM",CUDDALORE,12,2024-12-31T00:00:00,8.03,4.7172713,324,313,344,335,3.362469,2024-01-01T00:00:00,30.53041379310345,Konamangalam,"{""geodesic"":false,""type"":""Point"",""coordinates"":[79.69183955821727,11.758722490303507]}"
2115_0,0.5,0.101347364,0.51,0.18,10.07,0.10536316,102,4.06,111,0.29320526,0.21,52.5,0.09867895,4.1,0.24103683,0.16013685,-1.0167034362472562,0.6,45.6084,343,376,"7/15/24, 12:00 AM",CUDDALORE,17,2024-12-31T00:00:00,7.99,4.5885277,320,301,337,323,1.3255866,2024-01-01T00:00:00,30.50186206896552,Varakalpattu,"{""geodesic"":false,""type"":""Point"",""coordinates"":[79.70747024416094,11.76707682244582]}"
2116_0,0.5,0.101347364,0.54,0.17,9.91,0.10536316,102,4.15,104,0.29320526,0.27,37.5,0.09867895,4.1,0.24103683,0.16013685,-1.0167034362472562,0.67,45.6084,343,376,"6/10/24, 12:00 AM",CUDDALORE,17,2024-12-31T00:00:00,7.94,4.5885277,320,301,337,323,1.3255866,2024-01-01T00:00:00,30.50186206896552,Varakalpattu,"{""geodesic"":false,""type"":""Point"",""coordinates"":[79.70747024416094,11.76707682244582]}"
2117_0,0.5,0.101347364,0.63,0.16,10.73,0.10536316,78,4.19,90,0.29320526,0.24,25,0.09867895,4.1,0.24103683,0.16013685,-1.0167034362472562,0.55,45.6084,343,376,"6/26/24, 12:00 AM",CUDDALORE,17,2024-12-31T00:00:00,7.95,4.5885277,320,301,337,323,1.3255866,2024-01-01T00:00:00,30.50186206896552,Varakalpattu,"{""geodesic"":false,""type"":""Point"",""coordinates"":[79.70747024416094,11.76707682244582]}"
2118_0,0.5,0.101347364,0.51,0.18,10.11,0.10536316,144,3.61,104,0.29320526,0.27,45.8,0.09867895,4.1,0.24103683,0.16013685,-1.0167034362472562,0.65,45.6084,343,376,"6/26/24, 12:00 AM",CUDDALORE,17,2024-12-31T00:00:00,7.99,4.5885277,320,301,337,323,1.3255866,2024-01-01T00:00:00,30.50186206896552,Varakalpattu,"{""geodesic"":false,""type"":""Point"",""coordinates"":[79.70747024416094,11.76707682244582]}"
2119_0,0.5,0.101347364,0.49,0.17,9.93,0.10536316,117,4.04,90,0.29320526,0.3,25,0.09867895,4.1,0.24103683,0.16013685,-1.0167034362472562,0.6,45.6084,343,376,"6/26/24, 12:00 AM",CUDDALORE,17,2024-12-31T00:00:00,8.01,4.5885277,320,301,337,323,1.3255866,2024-01-01T00:00:00,30.50186206896552,Varakalpattu,"{""geodesic"":false,""type"":""Point"",""coordinates"":[79.70747024416094,11.76707682244582]}"
2120_0,0.5,0.041504763,0.82,0.17,13.08,0.06487619,221,5.37,131,0.23754285,0.45,28,0.055428572,4.1,0.1823,0.110695235,-1.710284446961927,0.67,45.61676,303,327,"7/19/24, 12:00 AM",CUDDALORE,9,2024-12-31T00:00:00,7.8,3.9367187,344,332,353,341,2.6501498,2024-01-01T00:00:00,30.41177777777778,Madalpattu,"{""geodesic"":false,""type"":""Point"",""coordinates"":[79.79775093021496,11.846847219675633]}"
2121_0,0.5,0.041504763,0.65,0.4,10.16,0.06487619,183,5.01,150,0.23754285,0.3,50,0.055428572,8.3,0.1823,0.110695235,-1.710284446961927,0.72,45.61676,303,327,"7/20/24, 12:00 AM",CUDDALORE,9,2024-12-31T00:00:00,8.18,3.9367187,344,332,353,341,2.6501498,2024-01-01T00:00:00,30.41177777777778,Madalpattu,"{""geodesic"":false,""type"":""Point"",""coordinates"":[79.79775093021496,11.846847219675633]}"
2122_0,0.5,0.041504763,0.65,0.42,10.12,0.06487619,240,5.08,173,0.23754285,0.3,38,0.055428572,4.1,0.1823,0.110695235,-1.710284446961927,0.71,45.61676,303,327,"7/20/24, 12:00 AM",CUDDALORE,9,2024-12-31T00:00:00,8.47,3.9367187,344,332,353,341,2.6501498,2024-01-01T00:00:00,30.41177777777778,Madalpattu,"{""geodesic"":false,""type"":""Point"",""coordinates"":[79.79775093021496,11.846847219675633]}"
2123_0,0.5,0.07836286,0.61,0.18,11.54,0.10555428,78,4.98,104,0.32215428,0.36,55,0.10733143,4.1,0.29102856,0.19284286,-1.46827847461646,0.63,152.94821,321,355,"7/19/24, 12:00 AM",CUDDALORE,34,2024-12-31T00:00:00,7.27,4.424942,383,354,297,291,2.081938,2024-01-01T00:00:00,30.5088275862069,Vilangalpattu,"{""geodesic"":false,""type"":""Point"",""coordinates"":[79.64683396248287,11.729886569683272]}"
2124_0,0.5,0.07836286,0.82,0.45,14.21,0.10555428,94,3.46,93,0.32215428,0.3,13.75,0.10733143,4.13,0.29102856,0.19284286,-1.46827847461646,1.06,152.94821,321,355,"6/26/24, 12:00 AM",CUDDALORE,34,2024-12-31T00:00:00,6.79,4.424942,383,354,297,291,2.081938,2024-01-01T00:00:00,30.5088275862069,Vilangalpattu,"{""geodesic"":false,""type"":""Point"",""coordinates"":[79.64683396248287,11.729886569683272]}"
2125_0,0.5,0.14451621,0.83,0.48,10.73,0.16183783,70,4.64,118,0.29218107,0.27,57.5,0.15911892,4.1,0.3026027,0.23177838,-2.4028101301651543,0.88,134.39522,334,361,"6/4/24, 12:00 AM",CUDDALORE,24,2024-12-31T00:00:00,7.6,4.6249967,392,371,274,268,5.287886,2024-01-01T00:00:00,30.5088275862069,Vilangalpattu,"{""geodesic"":false,""type"":""Point"",""coordinates"":[79.65249334877282,11.732312020950394]}"
2126_0,0.5,0.07085294,0.71,0.09,8.26,0.093647055,31,2.36,69,0.23131764,0.33,18.3,0.09098529,8.25,0.20711765,0.13429117,-1.8127284363983152,0.71,18.801098,337,360,"6/27/24, 12:00 AM",CUDDALORE,17,2024-12-31T00:00:00,6.25,4.6249967,343,327,320,313,2.9367306,2024-01-01T00:00:00,30.524000000000004,Vilangalpattu,"{""geodesic"":false,""type"":""Point"",""coordinates"":[79.65842222964801,11.735006966802752]}"
2127_0,0.5,0.122121215,0.86,0.12,14.21,0.1413909,63,2.41,135,0.3355424,0.36,30,0.13815151,4.13,0.29444546,0.21285455,0.012772772522008423,0.86,90.0,333,350,"6/4/24, 12:00 AM",CUDDALORE,24,2024-12-31T00:00:00,6.44,4.6249967,361,349,306,300,0.94718987,2024-01-01T00:00:00,30.54020689655173,Vilangalpattu,"{""geodesic"":false,""type"":""Point"",""coordinates"":[79.6568052621366,11.730964548024215]}"
2128_0,0.5,0.093655,1.01,0.44,9.41,0.1106275,125,4.26,73,0.28759,0.39,10,0.103835,4.13,0.2446875,0.1738975,-2.4852350005587094,0.63,80.73164,330,356,"6/4/24, 12:00 AM",CUDDALORE,30,2024-12-31T00:00:00,7.44,4.6249967,365,347,305,297,5.7394376,2024-01-01T00:00:00,30.564214285714286,Vanamadevi North,"{""geodesic"":false,""type"":""Point"",""coordinates"":[79.66785454013127,11.72476617256379]}"
2129_0,0.5,0.10873714,1.01,0.22,9.21,0.13482572,202,3.36,107,0.27423716,0.42,11.25,0.14487714,4.13,0.26922,0.19497429,-1.0165336391655153,0.91,134.39484,342,363,"6/4/24, 12:00 AM",CUDDALORE,15,2024-12-31T00:00:00,6.48,4.6249967,324,309,334,328,1.3255101,2024-01-01T00:00:00,30.524000000000004,Vanamadevi North,"{""geodesic"":false,""type"":""Point"",""coordinates"":[79.66327313218227,11.73581545055846]}"
2130_0,0.5,0.135675,0.52,0.09,11.21,0.15754,47,4.73,114,0.34414,0.33,31.25,0.15574999,4.1,0.308175,0.225665,2.567857938092404,0.66,45.588467,293,323,"7/19/24, 12:00 AM",CUDDALORE,39,2024-12-31T00:00:00,6.69,4.36,403,372,304,306,1.3251159,2024-01-01T00:00:00,30.689833333333336,Abatharanapuram,"{""geodesic"":false,""type"":""Point"",""coordinates"":[79.56005670603693,11.57384920483171]}"
2131_0,0.5,0.15972105,0.65,0.12,15.32,0.19048421,125,5.63,131,0.34457368,0.56,60,0.21851578,4.1,0.38692105,0.2912,0.16804554244433853,0.84,270.0,320,351,"7/5/24, 12:00 AM",CUDDALORE,41,2024-12-31T00:00:00,6.63,4.36,394,364,286,285,2.8378952,2024-01-01T00:00:00,30.711575757575762,Abatharanapuram,"{""geodesic"":false,""type"":""Point"",""coordinates"":[79.55412782516174,11.573310215661238]}"
2132_0,0.5,0.220015,0.75,0.3,11,0.23495,55,5.28,118,0.36682,0.3,37.5,0.23765,4.1,0.35562,0.28728,-0.09936071331624778,0.75,314.41168,299,330,"6/14/24, 12:00 AM",CUDDALORE,42,2024-12-31T00:00:00,7.33,4.36,399,370,303,300,2.648809,2024-01-01T00:00:00,30.711575757575762,Serakkuppam,"{""geodesic"":false,""type"":""Point"",""coordinates"":[79.55493630891745,11.57250173190553]}"
2133_0,0.5,0.191925,0.85,0.24,11.36,0.223075,163,5.28,97,0.367955,0.42,55,0.233955,8.3,0.371885,0.270795,-0.658711880549537,0.91,-0.0,293,323,"6/14/24, 12:00 AM",CUDDALORE,40,2024-12-31T00:00:00,6.72,4.36,403,372,304,306,0.92740995,2024-01-01T00:00:00,30.689833333333336,Serakkuppam,"{""geodesic"":false,""type"":""Point"",""coordinates"":[79.56005670603693,11.573579710246474]}"
2134_0,0.5,0.135675,0.94,0.26,11.41,0.15754,163,5.35,97,0.34414,0.3,55,0.15574999,8.3,0.308175,0.225665,2.567857938092404,0.75,45.588467,293,323,"6/14/24, 12:00 AM",CUDDALORE,39,2024-12-31T00:00:00,6.62,4.36,403,372,304,306,1.3251159,2024-01-01T00:00:00,30.689833333333336,Serakkuppam,"{""geodesic"":false,""type"":""Point"",""coordinates"":[79.56005670603693,11.57384920483171]}"
2135_0,0.5,0.26508,0.41,0.28,9.61,0.279705,163,4.07,104,0.417985,0.21,52.5,0.27428,4.1,0.335505,0.246535,-0.3381495780442781,0.46,325.76474,299,330,"6/26/24, 12:00 AM",CUDDALORE,43,2024-12-31T00:00:00,7.56,4.36,399,370,303,300,3.3617554,2024-01-01T00:00:00,30.711575757575762,Serakkuppam,"{""geodesic"":false,""type"":""Point"",""coordinates"":[79.55493630891745,11.572232237320295]}"
2136_0,0.5,0.26508,0.71,0.14,10.13,0.279705,183,4.48,107,0.417985,0.27,50,0.27428,4.1,0.335505,0.246535,-0.3381495780442781,0.75,325.76474,299,330,"6/26/24, 12:00 AM",CUDDALORE,43,2024-12-31T00:00:00,7.06,4.36,399,370,303,300,3.3617554,2024-01-01T00:00:00,30.711575757575762,Serakkuppam,"{""geodesic"":false,""type"":""Point"",""coordinates"":[79.55493630891745,11.572232237320295]}"
2137_0,0.5,0.14165416,0.75,0.15,10.71,0.15698333,163,5.6,104,0.28568333,0.3,25,0.15473333,8.2,0.279875,0.21537916,0.7762318179471965,0.79,225.58565,312,333,"7/16/24, 12:00 AM",CUDDALORE,5,2024-12-31T00:00:00,7.12,4.3084235,309,298,379,370,2.648683,2024-01-01T00:00:00,30.560108108108107,Aduragaram,"{""geodesic"":false,""type"":""Point"",""coordinates"":[79.63308973863585,11.546360757137652]}"
2138_0,0.5,0.101323806,0.59,0.21,10.65,0.12044762,192,5.86,121,0.36307144,0.33,37,0.09610476,4.1,0.20251904,0.114461906,-2.0942726930304825,0.62,283.7646,313,329,"7/16/24, 12:00 AM",CUDDALORE,11,2024-12-31T00:00:00,7.2,4.3084235,326,317,361,354,3.8921163,2024-01-01T00:00:00,30.523096774193547,Aduragaram,"{""geodesic"":false,""type"":""Point"",""coordinates"":[79.6139556230841,11.514829890665057]}"
2139_0,0.5,0.101525,0.82,0.22,10.82,0.1254,221,5.71,111,0.240045,0.33,28,0.13377,8.2,0.205705,0.143065,-1.7571429467446171,0.86,-0.0,335,348,"7/16/24, 12:00 AM",CUDDALORE,7,2024-12-31T00:00:00,7.16,4.3084235,318,308,347,344,2.7802885,2024-01-01T00:00:00,30.57743750000001,Aduragaram,"{""geodesic"":false,""type"":""Point"",""coordinates"":[79.60964370972033,11.52183674988119]}"
2140_0,0.5,0.117476195,0.91,0.12,10.12,0.13835715,202,4.31,121,0.2876476,0.27,28,0.12809524,4.1,0.2291619,0.16509047,3.4610676443250106,0.82,161.21198,307,323,"7/15/24, 12:00 AM",CUDDALORE,14,2024-12-31T00:00:00,6.14,4.410207,342,329,351,348,2.936503,2024-01-01T00:00:00,30.717277777777788,Aduragaram,"{""geodesic"":false,""type"":""Point"",""coordinates"":[79.56571609232688,11.526687652415434]}"
2141_0,0.5,0.191925,0.91,0.29,10.31,0.223075,63,5.26,107,0.367955,0.42,34,0.233955,8.3,0.371885,0.270795,-0.658711880549537,0.91,-0.0,293,323,"7/22/24, 12:00 AM",CUDDALORE,40,2024-12-31T00:00:00,6.39,4.36,403,372,304,306,0.92740995,2024-01-01T00:00:00,30.689833333333336,Kanchamanathapuram,"{""geodesic"":false,""type"":""Point"",""coordinates"":[79.56005670603693,11.573579710246474]}"
2142_0,0.5,0.135675,0.71,0.16,10.75,0.15754,55,4.58,135,0.34414,0.3,50,0.15574999,8.3,0.308175,0.225665,2.567857938092404,0.56,45.588467,293,323,"6/26/24, 12:00 AM",CUDDALORE,39,2024-12-31T00:00:00,6.47,4.36,403,372,304,306,1.3251159,2024-01-01T00:00:00,30.689833333333336,Kanchamanathapuram,"{""geodesic"":false,""type"":""Point"",""coordinates"":[79.56005670603693,11.57384920483171]}"
2143_0,0.5,0.135675,0.86,0.23,10.26,0.15754,63,4.21,93,0.34414,0.36,34,0.15574999,8.3,0.308175,0.225665,2.567857938092404,0.86,45.588467,293,323,"6/14/24, 12:00 AM",CUDDALORE,39,2024-12-31T00:00:00,6.18,4.36,403,372,304,306,1.3251159,2024-01-01T00:00:00,30.689833333333336,Kanchamanathapuram,"{""geodesic"":false,""type"":""Point"",""coordinates"":[79.56005670603693,11.57384920483171]}"
2144_0,0.5,0.220015,0.63,0.25,9.76,0.23495,70,4.31,111,0.36682,0.33,37.5,0.23765,4.1,0.35562,0.28728,-0.09936071331624778,0.63,314.41168,299,330,"6/14/24, 12:00 AM",CUDDALORE,42,2024-12-31T00:00:00,6.12,4.36,399,370,303,300,2.648809,2024-01-01T00:00:00,30.711575757575762,Kanchamanathapuram,"{""geodesic"":false,""type"":""Point"",""coordinates"":[79.55493630891745,11.57250173190553]}"
2145_0,0.5,0.11151304,0.54,0.56,6.98,0.12758696,212,3.75,135,0.2813348,0.3,22.5,0.11113913,8.3,0.18076088,0.120417394,0.1416181138785154,0.66,152.95718,359,362,"7/19/24, 12:00 AM",CUDDALORE,5,2024-12-31T00:00:00,7.85,4.423108,311,303,330,335,2.0817719,2024-01-01T00:00:00,30.376871794871796,Agaram,"{""geodesic"":false,""type"":""Point"",""coordinates"":[79.70612277123476,11.622897219344637]}"
2146_0,0.5,0.106225,0.81,0.49,9.55,0.133425,212,4.52,145,0.4063875,0.3,28.1,0.10998333,4.1,0.22292084,0.137125,7.012494778402913,0.93,243.90665,332,341,"7/19/24, 12:00 AM",CUDDALORE,2,2024-12-31T00:00:00,6.42,4.423108,304,299,364,359,2.1077738,2024-01-01T00:00:00,30.391542857142863,Agaram,"{""geodesic"":false,""type"":""Point"",""coordinates"":[79.7244484030308,11.620741262662749]}"
2147_0,0.5,0.1641375,1.25,0.56,9.26,0.17023334,221,4.31,166,0.21205416,0.36,22.5,0.17735833,8.3,0.22672917,0.1976625,-1.0159522981300828,0.85,134.406,338,365,"7/24/24, 12:00 AM",CUDDALORE,23,2024-12-31T00:00:00,7.03,4.4991775,348,330,314,304,2.6490762,2024-01-01T00:00:00,30.529948717948717,Kundiyamallur South,"{""geodesic"":false,""type"":""Point"",""coordinates"":[79.66839352930174,11.62774812187888]}"
2149_0,0.5,0.071890004,0.56,0.15,9.68,0.09391,192,4.98,114,0.243965,0.33,31.2,0.09122,8.3,0.226675,0.170765,-1.7081861647086978,0.69,314.42355,287,300,"7/26/24, 12:00 AM",CUDDALORE,8,2024-12-31T00:00:00,5.75,4.270791,350,339,363,361,2.6482494,2024-01-01T00:00:00,30.645310344827585,Killai R.F.,"{""geodesic"":false,""type"":""Point"",""coordinates"":[79.76783703125378,11.455810576498404]}"
2150_0,0.5,0.0857,1.06,0.61,10.11,0.120265,31,4.28,121,0.35737,0.33,28,0.11829,4.1,0.28483,0.22388,-1.9547912889426573,0.65,303.16006,301,314,"7/27/24, 12:00 AM",CUDDALORE,4,2024-12-31T00:00:00,6.5,4.270791,336,324,363,362,3.3873644,2024-01-01T00:00:00,30.645310344827585,Killai R.F.,"{""geodesic"":false,""type"":""Point"",""coordinates"":[79.76918450417996,11.455271587327934]}"
2151_0,0.05,0.071890004,0.78,0.61,10.36,0.09391,39,5.16,97,0.243965,0.3,20,0.09122,4.1,0.226675,0.170765,-1.7081861647086978,0.82,314.42355,287,300,"7/26/24, 12:00 AM",CUDDALORE,8,2024-12-31T00:00:00,5.98,4.270791,350,339,363,361,2.6482494,2024-01-01T00:00:00,30.645310344827585,Killai R.F.,"{""geodesic"":false,""type"":""Point"",""coordinates"":[79.76783703125378,11.455810576498404]}"
2152_0,0.05,0.083215,0.68,0.55,10.32,0.116425,31,5.21,90,0.35716,0.33,25,0.112065,4.1,0.271345,0.205335,0.4667299495454221,0.72,116.106705,296,310,"7/26/24, 12:00 AM",CUDDALORE,2,2024-12-31T00:00:00,6.03,4.270791,341,328,363,362,2.1067722,2024-01-01T00:00:00,30.645310344827585,Killai R.F.,"{""geodesic"":false,""type"":""Point"",""coordinates"":[79.76864551500948,11.455271587327934]}"
2153_0,0.05,0.08332381,0.65,0.61,10.33,0.11617619,47,5.21,93,0.36278096,0.3,22.5,0.111757144,8.2,0.25062856,0.18423334,0.4200947774406447,0.76,90.0,310,323,"7/26/24, 12:00 AM",CUDDALORE,2,2024-12-31T00:00:00,6.04,4.270791,311,305,379,373,0.9463006,2024-01-01T00:00:00,30.623733333333337,Killai R.F.,"{""geodesic"":false,""type"":""Point"",""coordinates"":[79.76271663413429,11.468746316589726]}"
2154_0,0.05,0.08711429,0.59,0.52,10.18,0.119757146,31,5.11,107,0.4163381,0.27,25,0.09680476,4.1,0.2657143,0.16917619,4.764957708680018,0.71,-0.0,307,316,"7/26/24, 12:00 AM",CUDDALORE,3,2024-12-31T00:00:00,6.29,4.270791,312,303,381,381,0.0,2024-01-01T00:00:00,30.623733333333337,Killai R.F.,"{""geodesic"":false,""type"":""Point"",""coordinates"":[79.7643336016457,11.46847682200449]}"
2155_0,0.5,0.09959047,0.86,0.5,9.76,0.12252381,183,4.21,156,0.25442857,0.27,25,0.12362857,8.3,0.24402857,0.1676238,2.1262097661803403,0.86,-0.0,301,303,"7/3/24, 12:00 AM",CUDDALORE,8,2024-12-31T00:00:00,6.74,4.3870645,327,327,372,371,0.0,2024-01-01T00:00:00,30.613555555555557,Tuniseramedu,"{""geodesic"":false,""type"":""Point"",""coordinates"":[79.64333053287481,11.38196906014378]}"
2157_0,0.5,0.13792728,0.65,0.56,7.88,0.15396819,231,4.33,86,0.30337727,0.36,45.75,0.15101363,4.1,0.25922272,0.18095455,7.877307755891587,0.62,332.97726,303,315,"7/27/24, 12:00 AM",CUDDALORE,4,2024-12-31T00:00:00,7.41,4.4413977,319,312,378,372,2.0814002,2024-01-01T00:00:00,30.54617142857144,Chithalapadi,"{""geodesic"":false,""type"":""Point"",""coordinates"":[79.7341502080993,11.379274114291421]}"
2158_0,0.5,0.12487143,0.5,0.48,8.21,0.14510477,212,4.81,86,0.38447618,0.3,52.5,0.12254762,8.3,0.2565095,0.1572,-1.7765246674242978,0.54,270.0,322,340,"7/29/24, 12:00 AM",CUDDALORE,3,2024-12-31T00:00:00,7.4,4.4413977,331,323,347,337,2.8359768,2024-01-01T00:00:00,30.53914285714286,Chithalapadi,"{""geodesic"":false,""type"":""Point"",""coordinates"":[79.72795183263887,11.382238554729016]}"
2159_0,0.5,0.11921,0,0.42,10.08,0.14131,192,4.12,176,0.300635,0.36,45.7,0.15298,4.1,0.29995,0.213755,-1.827404594517826,0.72,71.90514,320,325,"8/1/24, 12:00 AM",CUDDALORE,9,2024-12-31T00:00:00,7.01,4.3063784,338,333,342,342,2.9835129,2024-01-01T00:00:00,30.656258064516127,Kannangudi,"{""geodesic"":false,""type"":""Point"",""coordinates"":[79.64360002746004,11.4054150890593]}"
2160_0,0.5,0.08758,0.49,0.38,9.38,0.11178,163,4.86,159,0.288965,0.3,41.6,0.118175,4.1,0.269515,0.18311,-0.8941127477847343,0.55,233.67679,307,308,"8/1/24, 12:00 AM",CUDDALORE,3,2024-12-31T00:00:00,7.52,4.4052277,329,326,364,365,4.6869454,2024-01-01T00:00:00,30.661096774193553,Kannangudi,"{""geodesic"":false,""type"":""Point"",""coordinates"":[79.65437981086949,11.402450648621706]}"
2161_0,0.5,0.2534682,0.53,0.15,9.86,0.27116817,212,4.63,142,0.3754,0.3,34.3,0.28331363,4.1,0.37084547,0.29741818,-0.6094038574721387,0.64,314.42685,286,303,"7/30/24, 12:00 AM",CUDDALORE,7,2024-12-31T00:00:00,6.32,4.3593955,352,340,362,358,2.6480944,2024-01-01T00:00:00,30.585692307692305,Pinnattur East,"{""geodesic"":false,""type"":""Point"",""coordinates"":[79.73091627307646,11.423471226270102]}"
2162_0,0.5,0.086769566,0.52,0.53,6.28,0.11589131,279,3.06,138,0.31821305,0.33,22.5,0.12051739,4.1,0.34386522,0.22826956,0.035389462347609715,0.61,-0.0,302,317,"8/1/24, 12:00 AM",CUDDALORE,5,2024-12-31T00:00:00,7.61,4.654199,343,336,355,347,0.92740995,2024-01-01T00:00:00,30.571823529411766,Neyvasal,"{""geodesic"":false,""type"":""Point"",""coordinates"":[79.57433991905442,11.297347760379722]}"
2163_0,0.5,0.092895456,0.58,0.52,5.98,0.12257727,231,2.73,135,0.37301365,0.27,17.5,0.10635909,4.1,0.29250455,0.18333636,-1.9538605491415937,0.61,236.82542,293,311,"8/1/24, 12:00 AM",CUDDALORE,12,2024-12-31T00:00:00,8.01,4.654199,357,346,350,343,3.3860548,2024-01-01T00:00:00,30.53410526315789,Neyvasal,"{""geodesic"":false,""type"":""Point"",""coordinates"":[79.56625508149736,11.297886749550193]}"
2164_0,0.5,0.1379,0.74,0.13,11.82,0.16109444,54,4.36,62,0.32189444,0.33,7,0.16908889,4.1,0.2881889,0.19507222,-1.0139336345999856,0.72,45.555233,305,308,"7/23/24, 12:00 AM",CUDDALORE,12,2024-12-31T00:00:00,7.17,4.8637958,328,330,367,362,1.3243322,2024-01-01T00:00:00,30.593625000000003,Periakottagam,"{""geodesic"":false,""type"":""Point"",""coordinates"":[79.54658197677513,11.244526821673494]}"
2165_0,0.5,0.14344999,0.76,0.52,10.06,0.16744444,135,5.75,159,0.33441666,0.33,17.5,0.17271112,4.1,0.28716668,0.19190556,3.254859233351471,0.98,270.0,305,308,"7/22/24, 12:00 AM",CUDDALORE,12,2024-12-31T00:00:00,7.59,4.8637958,328,330,367,362,1.890602,2024-01-01T00:00:00,30.593625000000003,Periakottagam,"{""geodesic"":false,""type"":""Point"",""coordinates"":[79.54685147136037,11.244796316258729]}"
2166_0,0.5,0.12679444,0.77,0.53,9.25,0.15026666,125,5.63,156,0.31259444,0.33,12.5,0.15199444,4.1,0.27516666,0.18294445,-1.8263408424953753,0.82,108.104416,305,308,"7/22/24, 12:00 AM",CUDDALORE,12,2024-12-31T00:00:00,7.72,4.8637958,328,330,367,362,2.981993,2024-01-01T00:00:00,30.593625000000003,Periakottagam,"{""geodesic"":false,""type"":""Point"",""coordinates"":[79.5463124821899,11.243718337917786]}"
2167_0,0.5,0.122322224,0.76,0.53,9.41,0.14499444,135,4.16,142,0.3126,0.3,12.5,0.14431112,8.3,0.2678,0.17742778,-1.4778554267214508,0.88,243.87651,305,308,"7/22/24, 12:00 AM",CUDDALORE,13,2024-12-31T00:00:00,7.74,4.8637958,328,330,367,362,2.105514,2024-01-01T00:00:00,30.593625000000003,Periakottagam,"{""geodesic"":false,""type"":""Point"",""coordinates"":[79.54577349301942,11.243718337917786]}"
2168_0,0.5,0.10773,0.6,0.21,6.15,0.128055,202,2.98,159,0.2561,0.3,28.1,0.15573,8.3,0.29930001,0.246015,-1.015634205101771,0.71,134.41211,324,338,"7/24/24, 12:00 AM",CUDDALORE,74,2024-12-31T00:00:00,8.41,4.0401964,372,359,304,302,1.3251024,2024-01-01T00:00:00,30.557151515151517,Kammapuram,"{""geodesic"":false,""type"":""Point"",""coordinates"":[79.4050973195263,11.568459313126993]}"
2169_0,0.5,0.084935,0.58,0.23,6.71,0.103175,202,3.34,156,0.32887,0.33,34.3,0.096260004,4.1,0.268565,0.183885,-0.6586938711546355,0.75,180.0,324,338,"7/24/24, 12:00 AM",CUDDALORE,73,2024-12-31T00:00:00,8.52,4.0401964,372,359,304,302,0.92740995,2024-01-01T00:00:00,30.557151515151517,Kammapuram,"{""geodesic"":false,""type"":""Point"",""coordinates"":[79.40482782494108,11.568189818541757]}"
2170_0,0.05,0.084935,0.48,0.23,6.42,0.103175,173,3.14,163,0.32887,0.27,28.1,0.096260004,4.1,0.268565,0.183885,-0.6586938711546355,0.42,180.0,324,338,"7/25/24, 12:00 AM",CUDDALORE,73,2024-12-31T00:00:00,8.52,4.0401964,372,359,304,302,0.92740995,2024-01-01T00:00:00,30.557151515151517,Kammapuram,"{""geodesic"":false,""type"":""Point"",""coordinates"":[79.40482782494108,11.568189818541757]}"
2171_0,0.05,0.10773,0.48,0.2,6.42,0.128055,192,3.21,145,0.2561,0.3,25,0.15573,4.1,0.29930001,0.246015,-1.015634205101771,0.5,134.41211,324,338,"7/25/24, 12:00 AM",CUDDALORE,74,2024-12-31T00:00:00,8.69,4.0401964,372,359,304,302,1.3251024,2024-01-01T00:00:00,30.557151515151517,Kammapuram,"{""geodesic"":false,""type"":""Point"",""coordinates"":[79.4050973195263,11.568459313126993]}"
2172_0,0.5,0.10773,0.49,0.19,7.35,0.128055,163,4.37,169,0.2561,0.3,37.5,0.15573,4.1,0.29930001,0.246015,-1.015634205101771,0.54,134.41211,324,338,"7/24/24, 12:00 AM",CUDDALORE,74,2024-12-31T00:00:00,8.56,4.0401964,372,359,304,302,1.3251024,2024-01-01T00:00:00,30.557151515151517,Kammapuram,"{""geodesic"":false,""type"":""Point"",""coordinates"":[79.4050973195263,11.568459313126993]}"
2173_0,0.5,0.084935,0.5,0.2,7.43,0.103175,192,4.52,180,0.32887,0.3,25,0.096260004,4.1,0.268565,0.183885,-0.6586938711546355,0.62,180.0,324,338,"7/24/24, 12:00 AM",CUDDALORE,73,2024-12-31T00:00:00,8.54,4.0401964,372,359,304,302,0.92740995,2024-01-01T00:00:00,30.557151515151517,Kammapuram,"{""geodesic"":false,""type"":""Point"",""coordinates"":[79.40482782494108,11.568189818541757]}"
2174_0,0.5,0.17708947,0.52,0.21,9.45,0.20195264,117,4.05,100,0.37481052,0.24,28.13,0.22477369,4.1,0.3681737,0.25994736,0.37105906237673053,0.54,225.58018,363,389,"7/24/24, 12:00 AM",CUDDALORE,32,2024-12-31T00:00:00,7.9,4.001365,360,332,278,279,1.3249207,2024-01-01T00:00:00,30.54232258064516,Gopalapuram,"{""geodesic"":false,""type"":""Point"",""coordinates"":[79.39404804153165,11.492731334675717]}"
2175_0,0.5,0.107045,0.56,0.32,6.73,0.12968001,154,3.16,156,0.26590002,0.33,34.3,0.13536,4.1,0.267135,0.19294,-0.6589111172246871,0.64,180.0,323,337,"7/20/24, 12:00 AM",CUDDALORE,54,2024-12-31T00:00:00,8.285,3.7275825,359,351,318,312,0.92740995,2024-01-01T00:00:00,30.968875000000004,Kattiyanallur,"{""geodesic"":false,""type"":""Point"",""coordinates"":[79.32047601976225,11.629634583975532]}"
2176_0,0.5,0.1740909,0.48,0.2,6.15,0.18439092,117,3.06,138,0.32148182,0.3,37.5,0.17277727,4.1,0.29723635,0.22523637,-1.8286310700483641,0.59,108.08385,317,321,"7/20/24, 12:00 AM",CUDDALORE,50,2024-12-31T00:00:00,8.2,3.763944,372,369,311,310,2.9852648,2024-01-01T00:00:00,30.603999999999996,Kattiyanallur,"{""geodesic"":false,""type"":""Point"",""coordinates"":[79.31535562264277,11.588671407019682]}"
2177_0,0.5,0.102125,0.58,0.19,6.12,0.126835,125,1.06,145,0.25185502,0.3,28.1,0.12944,4.1,0.26438,0.192395,0.1415859772333877,0.65,27.043413,323,337,"7/20/24, 12:00 AM",CUDDALORE,53,2024-12-31T00:00:00,8.14,3.7275825,359,351,318,312,2.0817828,2024-01-01T00:00:00,30.82937142857143,Kattiyanallur,"{""geodesic"":false,""type"":""Point"",""coordinates"":[79.31993703059179,11.629904078560768]}"
2178_0,0.5,0.09797,0.5,0.22,8.76,0.12359,86,4.51,135,0.25221,0.39,42,0.12444,8.2,0.25888,0.18695,-1.352058258418779,0.52,-0.0,317,314,"7/23/24, 12:00 AM",CUDDALORE,55,2024-12-31T00:00:00,8.26,3.7275825,358,357,325,329,1.8543341,2024-01-01T00:00:00,30.82937142857143,Kattiyanallur,"{""geodesic"":false,""type"":""Point"",""coordinates"":[79.31939804142131,11.629904078560768]}"
2179_0,0.5,0.13863158,0.48,0.25,8.81,0.1497,109,4.49,131,0.2832263,0.27,50,0.13982631,4.1,0.2419579,0.1722,-1.8287299064486686,0.5,288.08298,329,330,"7/23/24, 12:00 AM",CUDDALORE,58,2024-12-31T00:00:00,8.19,3.7275825,342,344,329,325,2.9854043,2024-01-01T00:00:00,30.728242424242424,Kattiyanallur,"{""geodesic"":false,""type"":""Point"",""coordinates"":[79.31319966596088,11.602954620037183]}"
2180_0,0.5,0.103962496,0.6,0.2,8.72,0.13031875,125,4.52,138,0.34789374,0.27,52,0.121,4.1,0.3151125,0.2197875,2.818517485362198,0.59,-0.0,310,329,"7/23/24, 12:00 AM",CUDDALORE,68,2024-12-31T00:00:00,8.22,3.9170334,397,376,293,295,0.0,2024-01-01T00:00:00,30.74217142857143,Kattiyanallur,"{""geodesic"":false,""type"":""Point"",""coordinates"":[79.35874425086574,11.623705703100343]}"
2181_0,0.5,0.11247368,0.59,0.14,9.85,0.13121052,135,4.38,128,0.36175263,0.3,20,0.11518421,4.1,0.28744212,0.18187368,6.523096499407381,0.65,-0.0,326,332,"7/22/24, 12:00 AM",CUDDALORE,51,2024-12-31T00:00:00,8.34,3.7275825,366,362,307,306,2.7802885,2024-01-01T00:00:00,30.858882352941183,Pavalangudi ko,"{""geodesic"":false,""type"":""Point"",""coordinates"":[79.33206428692739,11.629634583975532]}"
2182_0,0.5,0.145675,0.55,0.23,10.03,0.16397,135,4.08,128,0.335585,0.27,22.5,0.152895,4.1,0.286575,0.206985,2.125347510707701,0.55,-0.0,326,332,"7/22/24, 12:00 AM",CUDDALORE,53,2024-12-31T00:00:00,8.24,3.7275825,366,362,307,306,0.0,2024-01-01T00:00:00,30.858882352941183,Pavalangudi ko,"{""geodesic"":false,""type"":""Point"",""coordinates"":[79.33260327609787,11.629365089390296]}"
2183_0,0.5,0.062172092,0.63,0.49,8.06,0.08489535,163,4.21,86,0.296393,0.36,22.5,0.075411625,4.1,0.2327814,0.1383186,2.1258526394312183,0.81,-0.0,333,327,"7/9/24, 12:00 AM",CUDDALORE,83,2024-12-31T00:00:00,8.27,3.498318,379,385,288,288,0.0,2024-01-01T00:00:00,30.821411764705886,Kallur,"{""geodesic"":false,""type"":""Point"",""coordinates"":[79.06795959339625,11.484915991703877]}"
2184_0,0.5,0.154556,0.8,0.19,9.93,0.177744,173,3.73,152,0.348516,0.39,55,0.188436,4.1,0.359896,0.25584,-1.7572395407285542,0.41,180.0,321,318,"6/26/24, 12:00 AM",CUDDALORE,113,2024-12-31T00:00:00,8.05,3.43366,371,368,308,313,2.7802885,2024-01-01T00:00:00,30.846121212121208,Naraiyur S.,"{""geodesic"":false,""type"":""Point"",""coordinates"":[78.94021915999446,11.549325197575246]}"
2186_0,0.5,0.12617083,0.68,0.19,7.36,0.14302084,70,3.62,138,0.34732082,0.36,45.7,0.13201667,4.1,0.26184583,0.17811666,0.4194706946544384,0.71,90.0,325,325,"6/25/24, 12:00 AM",CUDDALORE,113,2024-12-31T00:00:00,8.06,3.3423345,356,353,319,322,0.9466006,2024-01-01T00:00:00,30.87309677419355,Naraiyur S.,"{""geodesic"":false,""type"":""Point"",""coordinates"":[78.94237511667635,11.557679529717559]}"
2187_0,0.5,0.12617083,0.54,0.25,10.15,0.14302084,192,5.18,180,0.34732082,0.27,41.6,0.13201667,8.3,0.26184583,0.17811666,0.4194706946544384,0.43,90.0,325,325,"6/25/24, 12:00 AM",CUDDALORE,113,2024-12-31T00:00:00,7.53,3.3423345,356,353,319,322,0.9466006,2024-01-01T00:00:00,30.87309677419355,Naraiyur S.,"{""geodesic"":false,""type"":""Point"",""coordinates"":[78.94237511667635,11.557679529717559]}"
2188_0,0.5,0.091304,0.63,0.66,10.06,0.104736,212,4.28,166,0.23252,0.33,60,0.103516,4.1,0.200912,0.143204,0.7071298218942982,0.4,270.0,326,324,"6/25/24, 12:00 AM",CUDDALORE,116,2024-12-31T00:00:00,7.67,3.3423345,365,365,309,311,0.9466119,2024-01-01T00:00:00,30.82254545454546,Naraiyur S.,"{""geodesic"":false,""type"":""Point"",""coordinates"":[78.93482926828975,11.561182959325624]}"
2189_0,0.5,0.079928,1.01,0.18,10.31,0.103328,63,4.12,131,0.31544,0.36,34,0.10488,8.3,0.24104801,0.163308,0.3707238338871096,0.75,45.58662,332,325,"6/21/24, 12:00 AM",CUDDALORE,110,2024-12-31T00:00:00,7.97,3.3751638,356,356,312,319,1.3250723,2024-01-01T00:00:00,30.887225806451614,Naraiyur S.,"{""geodesic"":false,""type"":""Point"",""coordinates"":[78.95099894340389,11.555793067620908]}"
2190_0,0.5,0.07198,0.65,0.16,8.24,0.095984004,94,4.08,124,0.25852,0.36,37.5,0.101495996,4.1,0.212936,0.148592,-1.4210391703444083,0.72,134.41333,332,325,"6/25/24, 12:00 AM",CUDDALORE,111,2024-12-31T00:00:00,8.04,3.3751638,356,356,312,319,3.969566,2024-01-01T00:00:00,30.87309677419355,Naraiyur S.,"{""geodesic"":false,""type"":""Point"",""coordinates"":[78.95045995423342,11.55633205679138]}"
2191_0,0.5,0.122415386,0.6,0.17,7.36,0.14145,70,3.41,131,0.26799616,0.27,52.5,0.16183077,4.1,0.30042693,0.24002308,2.1256287868359944,0.65,-0.0,318,309,"6/25/24, 12:00 AM",CUDDALORE,110,2024-12-31T00:00:00,8.1,3.43366,377,377,305,314,0.0,2024-01-01T00:00:00,30.846121212121208,Naraiyur S.,"{""geodesic"":false,""type"":""Point"",""coordinates"":[78.9480345029663,11.548786208404776]}"
2192_0,0.5,0.122415386,0.69,0.19,7.3,0.14145,94,7.08,138,0.26799616,0.3,37.5,0.16183077,4.1,0.30042693,0.24002308,2.1256287868359944,0.73,-0.0,318,309,"6/25/24, 12:00 AM",CUDDALORE,110,2024-12-31T00:00:00,8.09,3.43366,377,377,305,314,0.0,2024-01-01T00:00:00,30.846121212121208,Naraiyur S.,"{""geodesic"":false,""type"":""Point"",""coordinates"":[78.9480345029663,11.548786208404776]}"
2193_0,0.5,0.084329166,0.76,0.42,8.14,0.10095833,63,4.01,131,0.23634584,0.33,41.6,0.110162504,4.1,0.21935,0.15624583,1.3562411601888975,0.77,180.0,335,337,"6/25/24, 12:00 AM",CUDDALORE,116,2024-12-31T00:00:00,8.21,3.3423345,353,349,312,314,1.8543341,2024-01-01T00:00:00,30.82254545454546,Naraiyur S.,"{""geodesic"":false,""type"":""Point"",""coordinates"":[78.93914118165351,11.559835486399445]}"
2194_0,0.5,0.0965375,0.72,0.29,7.51,0.119383335,78,3.64,124,0.30847916,0.36,34.3,0.12065833,4.1,0.25737083,0.1777625,-0.658663189228822,0.76,180.0,335,337,"6/25/24, 12:00 AM",CUDDALORE,118,2024-12-31T00:00:00,8.23,3.3423345,353,349,312,314,0.92740995,2024-01-01T00:00:00,30.82254545454546,Naraiyur S.,"{""geodesic"":false,""type"":""Point"",""coordinates"":[78.94021915999446,11.55956599181421]}"
2195_0,0.5,0.10993023,0.79,0.18,7.65,0.13303256,221,5.63,111,0.31501162,0.3,53,0.13528837,4.1,0.2892279,0.21811396,-1.0155623433353462,0.69,314.41348,337,340,"7/5/24, 12:00 AM",CUDDALORE,105,2024-12-31T00:00:00,7.15,3.3331704,366,368,297,292,1.3250695,2024-01-01T00:00:00,30.83662857142857,Mangulam,"{""geodesic"":false,""type"":""Point"",""coordinates"":[79.01055724674102,11.554715089279965]}"
2196_0,0.5,0.062090475,0.65,0.18,7.29,0.08685,202,5.63,86,0.3039881,0.42,38,0.0753,4.1,0.23062856,0.14931667,0.37070706344414617,0.69,45.587074,327,331,"7/5/24, 12:00 AM",CUDDALORE,101,2024-12-31T00:00:00,7.04,3.3331704,365,369,308,300,1.325083,2024-01-01T00:00:00,30.756352941176466,Mangulam,"{""geodesic"":false,""type"":""Point"",""coordinates"":[79.0148691601048,11.560374475569917]}"
2197_0,0.5,0.062090475,0.75,0.16,9.86,0.08685,163,4.98,135,0.3039881,0.36,37.5,0.0753,4.1,0.23062856,0.14931667,0.37070706344414617,0.81,45.587074,327,331,"7/1/24, 12:00 AM",CUDDALORE,101,2024-12-31T00:00:00,6.92,3.3331704,365,369,308,300,1.325083,2024-01-01T00:00:00,30.756352941176466,Mangulam,"{""geodesic"":false,""type"":""Point"",""coordinates"":[79.0148691601048,11.560374475569917]}"
2198_0,0.1,0.1333841,0.67,0.2,10.21,0.14937955,154,4.57,104,0.3015841,0.33,50,0.16603863,8.3,0.29474318,0.22700682,1.4838157545192117,0.73,341.21008,325,329,"7/1/24, 12:00 AM",CUDDALORE,102,2024-12-31T00:00:00,7.16,3.3331704,361,363,314,308,2.9365356,2024-01-01T00:00:00,30.83662857142857,Mangulam,"{""geodesic"":false,""type"":""Point"",""coordinates"":[79.0110962359115,11.55687104596185]}"
2199_0,0.5,0.13454546,0.52,0.16,9.71,0.15622954,173,4.36,90,0.29617727,0.3,65.63,0.16864546,4.1,0.30415,0.23004319,2.978940363106424,0.65,-0.0,325,329,"7/1/24, 12:00 AM",CUDDALORE,101,2024-12-31T00:00:00,6.43,3.3331704,361,363,314,308,1.8543341,2024-01-01T00:00:00,30.83662857142857,Mangulam,"{""geodesic"":false,""type"":""Point"",""coordinates"":[79.0110962359115,11.557140540547087]}"
2200_0,0.5,0.11722558,0.65,0.21,9.24,0.14124186,154,4.98,121,0.31699303,0.39,52.5,0.14499302,4.1,0.29645348,0.22923023,2.637194649627559,0.76,-0.0,325,329,"7/1/24, 12:00 AM",CUDDALORE,103,2024-12-31T00:00:00,7.31,3.3331704,361,363,314,308,0.92740995,2024-01-01T00:00:00,30.83662857142857,Mangulam,"{""geodesic"":false,""type"":""Point"",""coordinates"":[79.01055724674102,11.556601551376616]}"
2201_0,0.5,0.11131951,0.63,0.2,9.86,0.13628536,173,4.91,97,0.3361561,0.3,71.8,0.12682195,4.1,0.26898292,0.18600488,1.8523313523941405,0.56,116.09774,350,349,"7/1/24, 12:00 AM",CUDDALORE,96,2024-12-31T00:00:00,6.75,3.3331704,356,357,293,294,2.1074443,2024-01-01T00:00:00,30.74617647058823,Mangulam,"{""geodesic"":false,""type"":""Point"",""coordinates"":[79.00947926840007,11.566572851030342]}"
2202_0,0.5,0.113912195,0.65,0.17,10.26,0.14012195,117,5.16,93,0.34943658,0.36,55,0.13970244,8.3,0.3089317,0.21081464,-1.015622055974069,0.73,314.41235,350,349,"7/1/24, 12:00 AM",CUDDALORE,98,2024-12-31T00:00:00,7.14,3.3331704,356,357,293,294,1.3250964,2024-01-01T00:00:00,30.74617647058823,Mangulam,"{""geodesic"":false,""type"":""Point"",""coordinates"":[79.01001825757055,11.565764367274634]}"
2203_0,0.5,0.09865,0.7,0.3,9.15,0.12399091,102,4.26,93,0.3023341,0.24,55,0.11524091,4.1,0.24313636,0.16577046,-2.2885107303388237,0.75,191.53781,324,326,"7/9/24, 12:00 AM",CUDDALORE,103,2024-12-31T00:00:00,6.55,3.3331704,365,365,311,308,4.722374,2024-01-01T00:00:00,30.84376470588235,Mangulam,"{""geodesic"":false,""type"":""Point"",""coordinates"":[79.00947926840007,11.557949024302795]}"
2204_0,0.5,0.08845,0.6,0.18,9.18,0.11012955,154,4.22,104,0.33133635,0.24,62,0.09944091,8.2,0.24753636,0.16041136,-1.9475268296989294,0.63,214.23392,324,326,"7/9/24, 12:00 AM",CUDDALORE,104,2024-12-31T00:00:00,6.22,3.3331704,365,365,311,308,3.3617017,2024-01-01T00:00:00,30.84376470588235,Mangulam,"{""geodesic"":false,""type"":""Point"",""coordinates"":[79.00974876298531,11.557949024302795]}"
2205_0,0.5,0.10817442,0.5,0.17,9.89,0.12847209,173,4.28,98,0.27246743,0.33,62,0.14372791,8.2,0.28017208,0.2016,-1.3721820745939592,0.53,270.0,318,321,"7/9/24, 12:00 AM",CUDDALORE,111,2024-12-31T00:00:00,6.75,3.3355167,374,374,308,305,1.8925817,2024-01-01T00:00:00,30.860060606060607,Mangulam,"{""geodesic"":false,""type"":""Point"",""coordinates"":[79.00058594708729,11.542587832944351]}"
2206_0,0.5,0.08694186,0.72,0.19,9.28,0.10731395,102,4.63,104,0.31011862,0.39,72,0.10022326,4.1,0.25181395,0.16742559,-2.275493264720386,0.81,142.56667,318,321,"7/9/24, 12:00 AM",CUDDALORE,110,2024-12-31T00:00:00,6.38,3.3355167,374,374,308,305,4.6618237,2024-01-01T00:00:00,30.860060606060607,Mangulam,"{""geodesic"":false,""type"":""Point"",""coordinates"":[79.00085544167253,11.542318338359115]}"
2207_0,0.5,0.12761904,0.59,0.29,8.65,0.14361429,192,3.9,93,0.3101738,0.33,37,0.1369119,4.1,0.25704762,0.19129762,0.4398827689729502,0.63,180.0,334,332,"7/8/24, 12:00 AM",CUDDALORE,83,2024-12-31T00:00:00,8.21,3.4490197,370,373,296,295,0.92740995,2024-01-01T00:00:00,30.80473684210526,Endal .Ja,"{""geodesic"":false,""type"":""Point"",""coordinates"":[79.06849858256673,11.578969601951192]}"
2208_0,0.5,0.11902558,0.75,0.44,7.21,0.13419768,63,4.65,90,0.31879535,0.3,22.5,0.12759303,4.1,0.24728605,0.17756046,-1.3518949303323726,0.75,180.0,340,347,"5/22/24, 12:00 AM",CUDDALORE,80,2024-12-31T00:00:00,6.91,3.4490197,379,378,280,275,1.8543341,2024-01-01T00:00:00,30.80473684210526,Endal .Ja,"{""geodesic"":false,""type"":""Point"",""coordinates"":[79.06957656090768,11.583281515314965]}"
2209_0,0.5,0.12644474,0.72,0.26,9.3,0.14257368,240,4.06,76,0.3111158,0.36,41.6,0.1624342,8.3,0.3130658,0.21515,-1.4799346006994851,0.86,243.90285,340,340,"6/3/24, 12:00 AM",CUDDALORE,84,2024-12-31T00:00:00,8.28,3.4490197,367,367,293,292,2.1074882,2024-01-01T00:00:00,30.881027027027027,Endal .Ja,"{""geodesic"":false,""type"":""Point"",""coordinates"":[79.07065453924861,11.57384920483171]}"
2210_0,0.5,0.154504,0.72,0.22,7.83,0.16525601,183,3.5,159,0.304504,0.33,22,0.166108,8.2,0.283816,0.216648,-1.0155105774180009,0.73,314.4145,344,338,"7/10/24, 12:00 AM",CUDDALORE,115,2024-12-31T00:00:00,8.15,3.469905,348,350,308,311,1.3250462,2024-01-01T00:00:00,30.84438709677419,Arasankudi,"{""geodesic"":false,""type"":""Point"",""coordinates"":[78.95638883510861,11.545013284211473]}"
2211_0,0.5,0.098096,0.62,0.22,8.01,0.118644,163,3.68,173,0.316628,0.27,25,0.109968,4.1,0.253504,0.173068,-1.47969092633141,0.68,243.89977,346,347,"7/10/24, 12:00 AM",CUDDALORE,118,2024-12-31T00:00:00,8.21,3.469905,344,340,309,313,2.1072576,2024-01-01T00:00:00,30.88377142857143,Arasankudi,"{""geodesic"":false,""type"":""Point"",""coordinates"":[78.96447367266569,11.535850468313454]}"
2212_0,0.5,0.1258381,0.72,0.15,11.56,0.14094286,202,4.78,118,0.3292,0.3,37.5,0.12881428,4.1,0.2815619,0.20258571,-1.6138750836552327,0.6,78.91145,318,323,"7/26/24, 12:00 AM",CUDDALORE,7,2024-12-31T00:00:00,6.08,4.2700086,327,320,355,356,4.81116,2024-01-01T00:00:00,30.72320000000001,Chinnakummatti,"{""geodesic"":false,""type"":""Point"",""coordinates"":[79.71798053298514,11.500546677647558]}"
2213_0,0.05,0.08310909,0.7,0.18,11.4,0.11440909,102,5.59,138,0.33072272,0.36,41.62,0.11511364,8.2,0.2944,0.21671818,-2.275382225270996,0.72,217.43109,316,314,"7/25/24, 12:00 AM",CUDDALORE,4,2024-12-31T00:00:00,6.09,4.2700086,318,312,367,374,4.661685,2024-01-01T00:00:00,30.761466666666657,Kothattai,"{""geodesic"":false,""type"":""Point"",""coordinates"":[79.72390941386033,11.519411298614067]}"
2214_0,0.05,0.09041818,0.86,0.16,11.22,0.124036364,106,5.65,128,0.36817273,0.39,36.25,0.12200909,8.2,0.30068183,0.22252274,1.0642045007237955,0.92,314.41968,328,333,"7/25/24, 12:00 AM",CUDDALORE,2,2024-12-31T00:00:00,5.46,4.356147,326,317,346,350,1.324924,2024-01-01T00:00:00,30.7173125,Ariyakoshti,"{""geodesic"":false,""type"":""Point"",""coordinates"":[79.73657565936641,11.494078807601896]}"
2215_0,0.05,0.08822105,0.63,0.15,11.26,0.11098421,94,5.76,121,0.2758895,0.39,34.27,0.1165,4.1,0.23770526,0.15371579,-1.4671467512708098,0.68,27.029718,289,314,"7/25/24, 12:00 AM",CUDDALORE,8,2024-12-31T00:00:00,5.97,4.2665224,340,328,371,358,2.0815291,2024-01-01T00:00:00,30.683172413793105,Ariyakoshti,"{""geodesic"":false,""type"":""Point"",""coordinates"":[79.6387491249258,11.464434403225953]}"
2216_0,0.05,0.13787825,0.68,0.15,11.52,0.16311304,117,5.68,111,0.29359564,0.36,28.11,0.16786522,4.1,0.31223914,0.23829131,0.7076025936402272,0.72,270.0,322,328,"7/25/24, 12:00 AM",CUDDALORE,2,2024-12-31T00:00:00,5.98,4.356147,321,314,357,357,0.94638264,2024-01-01T00:00:00,30.673199999999998,Ariyakoshti,"{""geodesic"":false,""type"":""Point"",""coordinates"":[79.72471789761603,11.493000829260954]}"
2217_0,0.5,0.112117395,0.72,0.56,9.02,0.13099565,193,4.21,145,0.2767826,0.3,57.5,0.1309,4.1,0.23628262,0.16163479,-1.7081861647086978,0.86,45.576443,314,333,"7/30/24, 12:00 AM",CUDDALORE,9,2024-12-31T00:00:00,6.72,4.2665224,343,335,343,333,2.6482494,2024-01-01T00:00:00,30.665642857142863,Budararayanpettai,"{""geodesic"":false,""type"":""Point"",""coordinates"":[79.62096248230023,11.455810576498404]}"
2218_0,0.5,0.099278264,0.72,0.58,8.38,0.12421739,183,4.32,152,0.29610434,0.27,50,0.13361305,4.1,0.2566261,0.16821739,-1.371618529838985,0.76,270.0,313,337,"7/30/24, 12:00 AM",CUDDALORE,10,2024-12-31T00:00:00,7.18,4.2665224,339,327,349,336,1.8920444,2024-01-01T00:00:00,30.68173333333333,Budararayanpettai,"{""geodesic"":false,""type"":""Point"",""coordinates"":[79.62796934151636,11.462547941129301]}"
2219_0,0.5,0.09305217,0.71,0.62,6.21,0.116213046,183,3.15,128,0.34927827,0.33,60,0.09351304,4.1,0.22526087,0.13588695,-2.1723213916448043,0.73,296.10678,276,296,"7/31/24, 12:00 AM",CUDDALORE,14,2024-12-31T00:00:00,8.28,4.4323535,354,344,370,360,4.207853,2024-01-01T00:00:00,30.61878571428571,Miralur,"{""geodesic"":false,""type"":""Point"",""coordinates"":[79.56625508149736,11.454463103572225]}"
2220_0,0.5,0.14958571,0.94,0.47,9.25,0.15789047,86,4.35,142,0.28466192,0.27,55,0.14704286,4.1,0.22767143,0.1561619,-1.8277984713854563,0.92,108.091324,261,275,"8/1/24, 12:00 AM",CUDDALORE,17,2024-12-31T00:00:00,8.41,4.4323535,377,367,362,358,2.984075,2024-01-01T00:00:00,30.578500000000002,Miralur,"{""geodesic"":false,""type"":""Point"",""coordinates"":[79.55143287930939,11.464434403225953]}"
2221_0,0.63,0.134325,1.05,0.4,9.31,0.1609,212,4.11,190,0.34097,0.36,45.5,0.17252,8.3,0.336185,0.26472,-2.4704743583684867,0.5,270.0,295,314,"7/26/24, 12:00 AM",CUDDALORE,9,2024-12-31T00:00:00,7.36,4.262888,347,330,357,356,5.6604033,2024-01-01T00:00:00,30.753733333333333,Sendirakillai,"{""geodesic"":false,""type"":""Point"",""coordinates"":[79.69291753655821,11.49704324803949]}"
2222_0,0.5,0.11236,0.72,0.58,11.64,0.13628,212,0.72,190,0.34288,0.33,45.8,0.134495,4.1,0.290635,0.21036,-1.0841803854843433,0.72,270.0,286,303,"7/24/24, 12:00 AM",CUDDALORE,6,2024-12-31T00:00:00,7.12,4.262888,331,317,383,380,2.8371243,2024-01-01T00:00:00,30.753733333333333,Sendirakillai,"{""geodesic"":false,""type"":""Point"",""coordinates"":[79.69264804197297,11.49704324803949]}"
2223_0,0.5,0.134325,0.72,0.42,11.09,0.1609,240,0.6,207,0.34097,0.33,37.5,0.17252,4.1,0.336185,0.26472,-2.4704743583684867,0.6,270.0,295,314,"7/24/24, 12:00 AM",CUDDALORE,9,2024-12-31T00:00:00,7.21,4.262888,347,330,357,356,5.6604033,2024-01-01T00:00:00,30.753733333333333,Sendirakillai,"{""geodesic"":false,""type"":""Point"",""coordinates"":[79.69291753655821,11.49704324803949]}"
2224_0,0.5,0.134325,0.69,0.19,6.24,0.1609,163,3.1,156,0.34097,0.27,31.2,0.17252,8.3,0.336185,0.26472,-2.4704743583684867,0.75,270.0,295,314,"7/23/24, 12:00 AM",CUDDALORE,9,2024-12-31T00:00:00,7.8,4.262888,347,330,357,356,5.6604033,2024-01-01T00:00:00,30.753733333333333,Sendirakillai,"{""geodesic"":false,""type"":""Point"",""coordinates"":[79.69291753655821,11.49704324803949]}"
2225_0,0.5,0.134325,0.8,0.22,8.15,0.1609,260,3.95,173,0.34097,0.36,50,0.17252,4.1,0.336185,0.26472,-2.4704743583684867,0.89,270.0,295,314,"7/23/24, 12:00 AM",CUDDALORE,9,2024-12-31T00:00:00,7.4,4.262888,347,330,357,356,5.6604033,2024-01-01T00:00:00,30.753733333333333,Sendirakillai,"{""geodesic"":false,""type"":""Point"",""coordinates"":[79.69291753655821,11.49704324803949]}"
2226_0,0.5,0.134325,0.81,0.33,9.31,0.1609,163,4.21,180,0.34097,0.27,28,0.17252,4.1,0.336185,0.26472,-2.4704743583684867,0.76,270.0,295,314,"7/23/24, 12:00 AM",CUDDALORE,9,2024-12-31T00:00:00,7.18,4.262888,347,330,357,356,5.6604033,2024-01-01T00:00:00,30.753733333333333,Sendirakillai,"{""geodesic"":false,""type"":""Point"",""coordinates"":[79.69291753655821,11.49704324803949]}"
2227_0,0.5,0.134325,1.06,0.42,9.36,0.1609,212,5.25,183,0.34097,0.39,31,0.17252,4.1,0.336185,0.26472,-2.4704743583684867,0.82,270.0,295,314,"7/23/24, 12:00 AM",CUDDALORE,9,2024-12-31T00:00:00,7.45,4.262888,347,330,357,356,5.6604033,2024-01-01T00:00:00,30.753733333333333,Sendirakillai,"{""geodesic"":false,""type"":""Point"",""coordinates"":[79.69291753655821,11.49704324803949]}"
2228_0,0.5,0.134325,0.65,0.54,10.21,0.1609,202,5.15,183,0.34097,0.33,41.5,0.17252,8.3,0.336185,0.26472,-2.4704743583684867,0.75,270.0,295,314,"7/23/24, 12:00 AM",CUDDALORE,9,2024-12-31T00:00:00,7.56,4.262888,347,330,357,356,5.6604033,2024-01-01T00:00:00,30.753733333333333,Sendirakillai,"{""geodesic"":false,""type"":""Point"",""coordinates"":[79.69291753655821,11.49704324803949]}"
2229_0,0.5,0.134325,0.91,0.44,10.36,0.1609,154,5.28,187,0.34097,0.3,37.5,0.17252,4.1,0.336185,0.26472,-2.4704743583684867,0.63,270.0,295,314,"7/23/24, 12:00 AM",CUDDALORE,9,2024-12-31T00:00:00,7.69,4.262888,347,330,357,356,5.6604033,2024-01-01T00:00:00,30.753733333333333,Sendirakillai,"{""geodesic"":false,""type"":""Point"",""coordinates"":[79.69291753655821,11.49704324803949]}"
2230_0,0.5,0.06017143,0.7,0.42,9.88,0.08680476,231,4.71,173,0.23072381,0.33,58.5,0.082504764,4.1,0.19785714,0.12402381,-1.3514061061459597,0.81,-0.0,289,312,"7/30/24, 12:00 AM",CUDDALORE,14,2024-12-31T00:00:00,7.5,4.3748055,335,323,376,365,1.8543341,2024-01-01T00:00:00,30.573199999999996,Azhichikudi,"{""geodesic"":false,""type"":""Point"",""coordinates"":[79.59724695879947,11.44314433099232]}"
2231_0,0.5,0.085043475,0.68,0.35,10.12,0.11007826,250,4.96,183,0.29556522,0.36,55,0.10473913,8.2,0.28876957,0.18327826,-1.015007842418664,0.72,314.42413,293,309,"7/30/24, 12:00 AM",CUDDALORE,13,2024-12-31T00:00:00,7.62,4.3748055,346,341,361,350,1.3248183,2024-01-01T00:00:00,30.582689655172416,Azhichikudi,"{""geodesic"":false,""type"":""Point"",""coordinates"":[79.59104858333906,11.449881695623215]}"
2232_0,0.5,0.08444286,0.63,0.36,9.32,0.1097,240,4.19,194,0.3122905,0.3,50,0.10297143,4.1,0.25456667,0.16093333,-1.4791305034290283,0.81,243.89267,297,324,"7/30/24, 12:00 AM",CUDDALORE,12,2024-12-31T00:00:00,7.77,4.3748055,350,336,353,340,2.1067255,2024-01-01T00:00:00,30.573199999999996,Azhichikudi,"{""geodesic"":false,""type"":""Point"",""coordinates"":[79.59697746421425,11.447456244356093]}"
2233_0,0.5,0.08444286,0.74,0.4,9.25,0.1097,212,4.64,158,0.3122905,0.36,69,0.10297143,8.3,0.25456667,0.16093333,-1.4791305034290283,1.08,243.89267,297,324,"7/30/24, 12:00 AM",CUDDALORE,12,2024-12-31T00:00:00,7.6,4.3748055,350,336,353,340,2.1067255,2024-01-01T00:00:00,30.573199999999996,Azhichikudi,"{""geodesic"":false,""type"":""Point"",""coordinates"":[79.59697746421425,11.447456244356093]}"
2234_0,0.5,0.09652,0.81,0.18,9.36,0.121735,212,4.16,152,0.272655,0.36,34.7,0.128825,8.3,0.239095,0.17138,-1.0839304937714511,0.91,90.0,319,326,"8/1/24, 12:00 AM",CUDDALORE,5,2024-12-31T00:00:00,7.03,4.262888,325,317,356,357,2.83677,2024-01-01T00:00:00,30.576000000000008,B.Adhivaraganallur,"{""geodesic"":false,""type"":""Point"",""coordinates"":[79.68510219358637,11.461739457373593]}"
2235_0,0.5,0.10120952,0.79,0.2,9.24,0.1230381,183,4.32,149,0.2816857,0.33,41.6,0.12504286,8.3,0.24595238,0.17177142,-0.78607366994732,0.86,116.10617,319,326,"8/1/24, 12:00 AM",CUDDALORE,6,2024-12-31T00:00:00,7.5,4.262888,325,317,356,357,2.1068122,2024-01-01T00:00:00,30.576000000000008,B.Adhivaraganallur,"{""geodesic"":false,""type"":""Point"",""coordinates"":[79.68510219358637,11.462008951958829]}"
2236_0,0.5,0.09652,0.75,0.15,8.42,0.121735,183,4.21,135,0.272655,0.33,34.7,0.128825,8.3,0.239095,0.17138,-1.0839304937714511,0.86,90.0,319,326,"8/1/24, 12:00 AM",CUDDALORE,5,2024-12-31T00:00:00,7.51,4.262888,325,317,356,357,2.83677,2024-01-01T00:00:00,30.576000000000008,B.Adhivaraganallur,"{""geodesic"":false,""type"":""Point"",""coordinates"":[79.68510219358637,11.461739457373593]}"
2237_0,0.5,0.134865,0.79,0.17,8.31,0.16272,212,3.91,166,0.35503,0.33,41.6,0.181045,4.1,0.336395,0.24225,1.5044296886822675,0.85,251.90854,319,326,"7/27/24, 12:00 AM",CUDDALORE,4,2024-12-31T00:00:00,7.3,4.262888,325,317,356,357,2.9840539,2024-01-01T00:00:00,30.576000000000008,B.Adhivaraganallur,"{""geodesic"":false,""type"":""Point"",""coordinates"":[79.6845632044159,11.462278446544065]}"
